1	22 
2	18 
3	16 
4	4 
5	8 
6	29 
7	5 
8	2 
9	23 
10	9 
11	29 
12	9 
13	21 
14	9 
15	17 
16	23 
17	3 
18	2 
19	27 
20	11 
21	11 
22	27 
23	5 
24	29 
25	18 
26	1 
27	27 
28	20 
29	11 
30	31 
31	5 
32	31 
33	4 
34	27 
35	14 
36	29 
37	26 
38	15 
39	10 
40	30 
41	10 
42	30 
43	16 
44	28 
45	10 
46	12 
47	30 
48	28 
49	5 
50	15 
51	23 
52	5 
53	10 
54	5 
55	27 
56	16 
57	27 
58	10 
59	13 
60	5 
61	25 
62	23 
63	18 
64	15 
65	26 
66	9 
67	24 
68	6 
69	31 
70	3 
71	31 
72	1 
73	22 
74	28 
75	19 
76	29 
77	14 
78	31 
79	7 
80	20 
81	16 
82	31 
83	12 
84	4 
85	27 
86	9 
87	8 
88	30 
89	1 
90	15 
91	19 
92	4 
93	21 
94	27 
95	27 
96	2 
97	29 
98	7 
99	4 
100	4 
101	23 
102	20 
103	10 
104	6 
105	28 
106	25 
107	29 
108	16 
109	23 
110	27 
111	4 
112	25 
113	29 
114	15 
115	7 
116	15 
117	28 
118	22 
119	31 
120	1 
121	29 
122	23 
123	20 
124	9 
125	3 
126	5 
127	22 
128	12 
129	27 
130	4 
131	10 
132	20 
133	12 
134	14 
135	20 
136	3 
137	17 
138	29 
139	27 
140	27 
141	16 
142	7 
143	3 
144	2 
145	25 
146	22 
147	9 
148	27 
149	32 
150	25 
151	30 
152	4 
153	26 
154	5 
155	6 
156	5 
157	26 
158	13 
159	13 
160	30 
161	30 
162	10 
163	28 
164	27 
165	32 
166	10 
167	5 
168	11 
169	4 
170	31 
171	10 
172	32 
173	13 
174	32 
175	19 
176	5 
177	5 
178	18 
179	13 
180	26 
181	19 
182	5 
183	5 
184	6 
185	26 
186	32 
187	24 
188	25 
189	9 
190	16 
191	20 
192	12 
193	30 
194	6 
195	17 
196	11 
197	9 
198	6 
199	16 
200	9 
201	31 
202	16 
203	5 
204	1 
205	17 
206	15 
207	28 
208	14 
209	5 
210	13 
211	4 
212	7 
213	10 
214	13 
215	2 
216	32 
217	5 
218	17 
219	31 
220	9 
221	19 
222	6 
223	20 
224	11 
225	30 
226	19 
227	1 
228	10 
229	27 
230	28 
231	11 
232	22 
233	7 
234	3 
235	9 
236	20 
237	29 
238	3 
239	4 
240	25 
241	6 
242	16 
243	11 
244	22 
245	13 
246	16 
247	29 
248	7 
249	31 
250	23 
251	7 
252	31 
253	24 
254	1 
255	10 
256	19 
257	17 
258	25 
259	1 
260	23 
261	27 
262	5 
263	30 
264	5 
265	3 
266	18 
267	30 
268	23 
269	30 
270	24 
271	32 
272	29 
273	25 
274	28 
275	14 
276	6 
277	26 
278	15 
279	24 
280	25 
281	32 
282	25 
283	9 
284	10 
285	3 
286	5 
287	11 
288	13 
289	13 
290	10 
291	30 
292	9 
293	23 
294	4 
295	1 
296	18 
297	5 
298	9 
299	14 
300	1 
301	9 
302	20 
303	18 
304	3 
305	4 
306	22 
307	4 
308	3 
309	9 
310	11 
311	11 
312	32 
313	27 
314	8 
315	19 
316	10 
317	21 
318	4 
319	12 
320	20 
321	7 
322	14 
323	22 
324	13 
325	13 
326	25 
327	23 
328	21 
329	32 
330	29 
331	23 
332	15 
333	27 
334	18 
335	12 
336	25 
337	3 
338	28 
339	7 
340	13 
341	20 
342	28 
343	6 
344	4 
345	19 
346	12 
347	2 
348	24 
349	29 
350	32 
351	18 
352	16 
353	20 
354	23 
355	20 
356	16 
357	1 
358	17 
359	6 
360	15 
361	25 
362	28 
363	32 
364	18 
365	8 
366	4 
367	17 
368	26 
369	3 
370	19 
371	27 
372	26 
373	3 
374	31 
375	8 
376	31 
377	26 
378	1 
379	10 
380	6 
381	27 
382	5 
383	28 
384	20 
385	10 
386	23 
387	6 
388	27 
389	8 
390	27 
391	13 
392	9 
393	7 
394	14 
395	22 
396	18 
397	15 
398	5 
399	10 
400	4 
401	8 
402	6 
403	27 
404	21 
405	21 
406	14 
407	21 
408	18 
409	25 
410	16 
411	19 
412	3 
413	15 
414	27 
415	20 
416	20 
417	2 
418	23 
419	25 
420	12 
421	17 
422	3 
423	28 
424	16 
425	22 
426	16 
427	28 
428	32 
429	18 
430	18 
431	27 
432	3 
433	29 
434	8 
435	3 
436	19 
437	24 
438	25 
439	8 
440	17 
441	5 
442	10 
443	3 
444	3 
445	2 
446	19 
447	31 
448	19 
449	12 
450	20 
451	3 
452	2 
453	22 
454	31 
455	5 
456	5 
457	20 
458	16 
459	9 
460	20 
461	13 
462	4 
463	13 
464	3 
465	31 
466	17 
467	21 
468	8 
469	13 
470	12 
471	28 
472	25 
473	32 
474	10 
475	7 
476	1 
477	27 
478	5 
479	29 
480	19 
481	13 
482	32 
483	11 
484	4 
485	5 
486	31 
487	17 
488	4 
489	17 
490	20 
491	19 
492	27 
493	6 
494	17 
495	11 
496	22 
497	18 
498	31 
499	17 
500	32 
501	32 
502	5 
503	2 
504	11 
505	30 
506	26 
507	13 
508	5 
509	3 
510	4 
511	19 
512	31 
513	21 
514	16 
515	28 
516	27 
517	6 
518	8 
519	3 
520	8 
521	32 
522	28 
523	14 
524	9 
525	16 
526	5 
527	10 
528	4 
529	30 
530	16 
531	18 
532	27 
533	26 
534	4 
535	14 
536	20 
537	27 
538	21 
539	27 
540	5 
541	13 
542	29 
543	25 
544	25 
545	29 
546	1 
547	21 
548	32 
549	4 
550	27 
551	28 
552	5 
553	22 
554	3 
555	20 
556	9 
557	1 
558	1 
559	10 
560	19 
561	22 
562	26 
563	10 
564	7 
565	6 
566	4 
567	2 
568	7 
569	17 
570	3 
571	3 
572	15 
573	30 
574	11 
575	17 
576	22 
577	2 
578	12 
579	21 
580	15 
581	29 
582	26 
583	26 
584	29 
585	10 
586	12 
587	28 
588	2 
589	25 
590	31 
591	3 
592	13 
593	25 
594	23 
595	4 
596	22 
597	1 
598	21 
599	9 
600	28 
601	20 
602	7 
603	10 
604	13 
605	4 
606	29 
607	2 
608	16 
609	27 
610	18 
611	18 
612	26 
613	3 
614	2 
615	10 
616	25 
617	20 
618	4 
619	20 
620	19 
621	22 
622	30 
623	24 
624	16 
625	3 
626	24 
627	16 
628	4 
629	27 
630	30 
631	24 
632	8 
633	5 
634	1 
635	26 
636	30 
637	13 
638	8 
639	24 
640	5 
641	27 
642	12 
643	29 
644	25 
645	18 
646	19 
647	13 
648	25 
649	6 
650	10 
651	21 
652	14 
653	12 
654	32 
655	22 
656	4 
657	11 
658	13 
659	5 
660	20 
661	11 
662	10 
663	23 
664	20 
665	19 
666	7 
667	14 
668	17 
669	15 
670	17 
671	21 
672	31 
673	21 
674	8 
675	30 
676	16 
677	31 
678	5 
679	7 
680	4 
681	8 
682	3 
683	24 
684	1 
685	5 
686	16 
687	8 
688	20 
689	20 
690	30 
691	10 
692	13 
693	22 
694	31 
695	3 
696	31 
697	20 
698	32 
699	20 
700	28 
701	30 
702	28 
703	15 
704	1 
705	25 
706	3 
707	13 
708	9 
709	14 
710	25 
711	8 
712	19 
713	30 
714	6 
715	2 
716	16 
717	1 
718	27 
719	24 
720	27 
721	16 
722	20 
723	30 
724	23 
725	30 
726	7 
727	18 
728	17 
729	18 
730	4 
731	25 
732	31 
733	3 
734	23 
735	3 
736	11 
737	1 
738	27 
739	22 
740	28 
741	32 
742	20 
743	30 
744	23 
745	9 
746	19 
747	23 
748	24 
749	23 
750	28 
751	14 
752	32 
753	10 
754	17 
755	7 
756	3 
757	25 
758	31 
759	12 
760	17 
761	31 
762	21 
763	15 
764	20 
765	6 
766	18 
767	27 
768	31 
769	6 
770	27 
771	28 
772	13 
773	13 
774	20 
775	14 
776	9 
777	25 
778	23 
779	17 
780	5 
781	17 
782	13 
783	11 
784	25 
785	17 
786	27 
787	5 
788	12 
789	32 
790	20 
791	5 
792	24 
793	25 
794	30 
795	32 
796	31 
797	7 
798	24 
799	22 
800	20 
801	1 
802	10 
803	15 
804	26 
805	23 
806	15 
807	10 
808	19 
809	24 
810	27 
811	26 
812	19 
813	10 
814	4 
815	25 
816	13 
817	6 
818	12 
819	14 
820	13 
821	17 
822	24 
823	14 
824	31 
825	6 
826	25 
827	31 
828	25 
829	25 
830	17 
831	14 
832	14 
833	29 
834	18 
835	5 
836	18 
837	9 
838	23 
839	3 
840	6 
841	32 
842	4 
843	24 
844	13 
845	20 
846	24 
847	23 
848	4 
849	6 
850	13 
851	14 
852	16 
853	10 
854	22 
855	31 
856	26 
857	25 
858	3 
859	20 
860	5 
861	25 
862	29 
863	32 
864	29 
865	3 
866	10 
867	26 
868	18 
869	13 
870	9 
871	3 
872	13 
873	1 
874	18 
875	11 
876	25 
877	29 
878	25 
879	31 
880	23 
881	6 
882	18 
883	25 
884	18 
885	31 
886	30 
887	3 
888	19 
889	24 
890	19 
891	20 
892	22 
893	13 
894	7 
895	5 
896	15 
897	9 
898	13 
899	30 
900	32 
901	22 
902	27 
903	28 
904	23 
905	3 
906	13 
907	28 
908	3 
909	17 
910	11 
911	22 
912	5 
913	14 
914	7 
915	4 
916	4 
917	11 
918	25 
919	7 
920	18 
921	15 
922	10 
923	13 
924	22 
925	22 
926	27 
927	15 
928	25 
929	16 
930	25 
931	3 
932	23 
933	30 
934	6 
935	31 
936	23 
937	17 
938	30 
939	15 
940	9 
941	10 
942	10 
943	20 
944	25 
945	15 
946	28 
947	22 
948	23 
949	13 
950	22 
951	13 
952	20 
953	19 
954	30 
955	10 
956	9 
957	9 
958	5 
959	17 
960	10 
961	16 
962	30 
963	29 
964	25 
965	28 
966	30 
967	13 
968	10 
969	19 
970	1 
971	25 
972	20 
973	1 
974	23 
975	13 
976	28 
977	18 
978	25 
979	4 
980	30 
981	17 
982	20 
983	31 
984	20 
985	4 
986	17 
987	4 
988	18 
989	23 
990	27 
991	23 
992	13 
993	5 
994	5 
995	19 
996	22 
997	4 
998	27 
999	27 
1000	19 
