1	30 
2	24 
3	24 
4	22 
5	1 
6	15 
7	16 
8	18 
9	34 
10	14 
11	26 
12	14 
13	22 
14	10 
15	8 
16	24 
17	30 
18	14 
19	8 
20	11 
21	16 
22	2 
23	4 
24	8 
25	24 
26	20 
27	19 
28	1 
29	27 
30	19 
31	8 
32	31 
33	31 
34	34 
35	22 
36	18 
37	12 
38	14 
39	30 
40	23 
41	28 
42	9 
43	12 
44	2 
45	5 
46	29 
47	18 
48	19 
49	19 
50	4 
51	26 
52	7 
53	16 
54	10 
55	13 
56	32 
57	10 
58	12 
59	22 
60	25 
61	22 
62	9 
63	29 
64	23 
65	23 
66	5 
67	10 
68	14 
69	18 
70	34 
71	17 
72	7 
73	8 
74	11 
75	26 
76	17 
77	7 
78	11 
79	15 
80	22 
81	18 
82	28 
83	28 
84	31 
85	27 
86	18 
87	30 
88	23 
89	26 
90	16 
91	6 
92	5 
93	19 
94	17 
95	15 
96	26 
97	32 
98	7 
99	2 
100	9 
101	30 
102	25 
103	16 
104	30 
105	17 
106	10 
107	32 
108	27 
109	34 
110	18 
111	2 
112	1 
113	8 
114	12 
115	26 
116	24 
117	23 
118	23 
119	14 
120	21 
121	15 
122	22 
123	16 
124	24 
125	11 
126	18 
127	12 
128	19 
129	17 
130	5 
131	2 
132	22 
133	14 
134	26 
135	5 
136	14 
137	23 
138	5 
139	2 
140	12 
141	19 
142	8 
143	7 
144	34 
145	21 
146	12 
147	9 
148	18 
149	15 
150	17 
151	21 
152	28 
153	22 
154	21 
155	26 
156	4 
157	30 
158	21 
159	14 
160	29 
161	27 
162	19 
163	32 
164	25 
165	31 
166	10 
167	13 
168	9 
169	13 
170	26 
171	14 
172	32 
173	6 
174	6 
175	17 
176	20 
177	4 
178	22 
179	16 
180	19 
181	24 
182	15 
183	33 
184	22 
185	33 
186	17 
187	33 
188	16 
189	23 
190	30 
191	20 
192	3 
193	23 
194	3 
195	28 
196	33 
197	22 
198	24 
199	10 
200	20 
201	25 
202	26 
203	1 
204	8 
205	11 
206	23 
207	6 
208	27 
209	8 
210	4 
211	3 
212	2 
213	33 
214	27 
215	19 
216	4 
217	27 
218	16 
219	20 
220	22 
221	14 
222	15 
223	32 
224	25 
225	15 
226	7 
227	9 
228	9 
229	30 
230	21 
231	18 
232	29 
233	12 
234	32 
235	27 
236	24 
237	18 
238	23 
239	10 
240	30 
241	9 
242	6 
243	22 
244	30 
245	30 
246	21 
247	24 
248	8 
249	21 
250	15 
251	24 
252	6 
253	22 
254	8 
255	34 
256	31 
257	27 
258	2 
259	8 
260	23 
261	8 
262	17 
263	33 
264	27 
265	14 
266	5 
267	31 
268	26 
269	7 
270	15 
271	29 
272	3 
273	12 
274	8 
275	3 
276	4 
277	5 
278	4 
279	34 
280	30 
281	30 
282	26 
283	16 
284	24 
285	31 
286	19 
287	11 
288	27 
289	21 
290	1 
291	27 
292	1 
293	2 
294	5 
295	12 
296	23 
297	30 
298	22 
299	19 
300	22 
301	13 
302	16 
303	14 
304	2 
305	24 
306	15 
307	25 
308	14 
309	34 
310	31 
311	15 
312	30 
313	24 
314	29 
315	14 
316	3 
317	2 
318	13 
319	6 
320	21 
321	12 
322	2 
323	28 
324	2 
325	19 
326	9 
327	10 
328	25 
329	14 
330	12 
331	17 
332	25 
333	1 
334	34 
335	18 
336	17 
337	27 
338	29 
339	24 
340	4 
341	27 
342	12 
343	12 
344	14 
345	18 
346	17 
347	21 
348	33 
349	28 
350	17 
351	8 
352	22 
353	12 
354	16 
355	1 
356	27 
357	2 
358	34 
359	15 
360	16 
361	8 
362	21 
363	19 
364	28 
365	29 
366	12 
367	21 
368	34 
369	11 
370	34 
371	31 
372	10 
373	18 
374	33 
375	25 
376	29 
377	12 
378	1 
379	24 
380	4 
381	8 
382	19 
383	3 
384	12 
385	1 
386	17 
387	23 
388	11 
389	32 
390	29 
391	15 
392	2 
393	19 
394	22 
395	18 
396	3 
397	27 
398	7 
399	14 
400	20 
401	19 
402	15 
403	16 
404	12 
405	28 
406	17 
407	12 
408	12 
409	11 
410	3 
411	19 
412	12 
413	2 
414	9 
415	34 
416	30 
417	29 
418	26 
419	15 
420	34 
421	30 
422	12 
423	6 
424	24 
425	31 
426	18 
427	25 
428	6 
429	8 
430	20 
431	6 
432	5 
433	12 
434	8 
435	5 
436	11 
437	11 
438	6 
439	23 
440	22 
441	31 
442	17 
443	29 
444	23 
445	19 
446	3 
447	32 
448	14 
449	19 
450	12 
451	27 
452	19 
453	22 
454	31 
455	34 
456	2 
457	1 
458	24 
459	25 
460	28 
461	17 
462	9 
463	28 
464	3 
465	12 
466	20 
467	29 
468	34 
469	20 
470	6 
471	20 
472	1 
473	24 
474	29 
475	7 
476	34 
477	1 
478	22 
479	16 
480	34 
481	3 
482	17 
483	19 
484	17 
485	17 
486	22 
487	27 
488	12 
489	32 
490	6 
491	31 
492	33 
493	32 
494	2 
495	33 
496	17 
497	19 
498	21 
499	27 
500	13 
501	30 
502	18 
503	27 
504	7 
505	13 
506	13 
507	33 
508	34 
509	13 
510	3 
511	30 
512	24 
513	23 
514	24 
515	6 
516	26 
517	19 
518	24 
519	22 
520	7 
521	28 
522	27 
523	5 
524	9 
525	31 
526	4 
527	26 
528	32 
529	13 
530	22 
531	28 
532	20 
533	25 
534	17 
535	7 
536	27 
537	15 
538	28 
539	3 
540	13 
541	13 
542	19 
543	7 
544	30 
545	14 
546	24 
547	10 
548	5 
549	12 
550	15 
551	21 
552	17 
553	8 
554	9 
555	8 
556	20 
557	24 
558	5 
559	11 
560	7 
561	19 
562	10 
563	32 
564	6 
565	28 
566	19 
567	11 
568	22 
569	11 
570	12 
571	18 
572	33 
573	32 
574	30 
575	27 
576	6 
577	24 
578	1 
579	18 
580	9 
581	22 
582	4 
583	8 
584	25 
585	3 
586	8 
587	26 
588	24 
589	17 
590	16 
591	14 
592	4 
593	26 
594	30 
595	10 
596	10 
597	15 
598	24 
599	14 
600	16 
601	8 
602	2 
603	13 
604	19 
605	13 
606	12 
607	22 
608	18 
609	4 
610	15 
611	11 
612	18 
613	24 
614	34 
615	18 
616	17 
617	24 
618	8 
619	5 
620	17 
621	27 
622	34 
623	17 
624	14 
625	9 
626	8 
627	6 
628	24 
629	1 
630	8 
631	21 
632	19 
633	18 
634	11 
635	22 
636	16 
637	21 
638	12 
639	5 
640	19 
641	19 
642	22 
643	19 
644	25 
645	18 
646	19 
647	9 
648	22 
649	18 
650	34 
651	2 
652	6 
653	16 
654	15 
655	17 
656	22 
657	24 
658	18 
659	8 
660	17 
661	18 
662	16 
663	20 
664	18 
665	33 
666	29 
667	16 
668	2 
669	14 
670	7 
671	22 
672	10 
673	19 
674	19 
675	28 
676	6 
677	3 
678	15 
679	22 
680	12 
681	23 
682	20 
683	17 
684	28 
685	6 
686	14 
687	17 
688	19 
689	4 
690	7 
691	20 
692	5 
693	24 
694	25 
695	33 
696	26 
697	34 
698	24 
699	6 
700	4 
701	24 
702	31 
703	33 
704	26 
705	17 
706	7 
707	19 
708	18 
709	22 
710	29 
711	14 
712	8 
713	18 
714	16 
715	5 
716	10 
717	3 
718	3 
719	20 
720	31 
721	26 
722	22 
723	33 
724	24 
725	11 
726	6 
727	16 
728	21 
729	13 
730	22 
731	13 
732	30 
733	1 
734	26 
735	2 
736	30 
737	34 
738	13 
739	8 
740	16 
741	30 
742	18 
743	32 
744	18 
745	22 
746	26 
747	24 
748	24 
749	16 
750	5 
751	33 
752	26 
753	17 
754	22 
755	3 
756	32 
757	14 
758	3 
759	28 
760	17 
761	34 
762	30 
763	26 
764	30 
765	2 
766	16 
767	16 
768	34 
769	14 
770	19 
771	1 
772	24 
773	17 
774	10 
775	28 
776	2 
777	30 
778	22 
779	33 
780	4 
781	23 
782	1 
783	26 
784	32 
785	24 
786	16 
787	19 
788	4 
789	8 
790	25 
791	12 
792	16 
793	14 
794	30 
795	12 
796	7 
797	22 
798	1 
799	28 
800	20 
801	3 
802	8 
803	18 
804	8 
805	8 
806	17 
807	2 
808	22 
809	24 
810	24 
811	27 
812	30 
813	5 
814	15 
815	17 
816	22 
817	2 
818	3 
819	7 
820	34 
821	27 
822	3 
823	21 
824	19 
825	25 
826	5 
827	33 
828	12 
829	13 
830	27 
831	26 
832	34 
833	17 
834	25 
835	25 
836	16 
837	16 
838	6 
839	15 
840	8 
841	26 
842	25 
843	5 
844	17 
845	4 
846	34 
847	23 
848	28 
849	3 
850	8 
851	19 
852	19 
853	28 
854	3 
855	23 
856	17 
857	19 
858	8 
859	18 
860	6 
861	17 
862	15 
863	30 
864	12 
865	8 
866	6 
867	17 
868	23 
869	13 
870	1 
871	24 
872	6 
873	26 
874	34 
875	17 
876	15 
877	22 
878	22 
879	24 
880	22 
881	1 
882	13 
883	4 
884	34 
885	18 
886	21 
887	15 
888	3 
889	34 
890	22 
891	8 
892	17 
893	2 
894	30 
895	8 
896	27 
897	13 
898	30 
899	18 
900	27 
901	8 
902	27 
903	13 
904	3 
905	21 
906	2 
907	18 
908	25 
909	24 
910	16 
911	1 
912	8 
913	18 
914	17 
915	3 
916	24 
917	22 
918	12 
919	8 
920	5 
921	2 
922	25 
923	14 
924	5 
925	24 
926	16 
927	27 
928	3 
929	24 
930	28 
931	21 
932	18 
933	25 
934	3 
935	8 
936	34 
937	26 
938	15 
939	23 
940	12 
941	2 
942	6 
943	18 
944	17 
945	34 
946	24 
947	8 
948	27 
949	28 
950	18 
951	18 
952	34 
953	16 
954	17 
955	25 
956	25 
957	34 
958	27 
959	8 
960	26 
961	26 
962	15 
963	25 
964	22 
965	13 
966	8 
967	30 
968	1 
969	13 
970	30 
971	3 
972	8 
973	8 
974	1 
975	19 
976	1 
977	13 
978	18 
979	15 
980	27 
981	16 
982	27 
983	8 
984	13 
985	3 
986	22 
987	3 
988	1 
989	26 
990	5 
991	5 
992	13 
993	16 
994	26 
995	5 
996	24 
997	3 
998	12 
999	30 
1000	6 
