1	970
1	999
2	983
2	996
3	909
3	946
3	983
6	973
9	952
10	923
11	993
11	994
12	793
12	805
13	964
13	974
14	774
15	983
16	961
16	996
17	967
17	987
17	999
18	906
18	923
18	955
19	912
19	966
20	877
20	980
20	997
21	981
21	985
22	942
23	845
23	883
24	987
25	696
26	971
26	993
27	975
28	869
28	942
29	974
30	877
30	975
31	933
31	983
32	923
34	945
36	868
37	864
38	952
39	898
39	999
40	781
40	847
40	939
41	949
42	960
43	918
43	940
43	976
44	893
45	960
48	975
48	983
48	993
49	851
49	996
50	883
50	900
51	929
52	992
53	931
54	976
55	894
56	928
56	965
58	921
58	968
58	998
60	948
60	973
61	942
62	966
64	886
64	939
65	855
65	939
66	892
66	924
66	963
66	995
67	904
68	686
69	913
69	951
69	985
69	1000
70	894
70	918
71	858
72	970
75	913
75	994
76	976
77	876
78	956
79	938
79	946
79	971
80	933
81	932
81	934
81	951
81	991
82	963
83	976
84	967
85	948
85	958
86	656
87	770
87	863
88	855
88	939
88	942
89	989
91	942
91	1000
92	955
92	985
93	857
93	879
94	770
95	849
95	851
95	938
95	979
96	960
96	994
97	893
98	872
99	961
101	999
102	968
103	981
104	999
105	944
106	990
107	842
108	931
108	948
108	982
110	932
110	943
111	941
112	808
112	825
113	947
114	993
114	998
115	925
116	916
116	996
117	939
117	958
118	808
118	939
120	931
120	961
121	876
121	979
122	964
123	950
123	981
124	996
125	957
125	974
126	862
126	867
126	943
126	950
126	951
127	791
127	940
127	961
128	877
128	975
128	995
129	914
129	919
129	954
131	908
132	986
133	923
133	996
134	1000
135	948
136	923
136	962
137	939
137	941
137	964
138	946
139	906
140	940
141	824
141	929
142	833
143	963
144	859
145	919
145	931
146	940
146	968
146	997
146	998
147	928
148	801
148	943
149	938
149	941
149	979
150	911
150	914
151	931
151	986
153	983
153	986
153	990
154	886
154	905
154	931
155	937
156	883
157	967
157	970
158	931
158	997
159	923
160	933
160	960
161	948
161	958
161	970
162	851
162	886
163	985
164	919
166	946
167	996
168	917
169	885
169	965
169	984
170	981
170	989
170	992
170	994
171	923
171	998
172	784
172	951
173	942
173	1000
174	942
174	1000
177	883
177	887
177	937
179	933
179	946
179	953
179	991
180	974
181	864
181	909
183	779
183	827
184	1000
185	911
186	867
186	875
186	892
187	932
187	971
188	836
188	901
188	953
188	993
189	855
189	868
189	939
189	977
190	787
190	967
190	999
191	719
191	800
191	963
192	915
192	929
193	847
193	868
193	939
194	985
194	987
194	997
195	826
195	949
196	876
196	997
197	877
197	964
197	976
198	916
198	946
198	960
198	990
198	996
199	716
199	774
200	931
201	897
201	987
202	960
202	961
204	928
204	938
204	983
205	725
205	917
205	960
206	855
206	868
206	939
207	911
207	942
207	978
207	1000
208	846
208	905
208	927
208	958
208	980
208	993
209	949
210	872
210	883
210	942
210	979
210	987
211	927
212	906
212	921
212	941
213	849
213	916
213	998
214	929
214	947
214	982
214	983
215	826
215	957
216	883
216	916
216	950
217	961
217	980
217	981
217	982
218	877
218	926
218	929
219	896
219	937
219	957
220	940
220	958
221	896
221	923
222	816
222	962
222	979
223	784
224	770
224	898
224	945
225	915
225	938
225	961
225	962
227	832
227	845
227	898
228	808
229	918
229	967
229	970
229	979
229	999
230	886
230	905
230	931
231	932
231	950
231	951
232	696
232	934
233	864
233	973
234	781
234	783
234	935
235	896
235	980
235	982
236	961
237	954
238	939
238	941
239	929
240	898
240	949
240	950
240	967
241	973
241	983
242	872
242	990
242	1000
243	877
243	982
243	1000
244	999
245	898
245	940
246	905
246	931
246	969
247	909
247	996
248	773
248	875
248	891
248	905
248	972
248	973
249	905
249	928
249	931
250	887
250	938
250	962
250	999
251	811
251	868
251	932
251	996
252	942
252	1000
253	962
253	964
254	663
254	678
254	727
254	983
255	945
255	954
256	909
256	920
257	880
257	960
257	984
258	893
258	899
258	921
258	941
258	995
259	925
259	973
259	983
260	847
260	855
260	939
261	844
261	867
261	964
261	973
262	954
263	960
263	973
263	995
264	958
264	980
264	982
264	987
265	923
265	933
265	997
266	877
266	904
266	965
267	948
267	951
268	922
268	936
268	960
268	961
269	819
270	876
270	938
270	962
271	979
272	985
272	987
272	997
273	940
273	962
273	998
274	945
274	958
274	964
274	983
275	954
275	990
276	883
276	933
276	979
277	924
277	958
277	990
277	991
278	883
279	906
279	935
279	952
280	863
280	951
280	970
280	976
281	857
281	949
281	970
281	999
282	888
282	893
282	989
282	994
283	932
283	981
284	909
284	916
284	983
285	702
285	720
286	915
286	919
286	975
287	851
287	897
288	927
288	958
288	971
288	980
288	982
289	905
289	931
289	952
289	986
290	908
290	954
290	968
290	974
290	976
290	988
291	857
291	927
291	955
291	958
291	982
292	900
292	988
292	998
293	765
293	807
293	817
293	885
293	938
293	959
294	705
294	845
294	990
294	991
294	995
295	829
295	918
295	940
295	973
296	847
296	855
296	868
296	922
296	939
296	977
297	898
297	964
297	967
297	999
298	888
298	938
298	941
298	964
298	986
299	852
299	900
299	911
299	975
300	877
300	917
300	986
300	991
301	950
301	984
301	992
302	926
302	929
302	953
302	993
303	793
303	877
303	923
303	931
303	961
304	893
304	913
304	941
304	948
304	973
305	861
305	909
305	929
305	978
306	931
306	938
306	977
306	979
307	922
307	955
307	963
307	998
307	1000
308	793
308	923
308	952
308	988
309	877
309	945
309	967
309	999
310	702
310	914
311	876
311	887
311	976
311	979
311	982
311	995
311	996
312	808
312	926
312	990
312	999
313	983
314	913
314	941
315	769
315	793
315	923
316	835
316	915
316	971
316	982
316	985
317	879
317	918
317	922
318	958
318	987
319	866
319	952
319	975
319	990
320	854
320	900
320	905
320	931
320	934
321	872
321	906
321	918
321	998
322	765
322	776
322	885
322	893
322	982
323	949
323	969
324	893
324	906
324	921
324	941
325	851
325	932
325	951
325	975
325	986
326	696
326	970
327	774
327	936
328	998
329	793
329	923
329	958
329	980
330	864
330	918
330	919
330	945
330	998
331	867
331	892
331	940
331	954
332	908
332	955
332	956
332	963
332	985
332	989
333	844
333	921
333	924
333	974
333	988
334	884
334	936
334	957
334	971
335	841
335	899
335	932
335	950
335	992
336	794
336	861
336	875
336	894
336	914
336	967
337	904
337	927
337	948
337	958
337	980
337	982
337	991
338	912
339	869
339	996
340	845
340	883
340	978
341	894
341	935
341	968
341	982
341	987
342	795
342	940
342	998
343	791
343	864
343	940
343	998
344	686
344	769
344	923
344	954
344	973
345	749
345	867
345	876
345	950
345	951
345	978
346	944
346	954
346	962
347	741
347	811
347	823
347	886
347	905
347	911
347	931
348	844
348	886
349	848
349	853
349	930
349	949
350	886
350	896
350	914
350	944
351	865
351	912
351	934
351	959
351	963
351	972
352	948
352	986
352	991
353	864
353	906
353	918
353	998
354	829
354	910
354	921
354	953
354	981
354	998
355	968
355	974
355	976
355	988
356	900
356	927
356	962
356	980
357	786
357	848
357	893
357	895
357	906
357	941
358	884
358	933
358	940
358	945
358	957
358	965
359	790
359	929
359	938
359	939
359	962
359	979
360	872
360	972
360	981
360	991
360	993
361	947
361	973
361	997
362	886
362	900
362	905
362	921
362	931
363	889
363	899
363	950
363	1000
364	848
364	930
364	935
364	949
365	893
365	948
365	982
366	754
366	795
366	806
366	918
367	886
367	905
367	931
368	952
368	979
369	587
369	904
370	851
370	936
370	945
370	952
370	969
370	985
371	702
371	720
371	887
371	987
372	672
372	774
372	886
372	907
372	933
373	899
373	906
373	943
373	951
373	990
374	779
374	827
374	994
375	826
375	922
375	955
375	956
375	963
376	666
376	710
376	773
376	839
376	846
376	866
377	795
377	864
377	916
377	918
378	926
378	932
378	968
378	974
378	976
378	977
378	988
379	810
379	907
379	929
379	959
380	883
380	888
380	929
380	977
381	846
381	859
382	851
382	852
382	865
382	871
383	867
383	964
383	985
384	795
384	924
384	925
384	943
384	998
385	916
385	974
385	976
385	978
385	988
386	844
386	875
386	892
386	984
386	989
387	847
387	855
387	868
387	939
387	989
388	725
388	983
389	743
389	756
389	784
389	985
389	993
390	666
390	710
390	934
390	941
391	773
391	826
391	876
391	962
391	979
392	776
392	817
392	921
392	935
392	941
392	982
393	868
393	953
393	987
394	753
394	802
394	877
394	890
394	964
395	913
395	950
395	951
395	952
395	993
395	999
396	915
396	928
396	934
396	991
397	808
397	915
397	927
397	948
397	953
397	982
398	796
398	819
398	848
398	943
399	769
399	793
399	850
399	859
399	869
399	923
400	785
400	800
400	963
401	851
401	857
401	965
402	938
402	946
402	949
402	962
402	979
402	986
403	816
403	836
403	902
403	910
403	926
403	993
404	864
404	918
404	934
404	940
404	969
405	848
405	853
405	930
405	949
405	971
405	986
406	786
406	815
406	829
406	944
406	989
407	864
407	970
407	998
408	791
408	918
408	988
408	998
408	1000
409	725
409	867
409	968
409	970
410	840
410	971
410	985
410	987
411	852
411	912
411	945
411	975
412	791
412	864
412	905
412	998
413	756
413	893
413	906
413	921
413	941
413	978
414	524
414	625
414	647
414	835
414	882
414	997
415	832
415	874
415	924
415	936
415	952
415	965
415	985
416	801
416	863
416	894
416	898
416	925
416	949
416	970
417	666
417	710
417	852
417	869
418	873
418	877
418	937
418	961
418	989
419	876
419	928
419	938
419	950
419	962
419	976
419	979
420	874
420	889
420	921
420	936
420	957
421	894
421	898
421	941
421	962
421	967
422	764
422	864
422	866
422	918
422	940
423	602
423	860
423	866
423	942
423	1000
424	806
424	852
424	917
424	996
425	702
425	720
425	919
426	654
426	701
426	788
426	794
426	899
426	907
426	951
426	972
427	804
427	865
428	860
428	866
428	872
428	919
428	942
428	999
429	850
429	891
429	948
429	960
429	980
429	983
430	800
430	941
430	948
430	971
431	784
431	825
431	924
431	942
431	950
431	1000
432	829
432	885
432	924
432	953
432	956
432	986
432	990
432	991
432	995
433	791
433	918
433	933
433	935
433	940
433	972
433	998
434	769
434	959
434	963
434	966
434	999
435	780
435	861
435	924
435	925
435	990
435	991
435	995
436	725
436	741
436	834
436	928
436	950
437	725
437	961
437	997
438	825
438	839
438	877
438	942
438	1000
439	781
439	806
439	826
439	847
439	855
439	868
439	939
440	513
440	891
440	986
441	702
441	720
441	946
442	880
442	943
442	954
442	965
443	666
443	710
443	875
443	915
443	953
444	844
444	847
444	855
444	868
444	939
444	949
444	952
445	749
445	851
445	973
445	1000
446	799
446	942
446	947
446	985
446	987
447	716
447	784
447	824
447	949
448	757
448	793
448	906
448	923
448	956
448	979
449	851
450	848
450	857
450	912
450	918
450	998
451	819
451	835
451	874
451	883
451	901
451	902
451	980
451	982
452	749
452	779
452	851
452	857
452	873
453	880
453	897
453	905
453	917
453	964
453	999
453	1000
454	702
454	720
454	778
454	820
454	920
455	846
455	877
455	889
455	938
455	945
455	952
455	957
456	893
456	906
456	921
456	938
456	941
456	983
456	997
457	870
457	911
457	935
457	944
457	949
457	960
457	968
457	974
457	988
458	809
458	839
458	879
458	916
458	946
458	960
458	965
458	988
459	907
459	908
459	933
459	939
459	950
459	955
459	956
459	963
460	752
460	759
460	775
460	799
460	847
460	853
460	942
460	949
460	988
461	839
461	867
461	914
461	944
461	954
461	991
462	554
462	625
462	630
462	647
462	837
462	862
462	903
463	892
463	910
463	930
463	947
463	949
464	844
464	915
464	940
464	974
464	985
464	987
464	997
465	863
465	908
465	911
465	918
465	940
465	987
465	998
466	682
466	691
466	719
466	800
466	863
466	889
466	927
466	964
467	710
467	858
467	902
467	934
467	938
468	754
468	786
468	834
468	884
468	889
468	945
468	957
468	995
469	602
469	719
469	800
469	829
469	978
470	829
470	866
470	872
470	942
470	943
470	1000
471	719
471	800
471	903
471	949
472	870
472	961
472	974
472	976
472	988
473	671
473	875
473	909
473	916
473	946
473	982
474	666
474	710
474	823
474	866
474	867
474	999
475	706
475	796
475	806
475	819
475	858
475	966
476	826
476	887
476	889
476	902
476	936
476	938
476	945
476	957
477	709
477	744
477	870
477	910
477	911
477	968
477	974
477	976
478	878
478	890
478	905
478	906
478	910
478	997
479	696
479	859
479	900
479	931
479	953
479	970
479	981
479	993
480	846
480	859
480	874
480	936
480	947
480	951
480	952
480	961
480	975
481	794
481	971
481	976
481	985
481	987
481	997
482	883
482	892
482	954
482	980
482	985
482	993
483	707
483	851
483	852
483	877
483	915
483	933
483	991
484	677
484	695
484	839
484	843
484	875
484	892
484	914
484	944
485	808
485	861
485	892
485	944
485	954
486	642
486	709
486	816
486	877
486	880
486	931
486	967
486	969
486	973
486	993
487	896
487	902
487	911
487	927
487	948
487	980
487	990
488	791
488	813
488	918
488	922
488	940
488	988
489	743
489	756
489	784
489	871
489	923
489	975
490	721
490	780
490	838
490	860
490	872
490	893
490	940
490	1000
491	703
491	720
491	891
491	928
492	806
492	844
492	852
492	854
492	919
493	669
493	743
493	756
493	767
493	784
493	819
493	904
493	967
494	765
494	807
494	844
494	857
494	859
494	906
494	907
494	921
494	950
495	703
495	723
495	751
495	779
495	801
495	827
495	886
495	918
495	949
496	525
496	596
496	669
496	767
496	807
496	867
496	892
496	914
496	944
496	954
496	988
497	632
497	674
497	787
497	872
497	886
497	967
497	975
497	980
498	886
498	891
498	896
498	905
498	931
498	955
498	975
498	988
499	671
499	760
499	812
499	900
499	927
499	948
499	958
499	982
500	904
500	924
500	945
500	965
500	969
500	977
500	980
500	984
500	991
500	992
501	839
501	863
501	894
501	898
501	922
501	960
501	967
501	993
501	999
502	808
502	905
502	913
502	932
502	943
502	951
502	963
502	966
502	978
503	799
503	900
503	927
503	931
503	948
503	980
503	982
504	670
504	756
504	796
504	819
504	905
504	982
505	915
505	923
505	928
505	965
505	969
505	977
505	984
505	985
506	941
506	965
506	969
506	977
506	988
506	989
506	992
506	995
507	751
507	779
507	827
507	870
507	876
507	951
507	977
508	811
508	884
508	936
508	947
508	952
508	971
508	999
509	846
509	859
509	944
509	945
509	953
509	965
509	969
509	977
509	979
509	984
509	992
510	915
510	929
510	958
510	961
510	964
510	971
510	985
510	987
510	997
511	812
511	863
511	902
511	935
511	961
511	967
511	970
511	983
512	741
512	840
512	859
512	946
512	959
512	961
512	996
513	440
513	629
513	681
513	781
513	847
513	868
513	927
513	939
514	728
514	871
514	879
514	909
514	916
514	918
514	946
515	754
515	773
515	866
515	871
515	872
515	919
515	942
515	1000
516	844
516	876
516	920
516	922
516	937
516	960
516	961
516	968
516	989
516	994
517	707
517	852
517	879
517	928
517	971
517	975
518	747
518	809
518	810
518	895
518	909
518	921
518	940
518	951
518	966
518	996
519	695
519	776
519	797
519	833
519	878
519	892
519	964
519	986
520	670
520	690
520	796
520	797
520	819
520	884
520	894
520	900
521	750
521	848
521	853
521	878
521	930
521	949
521	978
522	829
522	886
522	902
522	905
522	948
522	958
522	980
522	982
522	983
523	685
523	826
523	836
523	843
523	920
523	924
523	950
523	990
523	991
523	995
524	414
524	554
524	580
524	625
524	647
524	809
524	890
524	983
525	496
525	596
525	617
525	651
525	659
525	702
525	720
525	721
525	738
526	700
526	780
526	786
526	845
526	883
526	900
526	957
526	964
527	831
527	896
527	922
527	934
527	937
527	955
527	960
527	975
527	989
528	743
528	756
528	784
528	857
528	890
528	891
528	902
528	935
528	966
529	788
529	824
529	880
529	965
529	969
529	973
529	977
529	984
529	992
530	671
530	679
530	722
530	745
530	754
530	755
530	913
530	955
531	728
531	745
531	848
531	853
531	930
531	949
531	969
531	980
531	990
532	556
532	663
532	691
532	696
532	719
532	800
532	883
532	945
532	995
533	833
533	908
533	922
533	926
533	933
533	935
533	953
533	955
533	956
533	963
533	987
534	856
534	861
534	875
534	914
534	944
534	947
534	985
534	988
534	989
535	670
535	690
535	706
535	796
535	819
535	916
535	941
535	975
536	781
536	810
536	832
536	850
536	885
536	912
536	927
536	948
536	958
536	982
537	781
537	802
537	814
537	829
537	876
537	887
537	907
537	915
537	938
537	962
537	979
538	792
538	848
538	853
538	930
538	946
538	949
539	806
539	857
539	904
539	928
539	934
539	962
539	968
539	971
539	985
539	997
540	833
540	844
540	869
540	897
540	924
540	944
540	965
540	968
540	977
540	984
540	992
541	868
541	869
541	893
541	897
541	903
541	957
541	965
541	969
541	971
541	977
541	992
542	641
542	679
542	803
542	876
542	926
542	943
542	975
543	670
543	690
543	706
543	796
543	819
543	907
543	915
543	969
544	777
544	810
544	812
544	863
544	875
544	894
544	929
544	956
544	967
545	705
545	757
545	769
545	783
545	793
545	882
545	923
545	963
545	970
546	551
546	631
546	691
546	700
546	789
546	810
546	839
546	916
546	929
546	946
546	996
547	562
547	596
547	672
547	716
547	756
547	774
547	857
547	978
547	997
548	797
548	894
548	909
548	920
548	924
548	946
548	990
548	991
548	995
549	638
549	828
549	918
549	936
549	965
549	975
549	994
549	998
550	586
550	612
550	761
550	862
550	876
550	887
550	896
550	938
550	962
551	546
551	728
551	743
551	823
551	884
551	886
551	905
551	931
551	947
552	844
552	845
552	856
552	867
552	914
552	925
552	937
552	944
552	948
552	991
553	753
553	857
553	893
553	912
553	947
553	959
553	972
553	973
553	983
554	462
554	524
554	580
554	625
554	647
554	833
554	858
554	945
554	968
555	809
555	870
555	894
555	912
555	947
555	959
555	972
555	981
555	983
556	532
556	591
556	663
556	682
556	691
556	694
556	719
556	800
556	802
556	803
556	837
557	724
557	747
557	785
557	810
557	818
557	822
557	925
557	944
557	963
557	971
558	748
558	766
558	817
558	834
558	850
558	920
558	924
558	982
558	990
558	991
558	995
559	569
559	607
559	611
559	634
559	695
559	722
559	725
559	986
560	670
560	706
560	796
560	819
560	879
560	895
560	899
560	907
560	940
560	945
560	956
561	707
561	762
561	804
561	852
561	857
561	931
561	933
561	975
561	982
561	999
562	547
562	595
562	596
562	716
562	774
562	882
562	906
562	928
562	936
562	992
563	573
563	743
563	756
563	772
563	784
563	841
563	866
563	868
563	871
563	955
563	992
564	809
564	838
564	860
564	861
564	866
564	872
564	904
564	917
564	942
564	962
564	972
564	1000
565	684
565	759
565	799
565	841
565	848
565	888
565	930
565	949
565	984
565	989
566	640
566	673
566	770
566	857
566	961
566	970
566	975
566	997
567	611
567	634
567	725
567	764
567	790
567	830
567	860
567	894
567	930
568	908
568	917
568	934
568	964
568	969
568	976
568	986
568	995
568	996
569	559
569	634
569	725
569	783
569	846
569	849
569	970
569	993
570	638
570	795
570	828
570	915
570	940
570	942
570	968
570	981
571	638
571	724
571	808
571	819
571	840
571	907
571	932
571	950
571	951
571	978
572	665
572	695
572	723
572	751
572	779
572	787
572	827
572	896
572	947
572	978
573	563
573	743
573	756
573	784
573	957
573	990
573	993
574	779
574	794
574	812
574	863
574	898
574	913
574	917
574	967
574	970
574	977
574	999
575	584
575	821
575	850
575	865
575	896
575	948
575	958
575	980
575	982
575	989
576	699
576	726
576	838
576	860
576	871
576	899
576	924
576	953
576	959
576	1000
577	810
577	864
577	890
577	892
577	916
577	925
577	929
577	937
577	957
577	993
578	863
578	881
578	911
578	968
578	974
578	976
578	986
578	988
578	989
579	748
579	772
579	799
579	859
579	885
579	899
579	932
579	951
579	978
579	992
579	994
580	524
580	554
580	625
580	647
580	805
580	849
580	907
580	965
580	976
581	823
581	877
581	878
581	881
581	890
581	917
581	921
581	968
581	986
582	665
582	700
582	780
582	788
582	812
582	821
582	845
582	883
582	959
583	876
583	895
583	896
583	917
583	935
583	936
583	947
583	959
583	972
583	973
583	974
583	983
584	575
584	729
584	741
584	803
584	906
584	908
584	922
584	933
584	955
584	956
584	963
585	678
585	721
585	778
585	794
585	887
585	904
585	915
585	926
585	928
585	934
585	955
585	985
585	987
586	550
586	662
586	781
586	804
586	832
586	865
586	896
586	901
586	935
586	959
586	966
586	984
587	369
587	623
587	816
587	824
587	831
587	873
587	960
587	961
587	980
587	989
587	994
588	611
588	636
588	809
588	823
588	863
588	909
588	915
588	916
588	929
589	655
589	844
589	856
589	871
589	892
589	914
589	944
589	951
589	952
590	622
590	696
590	744
590	836
590	881
590	884
590	926
590	953
590	981
590	993
591	556
591	602
591	669
591	686
591	769
591	793
591	838
591	858
591	864
591	923
592	689
592	756
592	780
592	788
592	845
592	851
592	883
592	964
593	644
593	768
593	792
593	805
593	873
593	891
593	937
593	954
593	960
593	961
593	994
594	625
594	773
594	775
594	863
594	898
594	945
594	967
594	970
594	982
594	999
595	562
595	596
595	647
595	672
595	716
595	774
595	922
595	961
595	990
595	994
596	496
596	525
596	547
596	562
596	595
596	672
596	716
596	774
596	819
596	970
596	971
597	782
597	798
597	814
597	839
597	862
597	938
597	962
597	979
597	986
597	994
598	651
598	764
598	781
598	783
598	871
598	879
598	916
598	925
598	936
598	946
598	952
598	956
599	624
599	669
599	711
599	749
599	757
599	793
599	832
599	872
599	913
599	923
599	983
600	665
600	823
600	836
600	910
600	940
600	948
600	953
600	981
600	993
600	998
601	809
601	840
601	865
601	876
601	891
601	895
601	912
601	921
601	938
601	966
601	983
601	987
602	423
602	469
602	591
602	669
602	735
602	738
602	765
602	776
602	807
602	871
602	893
602	921
602	941
603	759
603	762
603	765
603	782
603	865
603	869
603	882
603	888
603	897
603	903
603	965
603	969
603	972
603	984
603	992
604	641
604	770
604	824
604	832
604	878
604	882
604	885
604	932
604	959
604	975
605	776
605	817
605	869
605	883
605	897
605	903
605	969
605	977
605	980
605	984
605	992
606	680
606	752
606	764
606	795
606	828
606	854
606	889
606	923
606	940
606	952
606	977
606	998
607	559
607	680
607	722
607	808
607	822
607	877
607	878
607	880
607	928
607	931
608	752
608	849
608	866
608	885
608	892
608	899
608	913
608	932
608	950
608	951
608	963
608	993
609	689
609	700
609	770
609	780
609	784
609	788
609	845
609	859
609	868
609	883
609	924
609	952
610	771
610	779
610	839
610	862
610	887
610	903
610	925
610	938
610	946
610	962
610	979
610	984
611	559
611	567
611	588
611	634
611	725
611	842
611	879
611	886
611	910
611	932
611	965
612	550
612	752
612	825
612	841
612	845
612	880
612	904
612	907
612	943
612	950
612	951
612	978
613	662
613	746
613	747
613	752
613	851
613	861
613	879
613	924
613	929
613	939
613	946
613	996
614	729
614	737
614	761
614	765
614	768
614	792
614	804
614	829
614	908
614	945
614	952
615	682
615	748
615	754
615	813
615	825
615	907
615	932
615	943
615	950
615	951
615	978
616	655
616	662
616	753
616	760
616	765
616	773
616	805
616	806
616	815
616	867
616	886
616	931
617	525
617	670
617	688
617	747
617	748
617	809
617	909
617	914
617	929
617	946
617	975
617	979
617	996
618	739
618	833
618	864
618	865
618	877
618	891
618	919
618	926
618	931
618	954
618	959
618	971
618	983
619	729
619	842
619	843
619	905
619	920
619	924
619	927
619	990
619	991
619	995
620	655
620	691
620	753
620	760
620	806
620	841
620	875
620	916
620	970
620	993
620	995
621	819
621	821
621	830
621	879
621	900
621	902
621	930
621	934
621	946
621	949
621	958
621	980
622	590
622	637
622	673
622	726
622	832
622	846
622	872
622	925
622	936
622	945
622	952
622	957
623	587
623	666
623	684
623	806
623	861
623	865
623	875
623	892
623	943
623	944
624	599
624	711
624	743
624	757
624	769
624	857
624	893
624	978
624	980
625	414
625	462
625	524
625	554
625	580
625	594
625	647
625	719
625	852
625	966
625	975
626	713
626	777
626	850
626	912
626	919
626	947
626	959
626	966
626	973
626	983
626	986
627	712
627	749
627	866
627	872
627	942
627	996
627	1000
628	698
628	724
628	849
628	856
628	879
628	909
628	916
628	925
628	930
628	943
629	513
629	663
629	669
629	798
629	881
629	911
629	952
629	968
629	974
629	976
629	988
629	993
630	462
630	734
630	804
630	850
630	865
630	878
630	894
630	947
630	972
630	973
630	977
630	983
631	546
631	823
631	860
631	886
631	889
631	905
631	931
631	985
632	497
632	662
632	674
632	787
632	824
632	851
632	857
632	874
632	901
632	921
632	999
633	742
633	803
633	833
633	907
633	913
633	951
633	973
633	978
633	993
633	998
634	559
634	567
634	569
634	611
634	725
634	900
634	914
634	933
634	946
634	951
634	966
635	679
635	773
635	778
635	797
635	876
635	878
635	890
635	909
635	919
635	928
635	977
635	986
636	588
636	767
636	792
636	836
636	837
636	845
636	855
636	866
636	904
636	910
636	914
636	926
636	953
636	981
636	999
637	622
637	709
637	728
637	823
637	865
637	886
637	901
637	905
637	911
637	931
637	953
637	974
638	549
638	570
638	571
638	680
638	795
638	800
638	801
638	828
638	850
638	918
638	935
638	940
638	956
639	692
639	755
639	788
639	813
639	892
639	920
639	972
639	989
639	990
639	991
639	992
639	995
640	566
640	641
640	646
640	695
640	721
640	787
640	824
640	828
640	851
640	870
640	975
640	981
640	988
641	542
641	604
641	640
641	646
641	670
641	674
641	824
641	843
641	855
641	867
641	996
642	486
642	656
642	709
642	722
642	730
642	746
642	777
642	932
642	956
642	964
642	979
643	646
643	705
643	707
643	770
643	806
643	824
643	830
643	844
643	849
643	851
643	852
643	962
643	975
643	978
644	593
644	679
644	709
644	772
644	782
644	791
644	857
644	908
644	922
644	933
644	944
644	955
644	956
644	963
645	795
645	847
645	861
645	872
645	876
645	888
645	899
645	900
645	907
645	913
645	932
645	943
645	950
645	956
646	640
646	641
646	643
646	673
646	674
646	787
646	809
646	833
646	866
646	900
646	916
646	958
646	975
647	414
647	462
647	524
647	554
647	580
647	595
647	625
647	757
647	759
647	768
647	830
647	898
647	907
647	941
648	670
648	696
648	717
648	719
648	755
648	778
648	808
648	877
648	880
648	916
648	964
648	968
648	986
648	987
649	692
649	696
649	742
649	887
649	899
649	943
649	947
649	950
649	978
650	846
650	878
650	889
650	906
650	931
650	934
650	936
650	945
650	952
650	957
650	979
650	982
651	525
651	598
651	670
651	700
651	707
651	735
651	807
651	817
651	818
651	921
651	941
651	981
652	676
652	726
652	825
652	838
652	860
652	872
652	890
652	906
652	939
652	942
652	952
652	981
652	982
652	998
652	1000
653	667
653	727
653	749
653	766
653	792
653	910
653	915
653	937
653	940
653	953
653	961
653	969
653	983
654	426
654	723
654	793
654	814
654	823
654	839
654	858
654	862
654	876
654	923
654	938
654	962
654	979
655	589
655	616
655	620
655	760
655	856
655	861
655	954
655	963
655	970
656	86
656	642
656	718
656	771
656	797
656	808
656	880
656	882
656	890
656	917
656	964
656	971
656	985
657	693
657	721
657	733
657	747
657	756
657	809
657	810
657	871
657	879
657	946
657	997
658	742
658	780
658	802
658	884
658	888
658	890
658	899
658	913
658	943
658	950
658	951
658	954
658	959
658	978
659	525
659	790
659	798
659	850
659	863
659	876
659	900
659	912
659	927
659	947
659	966
659	972
659	973
659	983
660	810
660	815
660	844
660	861
660	867
660	944
660	966
660	969
660	973
660	974
660	987
661	677
661	716
661	744
661	780
661	816
661	821
661	856
661	859
661	871
661	885
661	926
661	932
661	943
661	951
661	978
662	586
662	613
662	616
662	632
662	752
662	767
662	792
662	823
662	837
662	887
662	910
662	949
662	981
662	993
663	254
663	532
663	556
663	629
663	682
663	691
663	800
663	822
663	831
663	893
663	978
663	994
664	742
664	780
664	804
664	819
664	894
664	899
664	913
664	920
664	943
664	945
664	950
664	951
664	993
665	572
665	582
665	600
665	695
665	703
665	723
665	751
665	779
665	812
665	816
665	827
665	853
665	933
666	376
666	390
666	417
666	443
666	474
666	623
666	710
666	741
666	773
666	826
666	844
666	862
666	891
666	948
666	955
667	653
667	729
667	740
667	766
667	767
667	792
667	812
667	926
667	929
667	930
667	951
667	953
667	978
667	981
667	986
667	993
668	765
668	776
668	840
668	875
668	893
668	906
668	919
668	921
668	937
668	941
668	944
668	967
668	971
669	493
669	496
669	591
669	599
669	602
669	629
669	686
669	711
669	757
669	769
669	784
669	886
669	930
670	504
670	520
670	535
670	543
670	560
670	617
670	641
670	648
670	651
670	690
670	706
670	743
670	815
670	817
670	819
670	860
671	473
671	499
671	530
671	709
671	760
671	761
671	800
671	808
671	816
671	917
671	951
671	986
672	372
672	547
672	595
672	596
672	716
672	774
672	803
672	861
672	917
672	932
672	951
672	988
672	998
673	566
673	622
673	646
673	770
673	787
673	824
673	827
673	832
673	857
673	863
673	939
673	963
673	975
673	988
673	997
674	497
674	632
674	641
674	646
674	688
674	689
674	767
674	770
674	789
674	824
674	856
674	857
674	888
674	943
674	944
674	945
675	684
675	775
675	799
675	810
675	848
675	853
675	879
675	927
675	930
675	933
675	949
675	952
675	977
675	992
676	652
676	685
676	699
676	835
676	860
676	866
676	872
676	897
676	918
676	937
676	944
676	972
676	975
676	1000
677	484
677	661
677	681
677	691
677	701
677	904
677	912
677	915
677	928
677	934
677	971
677	985
677	987
677	992
677	997
678	254
678	585
678	699
678	711
678	734
678	745
678	797
678	814
678	821
678	839
678	862
678	876
678	887
678	938
678	962
678	979
679	530
679	542
679	635
679	644
679	758
679	797
679	808
679	855
679	880
679	890
679	902
679	909
679	945
679	986
680	606
680	607
680	638
680	791
680	828
680	864
680	879
680	892
680	928
680	946
680	977
680	998
681	513
681	677
681	726
681	781
681	855
681	868
681	888
681	919
681	939
681	941
681	946
681	995
682	466
682	556
682	615
682	663
682	691
682	719
682	800
682	805
682	862
682	875
682	909
682	914
682	979
683	689
683	773
683	844
683	851
683	856
683	867
683	875
683	886
683	889
683	944
683	963
683	976
683	984
684	565
684	623
684	675
684	696
684	759
684	775
684	799
684	813
684	816
684	853
684	868
684	875
684	930
684	938
684	949
685	523
685	676
685	822
685	838
685	841
685	860
685	866
685	942
685	950
685	997
685	1000
686	68
686	344
686	591
686	669
686	711
686	741
686	752
686	813
686	873
686	923
686	938
686	954
686	997
687	761
687	772
687	806
687	815
687	816
687	818
687	829
687	844
687	856
687	906
687	944
687	954
687	982
688	617
688	674
688	722
688	734
688	824
688	825
688	851
688	852
688	906
688	944
688	975
688	992
689	592
689	609
689	674
689	683
689	700
689	750
689	780
689	788
689	843
689	845
689	855
689	883
689	904
689	908
690	520
690	535
690	543
690	670
690	706
690	796
690	805
690	819
690	850
690	867
690	879
690	892
690	914
690	918
690	934
690	973
691	466
691	532
691	546
691	556
691	620
691	663
691	677
691	682
691	719
691	746
691	800
691	918
691	922
691	963
691	982
692	639
692	649
692	715
692	742
692	763
692	813
692	878
692	920
692	924
692	930
692	932
692	941
692	990
692	991
692	995
692	999
693	657
693	724
693	762
693	764
693	785
693	804
693	810
693	829
693	895
693	923
693	929
693	946
693	984
693	996
694	556
694	726
694	757
694	834
694	835
694	842
694	885
694	908
694	922
694	933
694	947
694	953
694	955
694	956
694	963
694	983
694	994
695	484
695	519
695	559
695	572
695	640
695	665
695	703
695	723
695	751
695	758
695	779
695	782
695	803
695	827
695	879
695	903
695	926
696	25
696	232
696	326
696	479
696	532
696	590
696	648
696	649
696	684
696	732
696	746
696	930
696	937
696	960
696	961
696	989
696	994
697	737
697	768
697	832
697	874
697	884
697	904
697	917
697	922
697	931
697	936
697	938
697	945
697	957
697	987
697	990
698	628
698	701
698	703
698	740
698	747
698	760
698	772
698	809
698	877
698	897
698	909
698	925
698	953
698	983
699	576
699	676
699	678
699	770
699	818
699	838
699	845
699	860
699	872
699	901
699	923
699	927
699	938
699	942
699	1000
700	526
700	546
700	582
700	609
700	651
700	689
700	728
700	780
700	788
700	805
700	845
700	847
700	857
700	869
700	881
700	883
701	426
701	677
701	698
701	724
701	746
701	809
701	810
701	872
701	883
701	916
701	918
701	929
702	285
702	310
702	371
702	425
702	441
702	454
702	525
702	720
702	788
702	806
702	908
702	942
702	948
702	950
703	491
703	495
703	665
703	695
703	698
703	723
703	751
703	753
703	785
703	827
703	837
703	858
703	897
703	915
703	982
704	746
704	781
704	785
704	804
704	843
704	856
704	873
704	912
704	937
704	949
704	960
704	961
704	985
704	989
704	994
705	294
705	545
705	643
705	760
705	761
705	765
705	773
705	815
705	825
705	861
705	875
705	889
705	892
705	914
705	930
705	960
706	475
706	535
706	543
706	560
706	670
706	690
706	796
706	819
706	823
706	851
706	856
706	873
706	934
706	984
706	996
707	483
707	517
707	561
707	643
707	651
707	719
707	729
707	819
707	851
707	852
707	857
707	871
707	880
707	924
707	927
708	744
708	780
708	859
708	885
708	896
708	899
708	907
708	930
708	943
708	951
708	956
708	958
708	976
708	992
709	477
709	486
709	637
709	642
709	644
709	671
709	714
709	716
709	730
709	745
709	763
709	816
709	881
709	890
709	899
709	928
709	964
710	376
710	390
710	417
710	443
710	467
710	474
710	666
710	799
710	820
710	852
710	970
710	973
710	983
710	998
711	599
711	624
711	669
711	678
711	686
711	757
711	769
711	785
711	808
711	830
711	908
711	923
711	930
711	937
711	958
712	627
712	744
712	777
712	802
712	804
712	840
712	874
712	891
712	900
712	901
712	919
712	939
712	947
712	959
712	966
712	973
713	626
713	742
713	744
713	803
713	815
713	821
713	859
713	885
713	887
713	907
713	913
713	932
713	933
713	950
713	960
713	978
713	1000
714	709
714	766
714	780
714	792
714	801
714	837
714	852
714	853
714	855
714	910
714	918
714	923
714	926
714	953
714	954
714	981
714	993
715	692
715	750
715	813
715	826
715	849
715	873
715	879
715	911
715	920
715	924
715	954
715	990
715	991
715	995
716	199
716	447
716	547
716	562
716	595
716	596
716	661
716	672
716	709
716	774
716	787
716	821
716	831
716	834
716	855
716	918
717	648
717	728
717	758
717	818
717	822
717	828
717	915
717	928
717	931
717	932
717	934
717	960
717	966
717	971
717	987
717	997
718	656
718	774
718	788
718	818
718	849
718	850
718	854
718	888
718	898
718	912
718	928
718	934
718	965
718	969
718	971
718	987
718	997
719	191
719	466
719	469
719	471
719	532
719	556
719	625
719	648
719	682
719	691
719	707
719	762
719	800
719	848
719	937
719	952
719	998
720	285
720	371
720	425
720	441
720	454
720	491
720	525
720	702
720	753
720	845
720	951
720	962
720	968
720	991
721	490
721	525
721	585
721	640
721	657
721	734
721	746
721	752
721	763
721	783
721	831
721	847
721	873
721	902
721	960
721	961
721	976
722	530
722	559
722	607
722	642
722	688
722	754
722	764
722	771
722	808
722	866
722	877
722	901
722	917
722	937
722	938
722	964
722	984
723	495
723	572
723	654
723	665
723	695
723	703
723	751
723	779
723	827
723	885
723	892
723	902
723	930
723	942
723	971
723	972
723	986
724	557
724	571
724	628
724	693
724	701
724	747
724	760
724	774
724	804
724	806
724	841
724	856
724	868
724	871
724	916
724	925
724	939
724	943
724	977
724	996
725	205
725	388
725	409
725	436
725	437
725	559
725	567
725	569
725	611
725	634
725	821
725	830
725	869
725	890
725	967
725	972
725	985
725	996
726	576
726	622
726	652
726	681
726	694
726	770
726	800
726	802
726	838
726	860
726	866
726	872
726	893
726	896
726	942
726	951
726	1000
727	254
727	653
727	734
727	745
727	749
727	766
727	775
727	827
727	837
727	877
727	910
727	951
727	958
727	968
727	981
727	993
728	514
728	531
728	551
728	637
728	700
728	717
728	745
728	823
728	854
728	864
728	886
728	905
728	931
728	999
729	584
729	614
729	619
729	667
729	707
729	822
729	831
729	882
729	893
729	897
729	903
729	904
729	965
729	969
729	977
729	984
729	992
729	998
730	642
730	709
730	755
730	778
730	820
730	828
730	836
730	878
730	880
730	890
730	917
730	920
730	925
730	942
730	949
730	956
730	959
730	964
730	986
731	778
731	794
731	829
731	869
731	882
731	895
731	897
731	903
731	916
731	919
731	925
731	934
731	953
731	965
731	966
731	969
731	977
731	984
731	992
732	696
732	736
732	757
732	762
732	777
732	812
732	831
732	848
732	862
732	863
732	894
732	898
732	908
732	968
732	970
732	979
732	999
733	657
733	782
733	798
733	800
733	821
733	862
733	870
733	876
733	881
733	911
733	968
733	974
733	976
733	988
733	995
734	630
734	678
734	688
734	721
734	727
734	758
734	763
734	785
734	811
734	831
734	841
734	873
734	906
734	937
734	955
734	961
734	989
734	994
735	602
735	651
735	754
735	760
735	786
735	807
735	829
735	893
735	906
735	921
735	935
735	941
735	981
735	999
736	732
736	762
736	777
736	794
736	802
736	809
736	891
736	894
736	898
736	899
736	958
736	967
736	970
736	996
736	997
737	614
737	697
737	761
737	791
737	820
737	874
737	884
737	889
737	894
737	917
737	929
737	936
737	952
737	988
737	997
738	525
738	602
738	765
738	829
738	851
738	882
738	885
738	903
738	942
738	955
738	964
738	965
738	969
738	977
738	984
738	992
739	618
739	789
739	790
739	817
739	856
739	858
739	879
739	887
739	894
739	901
739	902
739	935
739	947
739	966
739	985
740	667
740	698
740	749
740	782
740	808
740	836
740	843
740	852
740	862
740	903
740	910
740	915
740	926
740	953
740	979
740	981
740	993
741	347
741	436
741	512
741	584
741	666
741	686
741	762
741	764
741	777
741	787
741	791
741	812
741	830
741	853
741	863
741	894
741	898
741	967
741	970
741	999
742	633
742	649
742	658
742	664
742	692
742	713
742	773
742	816
742	843
742	882
742	885
742	899
742	934
742	943
742	968
742	978
743	389
743	489
743	493
743	528
743	551
743	563
743	573
743	624
743	670
743	753
743	756
743	784
743	867
743	894
743	929
743	940
743	950
744	477
744	590
744	661
744	708
744	712
744	713
744	806
744	814
744	825
744	859
744	885
744	907
744	916
744	932
744	938
744	950
744	978
745	530
745	531
745	678
745	709
745	727
745	728
745	754
745	778
745	797
745	837
745	877
745	883
745	917
745	950
745	964
745	968
745	986
746	613
746	642
746	691
746	696
746	701
746	704
746	721
746	783
746	805
746	822
746	831
746	841
746	852
746	873
746	892
746	960
746	989
746	994
747	518
747	557
747	613
747	617
747	657
747	698
747	724
747	748
747	766
747	784
747	810
747	843
747	872
747	883
747	908
747	925
747	951
747	962
747	965
748	558
748	579
748	615
748	617
748	747
748	767
748	806
748	809
748	859
748	871
748	879
748	890
748	909
748	921
748	925
748	929
748	942
748	976
748	996
749	345
749	445
749	452
749	599
749	627
749	653
749	727
749	740
749	766
749	786
749	837
749	852
749	854
749	893
749	909
749	926
749	953
749	981
749	993
750	521
750	689
750	715
750	783
750	813
750	826
750	843
750	851
750	894
750	920
750	924
750	932
750	980
750	989
750	990
750	991
750	995
751	495
751	507
751	572
751	665
751	695
751	703
751	723
751	779
751	827
751	838
751	840
751	851
751	925
751	943
751	961
751	977
752	460
752	606
752	608
752	612
752	613
752	662
752	686
752	721
752	763
752	802
752	841
752	873
752	937
752	955
752	960
752	961
752	981
752	989
752	994
753	394
753	553
753	616
753	620
753	703
753	720
753	743
753	760
753	782
753	815
753	856
753	861
753	867
753	893
753	914
753	954
753	977
753	985
753	999
754	366
754	468
754	515
754	530
754	615
754	722
754	735
754	745
754	778
754	878
754	890
754	917
754	922
754	946
754	964
754	985
754	986
755	530
755	639
755	648
755	730
755	761
755	801
755	818
755	854
755	873
755	875
755	888
755	904
755	928
755	971
755	987
755	988
755	997
756	389
756	413
756	489
756	493
756	504
756	528
756	547
756	563
756	573
756	592
756	657
756	743
756	784
756	795
756	843
756	845
756	976
757	448
757	545
757	599
757	624
757	647
757	669
757	694
757	711
757	732
757	769
757	793
757	815
757	853
757	881
757	914
757	927
757	958
758	679
758	695
758	717
758	734
758	789
758	808
758	818
758	833
758	849
758	863
758	873
758	888
758	934
758	938
758	971
758	985
758	987
758	996
758	997
759	460
759	565
759	603
759	647
759	684
759	775
759	799
759	821
759	853
759	861
759	868
759	870
759	889
759	902
759	907
759	930
759	941
759	949
760	499
760	616
760	620
760	655
760	671
760	698
760	705
760	724
760	735
760	753
760	773
760	798
760	817
760	828
760	833
760	848
760	861
760	870
760	944
760	998
761	550
761	614
761	671
761	687
761	705
761	737
761	755
761	768
761	820
761	832
761	846
761	874
761	889
761	891
761	904
761	905
761	927
761	936
761	957
761	966
761	975
762	561
762	603
762	693
762	719
762	732
762	736
762	741
762	764
762	791
762	794
762	878
762	894
762	908
762	925
762	967
762	970
762	999
763	692
763	709
763	721
763	734
763	752
763	783
763	822
763	841
763	885
763	896
763	911
763	947
763	960
763	961
763	989
763	994
764	422
764	567
764	598
764	606
764	693
764	722
764	741
764	762
764	768
764	777
764	794
764	863
764	898
764	960
764	964
764	967
764	970
764	991
764	999
765	293
765	322
765	494
765	602
765	603
765	614
765	616
765	668
765	705
765	738
765	771
765	807
765	814
765	864
765	906
765	921
765	935
765	941
765	963
765	998
766	558
766	653
766	667
766	714
766	727
766	747
766	749
766	782
766	786
766	815
766	899
766	902
766	908
766	977
766	979
766	981
766	993
767	493
767	496
767	636
767	662
767	667
767	674
767	748
767	776
767	811
767	814
767	837
767	873
767	888
767	895
767	910
767	926
767	948
767	953
767	993
768	593
768	614
768	647
768	697
768	761
768	764
768	787
768	832
768	846
768	889
768	890
768	902
768	918
768	923
768	951
768	952
768	957
768	986
768	991
769	315
769	344
769	399
769	434
769	545
769	591
769	624
769	669
769	711
769	757
769	782
769	787
769	792
769	804
769	814
769	864
769	882
769	914
769	923
770	87
770	94
770	224
770	566
770	604
770	609
770	643
770	673
770	674
770	699
770	726
770	787
770	824
770	852
770	857
770	867
770	870
770	940
770	975
770	978
771	610
771	656
771	722
771	765
771	782
771	798
771	827
771	869
771	870
771	881
771	904
771	911
771	958
771	968
771	974
771	976
771	977
771	988
771	989
772	563
772	579
772	644
772	687
772	698
772	775
772	786
772	809
772	810
772	814
772	871
772	874
772	879
772	909
772	916
772	920
772	925
772	946
772	965
772	996
773	248
773	376
773	391
773	515
773	594
773	616
773	635
773	666
773	683
773	705
773	742
773	760
773	833
773	844
773	856
773	861
773	863
773	867
773	892
773	917
773	954
773	994
774	14
774	199
774	327
774	372
774	547
774	562
774	595
774	596
774	672
774	716
774	718
774	724
774	835
774	841
774	910
774	921
774	929
774	935
774	943
774	948
775	460
775	594
775	675
775	684
775	727
775	759
775	772
775	789
775	799
775	803
775	814
775	823
775	848
775	877
775	930
775	937
775	949
776	322
776	392
776	519
776	602
776	605
776	668
776	767
776	807
776	827
776	865
776	888
776	893
776	903
776	906
776	921
776	925
776	941
776	942
776	993
777	544
777	626
777	642
777	712
777	732
777	736
777	741
777	764
777	794
777	797
777	804
777	809
777	865
777	941
777	967
777	970
777	986
777	999
778	454
778	585
778	635
778	648
778	730
778	731
778	745
778	754
778	797
778	816
778	866
778	878
778	890
778	891
778	908
778	919
778	928
778	972
778	986
778	996
779	183
779	374
779	452
779	495
779	507
779	572
779	574
779	610
779	665
779	695
779	723
779	751
779	791
779	809
779	824
779	827
779	848
779	881
779	974
779	995
780	435
780	490
780	526
780	582
780	592
780	609
780	658
780	661
780	664
780	689
780	700
780	708
780	714
780	788
780	798
780	845
780	882
780	883
780	929
781	40
781	234
781	439
781	513
781	536
781	537
781	586
781	598
781	681
781	704
781	844
781	847
781	855
781	868
781	927
781	939
781	960
781	986
781	996
782	597
782	603
782	644
782	695
782	733
782	740
782	753
782	766
782	769
782	771
782	870
782	881
782	911
782	914
782	937
782	950
782	968
782	971
782	974
782	976
782	988
783	234
783	545
783	569
783	598
783	721
783	746
783	750
783	763
783	831
783	841
783	863
783	873
783	881
783	892
783	910
783	937
783	942
783	946
783	961
783	989
783	994
784	172
784	223
784	389
784	431
784	447
784	489
784	493
784	528
784	563
784	573
784	609
784	669
784	743
784	747
784	756
784	788
784	830
784	852
784	914
784	949
784	965
785	400
785	557
785	693
785	703
785	704
785	711
785	734
785	810
785	839
785	871
785	879
785	909
785	916
785	925
785	929
785	959
785	975
785	981
785	983
785	996
786	357
786	406
786	468
786	526
786	735
786	749
786	766
786	772
786	792
786	803
786	815
786	836
786	837
786	910
786	926
786	948
786	953
786	966
786	981
786	993
786	996
787	190
787	497
787	572
787	632
787	640
787	646
787	673
787	716
787	741
787	768
787	769
787	770
787	852
787	857
787	874
787	922
787	960
787	974
787	975
787	980
788	426
788	529
788	582
788	592
788	609
788	639
788	689
788	700
788	702
788	718
788	780
788	784
788	789
788	831
788	837
788	845
788	883
788	895
788	914
788	926
789	546
789	674
789	739
789	758
789	775
789	788
789	802
789	840
789	858
789	865
789	895
789	900
789	904
789	911
789	912
789	919
789	925
789	935
789	947
789	979
789	983
790	359
790	567
790	659
790	739
790	825
790	834
790	835
790	842
790	888
790	908
790	910
790	922
790	933
790	956
790	963
790	980
790	990
790	994
791	127
791	343
791	408
791	412
791	433
791	488
791	644
791	680
791	737
791	741
791	762
791	779
791	795
791	887
791	918
791	940
791	945
791	957
791	968
791	973
791	998
792	538
792	593
792	614
792	636
792	653
792	662
792	667
792	714
792	769
792	786
792	840
792	897
792	910
792	924
792	926
792	934
792	953
792	981
792	993
792	1000
793	12
793	303
793	308
793	315
793	329
793	399
793	448
793	545
793	591
793	599
793	654
793	757
793	810
793	869
793	895
793	915
793	923
793	934
793	956
793	972
793	976
793	993
794	336
794	426
794	481
794	574
794	585
794	731
794	736
794	762
794	764
794	777
794	796
794	818
794	838
794	849
794	863
794	894
794	898
794	918
794	936
794	970
794	999
795	342
795	366
795	377
795	384
795	570
795	606
795	638
795	645
795	756
795	791
795	836
795	848
795	864
795	911
795	920
795	940
795	947
795	949
795	983
795	998
796	398
796	475
796	504
796	520
796	535
796	543
796	560
796	690
796	706
796	794
796	819
796	875
796	892
796	899
796	917
796	923
796	945
796	956
796	962
796	997
797	519
797	520
797	548
797	635
797	656
797	678
797	679
797	745
797	777
797	778
797	811
797	867
797	878
797	880
797	882
797	917
797	939
797	964
797	986
798	597
798	629
798	659
798	733
798	760
798	771
798	780
798	816
798	817
798	825
798	836
798	852
798	870
798	881
798	911
798	940
798	968
798	972
798	976
798	987
798	988
799	446
799	460
799	503
799	565
799	579
799	675
799	684
799	710
799	759
799	775
799	815
799	831
799	848
799	853
799	871
799	885
799	930
799	931
799	932
799	947
799	949
800	191
800	400
800	430
800	466
800	469
800	471
800	532
800	556
800	638
800	663
800	671
800	682
800	691
800	719
800	726
800	733
800	899
800	910
800	922
800	958
800	982
800	986
801	148
801	416
801	495
801	638
801	714
801	755
801	820
801	822
801	835
801	842
801	849
801	854
801	858
801	873
801	904
801	915
801	928
801	985
801	987
801	997
802	394
802	537
802	556
802	658
802	712
802	726
802	736
802	752
802	789
802	804
802	858
802	891
802	895
802	901
802	912
802	925
802	935
802	946
802	972
802	973
803	542
803	556
803	584
803	633
803	672
803	695
803	713
803	775
803	786
803	859
803	891
803	899
803	907
803	913
803	932
803	943
803	946
803	950
803	951
803	968
803	977
804	427
804	561
804	586
804	614
804	630
804	664
804	693
804	704
804	712
804	724
804	769
804	777
804	802
804	837
804	865
804	881
804	901
804	902
804	919
804	935
804	972
804	978
804	983
805	12
805	580
805	593
805	616
805	682
805	690
805	700
805	746
805	858
805	891
805	895
805	911
805	919
805	927
805	947
805	962
805	972
805	983
806	366
806	424
806	439
806	475
806	492
806	539
806	616
806	620
806	623
806	643
806	687
806	702
806	724
806	744
806	748
806	833
806	856
806	875
806	892
806	950
806	954
807	293
807	494
807	496
807	602
807	651
807	735
807	765
807	776
807	817
807	893
807	899
807	906
807	909
807	920
807	921
807	941
807	972
807	977
807	994
807	999
808	112
808	118
808	228
808	312
808	397
808	485
808	502
808	571
808	607
808	648
808	656
808	671
808	679
808	711
808	722
808	740
808	758
808	816
808	853
808	877
808	878
808	880
808	890
808	902
808	917
809	458
809	518
809	524
809	555
809	564
809	588
809	601
809	617
809	646
809	657
809	698
809	701
809	736
809	748
809	772
809	777
809	779
809	818
809	855
809	871
809	898
809	925
809	946
809	969
809	989
810	379
810	518
810	536
810	544
810	546
810	557
810	577
810	657
810	660
810	675
810	693
810	701
810	747
810	772
810	785
810	793
810	838
810	860
810	871
810	875
810	876
810	897
810	929
810	963
811	251
811	347
811	508
811	734
811	767
811	797
811	821
811	868
811	883
811	896
811	900
811	902
811	910
811	927
811	948
811	958
811	980
811	1000
812	499
812	511
812	544
812	574
812	582
812	665
812	667
812	732
812	741
812	850
812	858
812	888
812	892
812	894
812	912
812	935
812	958
812	959
812	967
812	970
812	999
813	488
813	615
813	639
813	684
813	686
813	692
813	715
813	750
813	826
813	843
813	869
813	912
813	917
813	920
813	924
813	965
813	983
813	990
813	991
813	995
814	537
814	597
814	654
814	678
814	744
814	765
814	767
814	769
814	772
814	775
814	829
814	862
814	876
814	883
814	887
814	938
814	944
814	951
814	962
814	979
814	995
815	406
815	616
815	660
815	670
815	687
815	705
815	713
815	753
815	757
815	766
815	786
815	799
815	833
815	835
815	844
815	856
815	875
815	892
815	897
815	921
815	931
815	940
816	222
816	403
816	486
816	587
816	661
816	665
816	671
816	684
816	687
816	709
816	742
816	778
816	798
816	808
816	880
816	890
816	902
816	907
816	917
816	929
816	986
816	987
817	293
817	392
817	558
817	605
817	651
817	670
817	739
817	760
817	798
817	807
817	838
817	893
817	906
817	921
817	940
817	941
817	951
817	966
817	984
817	999
818	557
818	651
818	687
818	699
818	717
818	718
818	755
818	758
818	794
818	809
818	822
818	835
818	845
818	849
818	854
818	858
818	888
818	904
818	906
818	924
818	932
818	934
818	971
818	997
819	269
819	398
819	451
819	475
819	493
819	504
819	520
819	535
819	543
819	560
819	571
819	596
819	621
819	664
819	670
819	690
819	706
819	707
819	796
819	849
819	903
819	967
820	454
820	710
820	730
820	737
820	761
820	801
820	826
820	832
820	846
820	864
820	874
820	882
820	889
820	912
820	920
820	936
820	945
820	952
820	957
820	958
821	575
821	582
821	621
821	661
821	678
821	713
821	716
821	725
821	733
821	759
821	811
821	826
821	830
821	834
821	843
821	896
821	900
821	902
821	928
821	943
821	948
821	958
821	980
822	557
822	607
822	663
822	685
822	717
822	729
822	746
822	763
822	801
822	818
822	849
822	854
822	904
822	905
822	915
822	928
822	934
822	951
822	959
822	968
822	971
822	985
822	987
823	347
823	474
823	551
823	581
823	588
823	600
823	631
823	637
823	654
823	662
823	706
823	728
823	775
823	851
823	873
823	886
823	905
823	931
823	992
824	141
824	447
824	529
824	587
824	604
824	632
824	640
824	641
824	643
824	673
824	674
824	688
824	770
824	779
824	852
824	867
824	873
824	880
824	881
824	924
824	968
824	971
824	975
824	988
825	112
825	431
825	438
825	612
825	615
825	652
825	688
825	705
825	744
825	790
825	798
825	835
825	842
825	865
825	898
825	908
825	922
825	933
825	955
825	956
825	963
826	195
826	215
826	375
826	391
826	439
826	476
826	523
826	666
826	715
826	750
826	813
826	820
826	821
826	843
826	848
826	868
826	920
826	948
826	974
826	990
826	991
826	995
827	183
827	374
827	495
827	507
827	572
827	665
827	673
827	695
827	703
827	723
827	727
827	751
827	771
827	776
827	779
827	840
827	870
827	894
827	911
827	939
827	956
827	959
827	1000
828	549
828	570
828	606
828	638
828	640
828	680
828	717
828	730
828	760
828	859
828	864
828	908
828	918
828	933
828	938
828	940
828	947
828	979
828	990
828	998
829	295
829	354
829	406
829	432
829	469
829	470
829	522
829	537
829	614
829	687
829	693
829	731
829	735
829	738
829	814
829	877
829	882
829	897
829	903
829	965
829	969
829	977
829	984
829	992
830	567
830	621
830	643
830	647
830	711
830	725
830	741
830	784
830	821
830	840
830	861
830	880
830	896
830	900
830	902
830	914
830	921
830	927
830	948
830	979
830	980
830	982
831	527
831	587
831	663
831	716
831	721
831	729
831	732
831	734
831	746
831	783
831	788
831	799
831	841
831	847
831	874
831	878
831	912
831	925
831	937
831	960
831	961
831	972
831	992
831	994
832	227
832	415
832	536
832	586
832	599
832	604
832	622
832	673
832	697
832	761
832	768
832	820
832	874
832	879
832	884
832	889
832	912
832	920
832	932
832	945
832	957
832	969
833	142
833	519
833	533
833	540
833	554
833	618
833	633
833	646
833	758
833	760
833	773
833	806
833	815
833	844
833	856
833	875
833	892
833	894
833	914
833	938
833	944
833	954
833	967
833	987
834	436
834	468
834	558
834	694
834	716
834	790
834	821
834	839
834	841
834	881
834	908
834	913
834	922
834	923
834	933
834	955
834	956
834	963
834	984
834	995
835	316
835	414
835	451
835	676
835	694
835	774
835	790
835	801
835	815
835	818
835	825
835	842
835	885
835	908
835	922
835	927
835	933
835	937
835	952
835	955
835	956
835	963
835	965
836	188
836	403
836	523
836	590
836	600
836	636
836	730
836	740
836	786
836	795
836	798
836	837
836	876
836	887
836	893
836	910
836	912
836	922
836	926
836	953
836	998
837	462
837	556
837	636
837	662
837	703
837	714
837	727
837	745
837	749
837	767
837	786
837	788
837	804
837	836
837	846
837	854
837	903
837	926
837	947
837	953
837	979
837	993
837	1000
838	490
838	564
838	576
838	591
838	652
838	685
838	699
838	726
838	751
838	794
838	810
838	817
838	849
838	860
838	866
838	872
838	914
838	942
838	956
838	966
838	967
838	969
838	1000
839	376
839	438
839	458
839	461
839	484
839	501
839	546
839	597
839	610
839	654
839	678
839	785
839	834
839	840
839	843
839	862
839	876
839	887
839	927
839	938
839	962
839	974
839	979
840	410
840	512
840	571
840	601
840	668
840	712
840	751
840	789
840	792
840	827
840	830
840	839
840	848
840	850
840	858
840	863
840	865
840	891
840	901
840	912
840	919
840	935
840	959
840	962
841	335
841	563
841	565
841	612
841	620
841	685
841	724
841	734
841	746
841	752
841	763
841	774
841	783
841	831
841	834
841	873
841	909
841	915
841	937
841	954
841	960
841	961
841	964
841	978
841	989
841	994
842	107
842	611
842	619
842	694
842	790
842	801
842	825
842	835
842	878
842	885
842	886
842	900
842	903
842	908
842	918
842	922
842	930
842	933
842	955
842	956
842	963
842	980
842	999
843	484
843	523
843	619
843	641
843	689
843	704
843	740
843	742
843	747
843	750
843	756
843	813
843	821
843	826
843	839
843	903
843	913
843	920
843	924
843	990
843	991
843	995
844	261
844	333
844	348
844	386
844	444
844	464
844	492
844	494
844	516
844	540
844	552
844	589
844	643
844	660
844	666
844	683
844	687
844	773
844	781
844	815
844	833
844	861
844	867
844	919
844	944
844	954
844	966
844	999
845	23
845	227
845	294
845	340
845	526
845	552
845	582
845	592
845	609
845	612
845	636
845	689
845	699
845	700
845	720
845	756
845	780
845	788
845	818
845	883
845	936
845	964
845	984
845	990
846	208
846	376
846	381
846	455
846	480
846	509
846	569
846	622
846	650
846	761
846	768
846	820
846	837
846	874
846	882
846	904
846	930
846	936
846	952
846	954
846	957
846	961
846	978
847	40
847	193
847	260
847	296
847	387
847	439
847	444
847	460
847	513
847	645
847	700
847	721
847	781
847	831
847	855
847	868
847	881
847	923
847	936
847	937
847	939
847	963
847	972
848	349
848	357
848	364
848	398
848	405
848	450
848	521
848	531
848	538
848	565
848	675
848	719
848	732
848	760
848	775
848	779
848	795
848	799
848	826
848	840
848	850
848	853
848	860
848	930
848	949
848	980
849	95
849	213
849	569
849	580
849	608
849	628
849	643
849	715
849	718
849	758
849	794
849	801
849	818
849	819
849	822
849	838
849	852
849	915
849	928
849	934
849	936
849	971
849	987
849	997
849	998
850	399
850	429
850	536
850	558
850	575
850	626
850	630
850	638
850	659
850	690
850	718
850	812
850	840
850	848
850	858
850	883
850	895
850	901
850	912
850	935
850	941
850	955
850	966
850	971
850	972
850	983
850	993
851	49
851	95
851	162
851	287
851	325
851	370
851	382
851	401
851	445
851	449
851	452
851	483
851	592
851	613
851	632
851	640
851	643
851	683
851	688
851	706
851	707
851	738
851	750
851	751
851	823
851	852
851	857
851	896
851	998
852	299
852	382
852	411
852	417
852	424
852	483
852	492
852	517
852	561
852	625
852	643
852	688
852	707
852	710
852	714
852	740
852	746
852	749
852	770
852	784
852	787
852	798
852	824
852	849
852	851
852	857
852	859
852	891
852	975
853	349
853	405
853	460
853	521
853	531
853	538
853	665
853	675
853	684
853	714
853	741
853	757
853	759
853	799
853	808
853	848
853	892
853	898
853	914
853	930
853	932
853	949
853	975
853	989
854	320
854	492
854	606
854	718
854	728
854	749
854	755
854	801
854	818
854	822
854	837
854	865
854	888
854	904
854	909
854	934
854	971
854	978
854	980
854	985
854	995
854	997
854	998
855	65
855	88
855	189
855	206
855	260
855	296
855	387
855	439
855	444
855	636
855	641
855	679
855	681
855	689
855	714
855	716
855	781
855	809
855	847
855	866
855	868
855	909
855	922
855	925
855	936
855	939
855	973
856	534
856	552
856	589
856	628
856	655
856	661
856	674
856	683
856	687
856	704
856	706
856	724
856	739
856	753
856	773
856	806
856	815
856	833
856	857
856	867
856	869
856	890
856	892
856	895
856	914
856	923
856	954
856	967
857	93
857	281
857	291
857	401
857	450
857	452
857	494
857	528
857	539
857	547
857	553
857	561
857	566
857	624
857	632
857	644
857	673
857	674
857	700
857	707
857	770
857	787
857	851
857	852
857	856
857	888
857	975
857	978
858	71
858	467
858	475
858	554
858	591
858	654
858	703
858	739
858	789
858	801
858	802
858	805
858	812
858	818
858	840
858	850
858	860
858	865
858	899
858	912
858	915
858	916
858	919
858	935
858	947
858	959
858	966
858	972
859	144
859	381
859	399
859	479
859	480
859	494
859	509
859	512
859	579
859	609
859	661
859	708
859	713
859	744
859	748
859	803
859	828
859	852
859	885
859	907
859	913
859	918
859	925
859	932
859	937
859	950
859	951
859	978
860	423
860	428
860	490
860	564
860	567
860	576
860	631
860	652
860	670
860	676
860	685
860	699
860	726
860	810
860	838
860	848
860	858
860	866
860	867
860	872
860	875
860	879
860	887
860	898
860	906
860	942
860	950
860	964
860	1000
861	305
861	336
861	435
861	485
861	534
861	564
861	613
861	623
861	645
861	655
861	660
861	672
861	705
861	753
861	759
861	760
861	773
861	830
861	844
861	889
861	892
861	914
861	937
861	949
861	954
861	956
861	960
861	988
861	991
862	126
862	462
862	550
862	597
862	610
862	654
862	666
862	678
862	682
862	732
862	733
862	740
862	814
862	839
862	869
862	876
862	885
862	887
862	938
862	962
862	975
862	979
862	984
862	988
862	994
863	87
863	280
863	416
863	465
863	466
863	501
863	511
863	544
863	574
863	578
863	588
863	594
863	659
863	673
863	732
863	741
863	758
863	764
863	773
863	783
863	794
863	840
863	894
863	899
863	919
863	953
863	970
863	992
863	999
864	37
864	181
864	233
864	330
864	343
864	353
864	377
864	404
864	407
864	412
864	422
864	577
864	591
864	618
864	680
864	728
864	765
864	769
864	795
864	820
864	828
864	885
864	898
864	917
864	939
864	940
864	994
864	998
865	351
865	382
865	427
865	575
865	586
865	601
865	603
865	618
865	623
865	630
865	637
865	776
865	777
865	789
865	804
865	825
865	840
865	854
865	858
865	895
865	956
865	959
865	966
865	969
865	972
865	975
865	978
866	319
866	376
866	422
866	423
866	428
866	470
866	474
866	515
866	563
866	564
866	608
866	627
866	636
866	646
866	676
866	685
866	722
866	726
866	778
866	838
866	855
866	860
866	872
866	891
866	901
866	925
866	942
866	997
866	1000
867	126
867	186
867	261
867	331
867	345
867	383
867	409
867	461
867	474
867	496
867	552
867	616
867	641
867	660
867	683
867	690
867	743
867	753
867	770
867	773
867	797
867	824
867	844
867	856
867	860
867	905
867	914
867	944
867	954
867	964
868	36
868	189
868	193
868	206
868	251
868	296
868	387
868	393
868	439
868	444
868	513
868	541
868	563
868	609
868	681
868	684
868	724
868	759
868	781
868	811
868	826
868	847
868	855
868	871
868	936
868	939
868	979
868	980
868	991
868	996
869	28
869	339
869	399
869	417
869	540
869	541
869	603
869	605
869	700
869	725
869	731
869	771
869	793
869	813
869	856
869	862
869	882
869	889
869	897
869	903
869	914
869	930
869	965
869	969
869	977
869	984
869	992
869	1000
870	457
870	472
870	477
870	507
870	555
870	640
870	733
870	759
870	760
870	770
870	771
870	782
870	798
870	827
870	874
870	881
870	895
870	911
870	925
870	936
870	968
870	974
870	976
870	978
870	988
870	999
870	1000
871	382
871	489
871	514
871	515
871	563
871	576
871	589
871	598
871	602
871	657
871	661
871	707
871	724
871	748
871	772
871	785
871	799
871	809
871	810
871	868
871	879
871	916
871	925
871	929
871	943
871	944
871	947
871	965
871	973
871	996
872	98
872	210
872	242
872	321
872	360
872	428
872	470
872	490
872	497
872	515
872	564
872	599
872	622
872	627
872	645
872	652
872	676
872	699
872	701
872	726
872	747
872	838
872	860
872	866
872	898
872	920
872	935
872	942
872	951
872	959
872	1000
873	418
873	452
873	587
873	593
873	686
873	704
873	706
873	715
873	721
873	734
873	746
873	752
873	755
873	758
873	767
873	783
873	801
873	823
873	824
873	841
873	893
873	901
873	907
873	932
873	937
873	946
873	960
873	961
873	972
873	989
874	415
874	420
874	451
874	480
874	632
874	697
874	712
874	737
874	761
874	772
874	787
874	820
874	831
874	832
874	846
874	870
874	877
874	884
874	889
874	895
874	936
874	942
874	945
874	952
874	969
874	980
874	990
874	994
875	186
875	248
875	336
875	386
875	443
875	473
875	484
875	534
875	544
875	620
875	623
875	668
875	682
875	683
875	684
875	705
875	755
875	796
875	806
875	810
875	815
875	833
875	860
875	914
875	944
875	945
875	954
875	976
875	985
876	77
876	121
876	196
876	270
876	311
876	345
876	391
876	419
876	507
876	516
876	537
876	542
876	550
876	583
876	601
876	635
876	645
876	654
876	659
876	678
876	733
876	810
876	814
876	836
876	839
876	862
876	887
876	910
876	962
876	979
876	994
877	20
877	30
877	128
877	197
877	218
877	243
877	266
877	300
877	303
877	309
877	394
877	418
877	438
877	455
877	483
877	486
877	581
877	607
877	618
877	648
877	698
877	722
877	727
877	745
877	775
877	808
877	829
877	874
877	880
877	917
877	924
877	986
878	478
878	519
878	521
878	581
878	604
878	607
878	630
878	635
878	650
878	692
878	730
878	754
878	762
878	778
878	797
878	808
878	831
878	842
878	880
878	887
878	895
878	897
878	913
878	916
878	917
878	920
878	923
878	986
879	93
879	317
879	458
879	514
879	517
879	560
879	598
879	611
879	613
879	621
879	628
879	657
879	675
879	680
879	690
879	695
879	715
879	739
879	748
879	772
879	785
879	832
879	860
879	871
879	909
879	912
879	921
879	925
879	929
879	941
879	946
879	996
880	257
880	442
880	453
880	486
880	529
880	607
880	612
880	648
880	656
880	679
880	707
880	730
880	797
880	808
880	816
880	824
880	830
880	877
880	878
880	916
880	917
880	921
880	969
880	981
880	988
880	994
881	578
881	581
881	590
881	629
881	700
881	709
881	733
881	757
881	771
881	779
881	782
881	783
881	798
881	804
881	824
881	834
881	847
881	870
881	884
881	890
881	899
881	911
881	938
881	968
881	971
881	974
881	976
881	988
882	414
882	545
882	562
882	603
882	604
882	656
882	729
882	731
882	738
882	742
882	769
882	780
882	797
882	820
882	829
882	846
882	869
882	893
882	897
882	903
882	918
882	941
882	965
882	967
882	969
882	977
882	984
882	987
882	992
883	23
883	50
883	156
883	177
883	210
883	216
883	276
883	278
883	340
883	380
883	451
883	482
883	526
883	532
883	582
883	592
883	605
883	609
883	689
883	700
883	701
883	745
883	747
883	780
883	788
883	811
883	814
883	845
883	850
883	915
883	981
883	989
883	993
884	334
884	358
884	468
884	508
884	520
884	551
884	590
884	658
884	697
884	737
884	832
884	874
884	881
884	885
884	886
884	889
884	910
884	919
884	926
884	933
884	936
884	945
884	952
884	957
884	964
884	983
884	988
885	169
885	293
885	322
885	432
885	536
885	579
885	604
885	608
885	661
885	694
885	708
885	713
885	723
885	738
885	742
885	744
885	763
885	799
885	835
885	842
885	859
885	862
885	864
885	884
885	899
885	913
885	932
885	943
885	951
885	978
886	64
886	154
886	162
886	230
886	347
886	348
886	350
886	362
886	367
886	372
886	495
886	497
886	498
886	522
886	551
886	611
886	616
886	631
886	637
886	669
886	683
886	728
886	823
886	842
886	884
886	905
886	931
886	974
886	991
887	177
887	250
887	311
887	371
887	476
887	537
887	550
887	585
887	610
887	649
887	662
887	678
887	713
887	739
887	791
887	814
887	836
887	839
887	860
887	862
887	876
887	878
887	897
887	903
887	922
887	962
887	979
887	982
888	282
888	298
888	380
888	565
888	603
888	645
888	658
888	674
888	681
888	718
888	755
888	758
888	767
888	776
888	790
888	812
888	818
888	854
888	857
888	904
888	915
888	928
888	934
888	953
888	958
888	971
888	985
888	987
888	997
889	363
889	420
889	455
889	466
889	468
889	476
889	606
889	631
889	650
889	683
889	705
889	737
889	759
889	761
889	768
889	820
889	832
889	861
889	869
889	874
889	884
889	897
889	936
889	945
889	957
889	980
889	988
889	998
889	999
890	394
890	478
890	524
890	528
890	577
890	581
890	635
890	652
890	656
890	658
890	679
890	709
890	725
890	730
890	748
890	754
890	768
890	778
890	808
890	816
890	856
890	881
890	899
890	900
890	935
890	964
890	982
890	984
890	986
890	993
891	248
891	429
891	440
891	491
891	498
891	528
891	593
891	601
891	618
891	666
891	712
891	736
891	761
891	778
891	802
891	803
891	805
891	840
891	852
891	866
891	895
891	901
891	919
891	928
891	929
891	939
891	966
891	973
891	983
891	989
892	66
892	186
892	331
892	386
892	463
892	482
892	484
892	485
892	496
892	519
892	577
892	589
892	608
892	623
892	639
892	680
892	690
892	705
892	723
892	746
892	773
892	783
892	796
892	806
892	812
892	815
892	833
892	853
892	856
892	861
892	944
892	955
892	986
893	44
893	97
893	258
893	282
893	304
893	322
893	324
893	357
893	365
893	413
893	456
893	490
893	541
893	553
893	602
893	624
893	663
893	668
893	726
893	729
893	735
893	749
893	753
893	776
893	807
893	817
893	836
893	873
893	882
893	906
893	921
893	941
893	943
893	975
894	55
894	70
894	336
894	341
894	416
894	421
894	501
894	520
894	544
894	548
894	555
894	567
894	630
894	664
894	732
894	736
894	737
894	739
894	741
894	743
894	750
894	762
894	794
894	812
894	827
894	833
894	863
894	898
894	912
894	930
894	942
894	967
894	970
895	357
895	518
895	560
895	583
895	601
895	693
895	731
895	767
895	788
895	789
895	793
895	802
895	805
895	850
895	856
895	865
895	870
895	874
895	878
895	891
895	901
895	914
895	919
895	927
895	935
895	943
895	959
895	973
895	982
896	219
896	221
896	235
896	350
896	487
896	498
896	527
896	550
896	572
896	575
896	583
896	586
896	708
896	726
896	763
896	811
896	821
896	830
896	851
896	900
896	902
896	905
896	906
896	924
896	948
896	958
896	980
896	982
896	992
897	201
897	287
897	453
897	540
897	541
897	603
897	605
897	676
897	698
897	703
897	729
897	731
897	792
897	810
897	815
897	829
897	869
897	878
897	882
897	887
897	889
897	902
897	903
897	965
897	969
897	977
897	984
897	990
897	992
897	998
898	39
898	224
898	227
898	240
898	245
898	297
898	416
898	421
898	501
898	574
898	594
898	647
898	718
898	732
898	736
898	741
898	764
898	794
898	809
898	825
898	853
898	860
898	864
898	872
898	894
898	940
898	952
898	967
898	970
898	991
898	999
899	258
899	335
899	363
899	373
899	426
899	560
899	576
899	579
899	608
899	645
899	649
899	658
899	664
899	708
899	709
899	736
899	742
899	766
899	796
899	800
899	803
899	807
899	858
899	863
899	881
899	885
899	890
899	913
899	916
899	932
899	950
899	978
899	985
900	50
900	292
900	299
900	320
900	356
900	362
900	479
900	499
900	503
900	520
900	526
900	621
900	634
900	645
900	646
900	659
900	712
900	789
900	811
900	821
900	830
900	842
900	890
900	896
900	902
900	913
900	927
900	939
900	948
900	958
900	980
900	982
901	188
901	451
901	586
901	632
901	637
901	699
901	712
901	722
901	739
901	802
901	804
901	840
901	850
901	866
901	873
901	891
901	895
901	919
901	947
901	954
901	957
901	959
901	960
901	962
901	966
901	967
901	972
901	973
901	974
901	984
901	995
902	403
902	451
902	467
902	476
902	487
902	511
902	522
902	528
902	621
902	679
902	721
902	723
902	739
902	759
902	766
902	768
902	804
902	808
902	811
902	816
902	821
902	830
902	896
902	897
902	900
902	908
902	927
902	948
902	958
902	980
902	982
902	990
903	462
903	471
903	541
903	603
903	605
903	610
903	695
903	729
903	731
903	738
903	740
903	776
903	819
903	829
903	837
903	842
903	843
903	869
903	882
903	887
903	897
903	905
903	917
903	957
903	964
903	965
903	969
903	977
903	984
903	992
903	997
903	999
904	67
904	266
904	337
904	369
904	493
904	500
904	539
904	564
904	585
904	612
904	636
904	677
904	689
904	697
904	729
904	755
904	761
904	771
904	789
904	801
904	818
904	822
904	846
904	854
904	888
904	915
904	917
904	928
904	934
904	971
904	985
904	997
905	154
905	208
905	230
905	246
905	248
905	249
905	289
905	320
905	347
905	362
905	367
905	412
905	453
905	478
905	498
905	502
905	504
905	522
905	551
905	619
905	631
905	637
905	728
905	761
905	822
905	823
905	867
905	886
905	896
905	903
905	913
905	924
905	931
905	952
905	961
906	18
906	139
906	212
906	279
906	321
906	324
906	353
906	357
906	373
906	413
906	448
906	456
906	478
906	494
906	562
906	584
906	650
906	652
906	668
906	687
906	688
906	734
906	735
906	765
906	776
906	807
906	817
906	818
906	860
906	893
906	896
906	921
906	941
906	986
907	372
907	379
907	426
907	459
907	494
907	537
907	543
907	560
907	571
907	580
907	612
907	615
907	633
907	645
907	647
907	708
907	713
907	744
907	759
907	803
907	816
907	859
907	873
907	913
907	917
907	932
907	934
907	943
907	951
907	957
907	978
907	989
907	995
908	131
908	290
908	332
908	459
908	465
908	533
908	568
908	584
908	614
908	644
908	689
908	694
908	702
908	711
908	732
908	747
908	762
908	766
908	778
908	790
908	825
908	828
908	834
908	835
908	842
908	902
908	910
908	933
908	955
908	956
908	959
908	963
908	972
909	3
909	181
909	247
909	256
909	284
909	305
909	473
909	514
909	518
909	548
909	588
909	617
909	628
909	635
909	679
909	682
909	698
909	748
909	749
909	772
909	785
909	807
909	841
909	854
909	855
909	879
909	929
909	946
909	947
909	957
909	958
909	963
909	970
909	998
910	354
910	403
910	463
910	477
910	478
910	600
910	611
910	636
910	653
910	662
910	714
910	727
910	740
910	767
910	774
910	783
910	786
910	790
910	792
910	800
910	811
910	836
910	876
910	884
910	908
910	922
910	927
910	941
910	965
910	975
910	976
910	981
910	993
911	150
911	185
911	207
911	299
911	347
911	457
911	465
911	477
911	487
911	578
911	629
911	637
911	715
911	733
911	763
911	771
911	782
911	789
911	795
911	798
911	805
911	827
911	870
911	881
911	936
911	945
911	949
911	966
911	968
911	974
911	976
911	988
912	19
912	338
912	351
912	411
912	450
912	536
912	553
912	555
912	601
912	626
912	659
912	677
912	704
912	718
912	789
912	802
912	812
912	813
912	820
912	831
912	832
912	836
912	840
912	850
912	858
912	879
912	894
912	929
912	935
912	943
912	947
912	959
912	966
912	973
912	989
913	69
913	75
913	304
913	314
913	395
913	502
913	530
913	574
913	599
913	608
913	633
913	645
913	658
913	664
913	713
913	803
913	834
913	843
913	859
913	878
913	885
913	899
913	900
913	905
913	907
913	916
913	936
913	939
913	943
913	950
913	957
913	962
913	978
913	981
914	129
914	150
914	310
914	336
914	350
914	461
914	484
914	496
914	534
914	552
914	589
914	617
914	634
914	636
914	682
914	690
914	705
914	753
914	757
914	769
914	782
914	784
914	788
914	830
914	833
914	838
914	853
914	856
914	861
914	867
914	869
914	875
914	895
914	954
914	962
914	969
914	988
915	192
915	225
915	286
915	316
915	396
915	397
915	443
915	464
915	483
915	505
915	510
915	537
915	543
915	570
915	585
915	588
915	653
915	677
915	703
915	717
915	740
915	793
915	801
915	822
915	841
915	849
915	858
915	883
915	888
915	904
915	917
915	934
915	971
915	981
915	985
915	987
916	116
916	198
916	213
916	216
916	284
916	377
916	385
916	458
916	473
916	514
916	535
916	546
916	577
916	588
916	598
916	620
916	628
916	646
916	648
916	701
916	724
916	731
916	744
916	772
916	785
916	858
916	871
916	878
916	880
916	899
916	913
916	946
916	949
916	955
916	959
916	996
917	168
917	205
917	300
917	424
917	453
917	564
917	568
917	574
917	581
917	583
917	656
917	671
917	672
917	697
917	722
917	730
917	737
917	745
917	754
917	773
917	796
917	797
917	808
917	813
917	816
917	864
917	877
917	878
917	880
917	903
917	904
917	907
917	915
917	949
917	964
917	970
917	986
918	43
918	70
918	229
918	295
918	317
918	321
918	330
918	353
918	366
918	377
918	404
918	408
918	422
918	433
918	450
918	465
918	488
918	495
918	514
918	549
918	638
918	676
918	690
918	691
918	701
918	714
918	716
918	768
918	791
918	794
918	828
918	842
918	859
918	882
918	940
918	945
918	982
918	985
918	998
919	129
919	145
919	164
919	286
919	330
919	425
919	428
919	492
919	515
919	618
919	626
919	635
919	668
919	681
919	712
919	731
919	778
919	789
919	804
919	805
919	840
919	844
919	858
919	863
919	884
919	891
919	895
919	901
919	947
919	959
919	969
919	972
919	973
919	979
919	983
920	256
920	454
920	516
920	523
920	548
920	558
920	619
920	639
920	664
920	692
920	715
920	730
920	750
920	772
920	795
920	807
920	813
920	820
920	826
920	832
920	843
920	872
920	878
920	924
920	939
920	950
920	978
920	981
920	984
920	990
920	991
920	992
920	995
921	58
921	212
921	258
921	324
921	333
921	354
921	362
921	392
921	413
921	420
921	456
921	494
921	518
921	581
921	601
921	602
921	632
921	651
921	668
921	735
921	748
921	765
921	774
921	776
921	807
921	815
921	817
921	830
921	879
921	880
921	893
921	906
921	941
921	948
921	952
921	994
922	268
922	296
922	307
922	317
922	375
922	488
922	501
922	516
922	527
922	533
922	584
922	595
922	644
922	691
922	694
922	697
922	754
922	787
922	790
922	800
922	825
922	834
922	835
922	836
922	842
922	855
922	887
922	910
922	933
922	951
922	955
922	956
922	963
922	978
922	984
922	988
923	10
923	18
923	32
923	133
923	136
923	159
923	171
923	221
923	265
923	303
923	308
923	315
923	329
923	344
923	399
923	448
923	489
923	505
923	545
923	591
923	599
923	606
923	654
923	686
923	693
923	699
923	711
923	714
923	768
923	769
923	793
923	796
923	834
923	847
923	856
923	878
923	928
923	963
923	969
923	985
924	66
924	277
924	333
924	384
924	415
924	431
924	432
924	435
924	500
924	523
924	540
924	548
924	558
924	576
924	609
924	613
924	619
924	692
924	707
924	715
924	750
924	792
924	813
924	818
924	824
924	843
924	877
924	896
924	905
924	920
924	952
924	968
924	990
924	991
924	995
925	115
925	259
925	384
925	416
925	435
925	552
925	557
925	577
925	598
925	610
925	622
925	628
925	698
925	724
925	730
925	731
925	747
925	748
925	751
925	762
925	772
925	776
925	785
925	789
925	802
925	809
925	831
925	855
925	859
925	866
925	870
925	871
925	879
925	929
925	946
925	977
925	996
926	218
926	302
926	312
926	378
926	403
926	533
926	542
926	585
926	590
926	618
926	636
926	661
926	667
926	695
926	714
926	740
926	749
926	767
926	786
926	788
926	792
926	836
926	837
926	884
926	936
926	939
926	952
926	953
926	960
926	964
926	971
926	972
926	981
926	993
927	208
927	211
927	288
927	291
927	337
927	356
927	397
927	466
927	487
927	499
927	503
927	513
927	536
927	619
927	659
927	675
927	699
927	707
927	757
927	761
927	781
927	805
927	811
927	830
927	835
927	839
927	895
927	900
927	902
927	910
927	939
927	948
927	958
927	982
927	992
927	1000
928	56
928	147
928	204
928	249
928	396
928	419
928	436
928	491
928	505
928	517
928	539
928	562
928	585
928	607
928	635
928	677
928	680
928	709
928	717
928	718
928	755
928	778
928	801
928	821
928	822
928	849
928	888
928	891
928	904
928	923
928	934
928	941
928	971
928	987
928	996
928	997
929	51
929	141
929	192
929	214
929	218
929	239
929	302
929	305
929	359
929	379
929	380
929	510
929	544
929	546
929	577
929	588
929	613
929	617
929	667
929	693
929	701
929	737
929	743
929	748
929	774
929	780
929	785
929	810
929	816
929	871
929	879
929	891
929	909
929	912
929	925
929	946
929	977
930	349
930	364
930	405
930	463
930	521
930	531
930	538
930	565
930	567
930	621
930	628
930	667
930	669
930	675
930	684
930	692
930	696
930	705
930	708
930	711
930	723
930	759
930	775
930	799
930	842
930	846
930	848
930	853
930	869
930	894
930	949
930	953
930	973
930	991
930	995
931	53
931	108
931	120
931	145
931	151
931	154
931	158
931	200
931	230
931	246
931	249
931	289
931	303
931	306
931	320
931	347
931	362
931	367
931	479
931	486
931	498
931	503
931	551
931	561
931	607
931	616
931	618
931	631
931	637
931	650
931	697
931	717
931	728
931	799
931	815
931	823
931	886
931	905
931	960
931	975
932	81
932	110
932	187
932	231
932	251
932	283
932	325
932	335
932	378
932	502
932	571
932	579
932	604
932	608
932	611
932	615
932	642
932	645
932	661
932	672
932	692
932	713
932	717
932	744
932	750
932	799
932	803
932	818
932	832
932	853
932	859
932	873
932	885
932	899
932	907
932	953
932	974
932	978
932	990
933	31
933	80
933	160
933	179
933	265
933	276
933	358
933	372
933	433
933	459
933	483
933	533
933	561
933	584
933	634
933	644
933	665
933	675
933	694
933	713
933	790
933	825
933	828
933	834
933	835
933	842
933	884
933	908
933	922
933	955
933	956
933	957
933	963
933	974
933	977
933	982
934	81
934	232
934	320
934	351
934	390
934	396
934	404
934	467
934	527
934	539
934	568
934	585
934	621
934	650
934	677
934	690
934	706
934	717
934	718
934	731
934	742
934	758
934	792
934	793
934	818
934	822
934	849
934	854
934	888
934	904
934	907
934	915
934	928
934	947
934	959
934	985
934	990
934	997
935	234
935	279
935	341
935	364
935	392
935	433
935	457
935	511
935	528
935	533
935	583
935	586
935	638
935	735
935	739
935	765
935	774
935	789
935	802
935	804
935	812
935	840
935	850
935	858
935	872
935	890
935	895
935	912
935	947
935	950
935	966
935	972
935	973
935	975
935	980
935	983
935	987
936	268
936	327
936	334
936	370
936	415
936	420
936	476
936	480
936	508
936	549
936	562
936	583
936	598
936	622
936	650
936	697
936	737
936	761
936	794
936	820
936	845
936	846
936	847
936	849
936	855
936	868
936	870
936	874
936	884
936	889
936	911
936	913
936	926
936	937
936	945
936	952
936	954
936	957
936	995
937	155
937	177
937	219
937	418
937	516
937	527
937	552
937	577
937	593
937	653
937	668
937	676
937	696
937	704
937	711
937	719
937	722
937	734
937	752
937	775
937	782
937	783
937	831
937	835
937	841
937	847
937	859
937	861
937	873
937	936
937	960
937	961
937	981
937	989
937	994
938	79
938	95
938	149
938	204
938	225
938	250
938	270
938	293
938	298
938	306
938	359
938	402
938	419
938	455
938	456
938	467
938	476
938	537
938	550
938	597
938	601
938	610
938	654
938	678
938	684
938	686
938	697
938	699
938	722
938	744
938	758
938	814
938	828
938	833
938	839
938	862
938	881
938	962
938	976
938	979
938	987
939	40
939	64
939	65
939	88
939	117
939	118
939	137
939	189
939	193
939	206
939	238
939	260
939	296
939	359
939	387
939	439
939	444
939	459
939	513
939	613
939	652
939	673
939	681
939	712
939	724
939	781
939	797
939	827
939	847
939	855
939	864
939	868
939	891
939	900
939	913
939	920
939	926
939	927
939	967
939	995
939	1000
940	43
940	127
940	140
940	146
940	220
940	245
940	273
940	295
940	331
940	342
940	343
940	358
940	404
940	422
940	433
940	464
940	465
940	488
940	490
940	518
940	560
940	570
940	600
940	606
940	638
940	653
940	743
940	770
940	791
940	795
940	798
940	815
940	817
940	828
940	864
940	898
940	918
940	944
940	955
940	979
940	987
940	998
941	111
941	137
941	149
941	212
941	238
941	258
941	298
941	304
941	314
941	324
941	357
941	390
941	392
941	413
941	421
941	430
941	456
941	506
941	535
941	602
941	647
941	651
941	668
941	681
941	692
941	735
941	759
941	765
941	776
941	777
941	807
941	817
941	850
941	879
941	882
941	893
941	906
941	910
941	921
941	928
941	992
942	22
942	28
942	61
942	88
942	91
942	173
942	174
942	207
942	210
942	252
942	423
942	428
942	431
942	438
942	446
942	460
942	470
942	515
942	564
942	570
942	627
942	652
942	685
942	699
942	702
942	723
942	726
942	730
942	738
942	748
942	776
942	783
942	838
942	860
942	866
942	872
942	874
942	894
942	944
942	956
942	997
942	1000
943	110
943	126
943	148
943	373
943	384
943	398
943	442
943	470
943	502
943	542
943	612
943	615
943	623
943	628
943	645
943	649
943	658
943	661
943	664
943	674
943	708
943	724
943	742
943	751
943	774
943	803
943	821
943	871
943	885
943	893
943	895
943	907
943	912
943	913
943	950
943	953
943	967
943	974
943	978
943	996
944	105
944	346
944	350
944	406
944	457
944	461
944	484
944	485
944	496
944	509
944	534
944	540
944	552
944	557
944	589
944	623
944	644
944	660
944	668
944	674
944	676
944	683
944	687
944	688
944	760
944	814
944	833
944	844
944	867
944	871
944	875
944	892
944	940
944	942
944	953
944	961
944	966
944	980
944	1000
945	34
945	224
945	255
945	274
945	309
945	330
945	358
945	370
945	411
945	455
945	468
945	476
945	500
945	509
945	532
945	554
945	560
945	594
945	614
945	622
945	650
945	664
945	674
945	679
945	697
945	791
945	796
945	820
945	832
945	874
945	875
945	884
945	889
945	911
945	918
945	936
945	952
945	955
945	957
945	973
945	992
946	3
946	79
946	138
946	166
946	179
946	198
946	402
946	441
946	458
946	473
946	512
946	514
946	538
946	546
946	548
946	598
946	610
946	613
946	617
946	621
946	634
946	657
946	680
946	681
946	693
946	754
946	772
946	783
946	802
946	803
946	809
946	873
946	879
946	909
946	916
946	925
946	929
946	948
946	970
946	981
946	996
947	113
947	214
947	361
947	446
947	463
947	480
947	508
947	534
947	551
947	553
947	555
947	572
947	583
947	626
947	630
947	649
947	659
947	694
947	712
947	739
947	763
947	789
947	795
947	799
947	805
947	828
947	837
947	858
947	871
947	901
947	909
947	912
947	919
947	934
947	935
947	950
947	959
947	961
947	970
947	972
947	973
948	60
948	85
948	108
948	135
948	161
948	267
948	304
948	337
948	352
948	365
948	397
948	429
948	430
948	487
948	499
948	503
948	522
948	536
948	552
948	575
948	600
948	666
948	702
948	767
948	774
948	786
948	811
948	821
948	826
948	830
948	896
948	900
948	902
948	921
948	927
948	946
948	959
948	980
948	982
948	989
948	998
949	41
949	195
949	209
949	240
949	281
949	323
949	349
949	364
949	402
949	405
949	416
949	444
949	447
949	457
949	460
949	463
949	471
949	495
949	521
949	531
949	538
949	565
949	621
949	662
949	675
949	684
949	704
949	730
949	759
949	775
949	784
949	795
949	799
949	848
949	853
949	861
949	911
949	916
949	917
949	930
949	954
949	958
950	123
950	126
950	216
950	231
950	240
950	301
950	335
950	345
950	363
950	395
950	419
950	431
950	436
950	459
950	494
950	523
950	571
950	608
950	612
950	615
950	645
950	649
950	658
950	664
950	685
950	702
950	713
950	743
950	744
950	745
950	782
950	803
950	806
950	859
950	860
950	899
950	913
950	920
950	935
950	943
950	947
951	69
951	81
951	126
951	172
951	231
951	267
951	280
951	325
951	345
951	373
951	395
951	426
951	480
951	502
951	507
951	518
951	571
951	579
951	589
951	608
951	612
951	615
951	633
951	634
951	658
951	661
951	664
951	667
951	671
951	672
951	708
951	720
951	726
951	727
951	747
951	768
951	803
951	814
951	817
951	822
951	859
951	872
951	885
951	907
951	922
952	9
952	38
952	279
952	289
952	308
952	319
952	368
952	370
952	395
952	415
952	444
952	455
952	480
952	508
952	589
952	598
952	606
952	609
952	614
952	622
952	629
952	650
952	652
952	675
952	719
952	737
952	768
952	820
952	835
952	846
952	874
952	884
952	898
952	905
952	921
952	924
952	926
952	936
952	945
952	957
952	984
953	179
953	188
953	302
953	354
953	393
953	397
953	432
953	443
953	479
953	509
953	533
953	576
953	590
953	600
953	636
953	637
953	653
953	667
953	694
953	698
953	714
953	731
953	740
953	749
953	767
953	786
953	792
953	836
953	837
953	863
953	888
953	926
953	930
953	932
953	943
953	944
953	955
953	967
953	980
953	981
953	990
953	993
954	129
954	237
954	255
954	262
954	275
954	290
954	331
954	344
954	346
954	442
954	461
954	482
954	485
954	496
954	593
954	618
954	655
954	658
954	686
954	687
954	714
954	715
954	753
954	773
954	806
954	833
954	841
954	844
954	846
954	856
954	861
954	867
954	875
954	901
954	914
954	936
954	949
954	958
954	986
954	994
955	18
955	92
955	291
955	307
955	332
955	375
955	459
955	498
955	527
955	530
955	533
955	563
955	584
955	585
955	644
955	666
955	694
955	734
955	738
955	752
955	825
955	834
955	835
955	842
955	850
955	892
955	908
955	916
955	922
955	933
955	940
955	945
955	953
955	956
955	963
955	964
955	966
955	984
956	78
956	332
956	375
956	432
956	448
956	459
956	533
956	544
956	560
956	584
956	598
956	638
956	642
956	644
956	645
956	694
956	708
956	730
956	790
956	793
956	796
956	825
956	827
956	834
956	835
956	838
956	842
956	861
956	865
956	908
956	922
956	933
956	942
956	955
956	962
956	963
956	981
956	996
957	125
957	215
957	219
957	334
957	358
957	420
957	455
957	468
957	476
957	526
957	541
957	573
957	577
957	622
957	650
957	697
957	761
957	768
957	791
957	820
957	832
957	846
957	884
957	889
957	901
957	903
957	907
957	909
957	913
957	933
957	936
957	945
957	952
957	965
957	977
957	988
957	996
957	999
958	85
958	117
958	161
958	208
958	220
958	264
958	274
958	277
958	288
958	291
958	318
958	329
958	337
958	499
958	510
958	522
958	536
958	575
958	621
958	646
958	708
958	711
958	727
958	736
958	757
958	771
958	800
958	811
958	812
958	820
958	821
958	888
958	896
958	900
958	902
958	909
958	927
958	949
958	954
958	974
958	980
958	982
959	293
959	351
959	379
959	434
959	512
959	553
959	555
959	576
959	582
959	583
959	586
959	604
959	618
959	626
959	658
959	712
959	730
959	785
959	812
959	822
959	827
959	840
959	858
959	865
959	872
959	895
959	901
959	908
959	912
959	916
959	919
959	934
959	947
959	948
959	965
959	966
959	972
959	984
959	1000
960	42
960	45
960	96
960	160
960	198
960	202
960	205
960	257
960	263
960	268
960	429
960	457
960	458
960	501
960	516
960	527
960	587
960	593
960	696
960	704
960	705
960	713
960	717
960	721
960	746
960	752
960	763
960	764
960	781
960	787
960	831
960	841
960	861
960	873
960	901
960	926
960	931
960	937
960	961
960	976
960	989
960	994
961	16
961	99
961	120
961	127
961	202
961	217
961	225
961	236
961	268
961	303
961	418
961	437
961	472
961	480
961	510
961	511
961	512
961	516
961	566
961	587
961	593
961	595
961	653
961	696
961	704
961	721
961	734
961	751
961	752
961	763
961	783
961	831
961	841
961	846
961	873
961	905
961	937
961	944
961	947
961	960
961	989
961	994
961	1000
962	136
962	222
962	225
962	250
962	253
962	270
962	273
962	346
962	356
962	359
962	391
962	402
962	419
962	421
962	537
962	539
962	550
962	564
962	597
962	610
962	643
962	654
962	678
962	720
962	747
962	796
962	805
962	814
962	839
962	840
962	862
962	876
962	887
962	901
962	913
962	914
962	938
962	956
962	967
962	979
962	985
962	997
963	66
963	82
963	143
963	191
963	307
963	332
963	351
963	375
963	400
963	434
963	459
963	502
963	533
963	545
963	557
963	584
963	608
963	644
963	655
963	673
963	683
963	691
963	694
963	765
963	790
963	810
963	825
963	834
963	835
963	842
963	847
963	908
963	909
963	922
963	923
963	933
963	955
963	956
963	996
963	998
964	13
964	122
964	137
964	197
964	253
964	261
964	274
964	297
964	298
964	383
964	394
964	453
964	466
964	510
964	519
964	526
964	568
964	592
964	642
964	648
964	656
964	709
964	722
964	730
964	738
964	745
964	754
964	764
964	797
964	841
964	845
964	860
964	867
964	884
964	890
964	903
964	917
964	926
964	955
964	971
964	986
964	994
965	56
965	169
965	266
965	358
965	401
965	415
965	442
965	458
965	500
965	505
965	506
965	509
965	529
965	540
965	541
965	549
965	580
965	603
965	611
965	718
965	729
965	731
965	738
965	747
965	772
965	784
965	813
965	829
965	835
965	869
965	871
965	882
965	897
965	903
965	910
965	957
965	959
965	969
965	977
965	984
965	992
965	999
966	19
966	62
966	434
966	475
966	502
966	518
966	528
966	586
966	601
966	625
966	626
966	634
966	659
966	660
966	712
966	717
966	731
966	739
966	761
966	786
966	817
966	838
966	844
966	850
966	858
966	865
966	891
966	901
966	911
966	912
966	935
966	944
966	955
966	959
966	972
966	973
966	975
966	985
967	17
967	84
967	157
967	190
967	229
967	240
967	297
967	309
967	336
967	421
967	486
967	493
967	497
967	501
967	511
967	544
967	574
967	594
967	668
967	725
967	736
967	741
967	762
967	764
967	777
967	812
967	819
967	833
967	838
967	856
967	882
967	894
967	898
967	901
967	939
967	943
967	953
967	962
967	968
967	970
967	994
967	999
968	58
968	102
968	146
968	290
968	341
968	355
968	378
968	409
968	457
968	477
968	516
968	539
968	540
968	554
968	570
968	578
968	581
968	629
968	648
968	720
968	727
968	732
968	733
968	742
968	745
968	771
968	782
968	791
968	798
968	803
968	822
968	824
968	870
968	881
968	911
968	924
968	967
968	974
968	976
968	979
968	988
969	246
969	323
969	370
969	404
969	486
969	500
969	505
969	506
969	509
969	529
969	531
969	541
969	543
969	568
969	603
969	605
969	653
969	660
969	718
969	729
969	731
969	738
969	809
969	829
969	832
969	838
969	865
969	869
969	874
969	880
969	882
969	897
969	903
969	914
969	919
969	923
969	965
969	972
969	977
969	983
969	984
969	992
970	1
970	72
970	157
970	161
970	229
970	280
970	281
970	326
970	407
970	409
970	416
970	479
970	511
970	545
970	566
970	569
970	574
970	594
970	596
970	620
970	655
970	710
970	732
970	736
970	741
970	762
970	764
970	777
970	794
970	812
970	863
970	894
970	898
970	909
970	917
970	946
970	947
970	967
970	971
970	975
970	987
970	991
970	992
970	999
971	26
971	79
971	187
971	288
971	316
971	334
971	405
971	410
971	430
971	481
971	508
971	510
971	517
971	539
971	541
971	557
971	596
971	618
971	656
971	668
971	677
971	717
971	718
971	723
971	755
971	758
971	782
971	818
971	822
971	824
971	849
971	850
971	854
971	881
971	888
971	904
971	915
971	926
971	928
971	964
971	970
971	985
971	987
971	997
972	248
972	351
972	360
972	426
972	433
972	553
972	555
972	564
972	583
972	603
972	630
972	639
972	659
972	676
972	723
972	725
972	778
972	793
972	798
972	802
972	804
972	805
972	807
972	831
972	847
972	850
972	858
972	865
972	873
972	901
972	908
972	919
972	926
972	935
972	947
972	959
972	966
972	969
972	973
972	976
972	978
972	979
972	983
973	6
973	60
973	233
973	241
973	248
973	259
973	261
973	263
973	295
973	304
973	344
973	361
973	445
973	486
973	529
973	553
973	583
973	626
973	630
973	633
973	659
973	660
973	690
973	710
973	712
973	791
973	802
973	855
973	871
973	891
973	895
973	901
973	912
973	919
973	930
973	935
973	945
973	947
973	966
973	972
973	974
973	986
973	991
974	13
974	29
974	125
974	180
974	290
974	333
974	355
974	378
974	385
974	457
974	464
974	472
974	477
974	578
974	583
974	629
974	637
974	660
974	733
974	771
974	779
974	782
974	787
974	826
974	839
974	870
974	881
974	886
974	901
974	911
974	932
974	933
974	943
974	958
974	968
974	973
974	976
974	984
974	988
975	27
975	30
975	48
975	128
975	286
975	299
975	319
975	325
975	411
975	480
975	489
975	497
975	498
975	517
975	527
975	535
975	542
975	549
975	561
975	566
975	604
975	617
975	625
975	640
975	643
975	646
975	673
975	676
975	688
975	761
975	770
975	785
975	787
975	824
975	852
975	853
975	857
975	862
975	865
975	893
975	910
975	931
975	935
975	966
975	970
975	992
975	998
976	43
976	54
976	76
976	83
976	197
976	280
976	290
976	311
976	355
976	378
976	385
976	419
976	472
976	477
976	481
976	568
976	578
976	580
976	629
976	683
976	708
976	721
976	733
976	748
976	756
976	771
976	782
976	793
976	798
976	870
976	875
976	881
976	910
976	911
976	938
976	960
976	968
976	972
976	974
976	988
977	189
977	296
977	306
977	378
977	380
977	500
977	505
977	506
977	507
977	509
977	529
977	540
977	541
977	574
977	605
977	606
977	630
977	635
977	675
977	680
977	724
977	729
977	731
977	738
977	751
977	753
977	766
977	771
977	803
977	807
977	829
977	869
977	882
977	897
977	903
977	925
977	929
977	933
977	957
977	965
977	969
977	984
977	992
978	207
978	305
978	340
978	345
978	385
978	413
978	469
978	502
978	521
978	547
978	571
978	572
978	579
978	612
978	615
978	624
978	633
978	643
978	649
978	658
978	661
978	663
978	667
978	713
978	742
978	744
978	770
978	804
978	841
978	846
978	854
978	857
978	859
978	865
978	870
978	885
978	899
978	907
978	913
978	920
978	922
978	932
978	943
978	972
979	95
979	121
979	149
979	210
979	222
979	229
979	271
979	276
979	306
979	311
979	359
979	368
979	391
979	402
979	419
979	448
979	509
979	537
979	597
979	610
979	617
979	642
979	650
979	654
979	678
979	682
979	732
979	740
979	766
979	789
979	814
979	828
979	830
979	837
979	839
979	862
979	868
979	876
979	887
979	919
979	938
979	940
979	962
979	968
979	972
980	20
980	208
980	217
980	235
980	264
980	288
980	329
980	337
980	356
980	429
980	451
980	482
980	487
980	497
980	500
980	503
980	522
980	531
980	575
980	587
980	605
980	621
980	624
980	750
980	787
980	790
980	811
980	821
980	830
980	842
980	848
980	854
980	868
980	874
980	889
980	896
980	900
980	902
980	935
980	944
980	948
980	953
980	958
980	990
981	21
981	103
981	123
981	170
981	217
981	283
981	354
981	360
981	479
981	555
981	570
981	590
981	600
981	636
981	640
981	651
981	652
981	662
981	667
981	714
981	727
981	735
981	740
981	749
981	752
981	766
981	785
981	786
981	792
981	880
981	883
981	910
981	913
981	915
981	920
981	926
981	937
981	946
981	953
981	956
981	984
981	993
981	1000
982	108
982	214
982	217
982	235
982	243
982	264
982	288
982	291
982	311
982	316
982	322
982	337
982	341
982	365
982	392
982	397
982	451
982	473
982	499
982	503
982	504
982	522
982	536
982	558
982	561
982	575
982	594
982	650
982	652
982	687
982	691
982	703
982	800
982	830
982	887
982	890
982	895
982	896
982	900
982	902
982	918
982	927
982	933
982	948
982	958
982	986
983	2
983	3
983	15
983	31
983	48
983	153
983	204
983	214
983	241
983	254
983	259
983	274
983	284
983	313
983	388
983	429
983	456
983	511
983	522
983	524
983	553
983	555
983	583
983	599
983	601
983	618
983	626
983	630
983	653
983	659
983	694
983	698
983	710
983	785
983	789
983	795
983	804
983	805
983	813
983	850
983	884
983	891
983	919
983	935
983	969
983	972
983	994
984	169
984	257
984	301
984	386
984	500
984	505
984	509
984	529
984	540
984	565
984	586
984	603
984	605
984	610
984	683
984	693
984	706
984	722
984	729
984	731
984	738
984	817
984	829
984	834
984	845
984	862
984	869
984	882
984	890
984	897
984	901
984	903
984	920
984	922
984	952
984	955
984	959
984	965
984	969
984	974
984	977
984	981
984	992
984	1000
985	21
985	69
985	92
985	163
985	194
985	272
985	316
985	332
985	370
985	383
985	389
985	410
985	415
985	446
985	464
985	481
985	482
985	505
985	510
985	534
985	539
985	585
985	631
985	656
985	677
985	704
985	725
985	739
985	753
985	754
985	758
985	801
985	822
985	854
985	875
985	888
985	899
985	904
985	915
985	918
985	923
985	934
985	962
985	966
985	971
985	987
985	997
986	132
986	151
986	153
986	289
986	298
986	300
986	325
986	352
986	402
986	405
986	432
986	440
986	519
986	559
986	568
986	578
986	581
986	597
986	626
986	635
986	648
986	667
986	671
986	679
986	723
986	730
986	745
986	754
986	768
986	777
986	778
986	781
986	797
986	800
986	816
986	877
986	878
986	890
986	892
986	906
986	917
986	954
986	964
986	973
986	982
987	17
987	24
987	194
987	201
987	210
987	264
987	272
987	318
987	341
987	371
987	393
987	410
987	446
987	464
987	465
987	481
987	510
987	533
987	585
987	601
987	648
987	660
987	677
987	697
987	717
987	718
987	755
987	758
987	798
987	801
987	816
987	822
987	833
987	849
987	882
987	888
987	915
987	928
987	935
987	938
987	940
987	970
987	971
987	985
987	997
988	290
988	292
988	308
988	333
988	355
988	378
988	385
988	408
988	457
988	458
988	460
988	472
988	488
988	496
988	498
988	506
988	534
988	578
988	629
988	640
988	672
988	673
988	733
988	737
988	755
988	771
988	782
988	798
988	824
988	861
988	862
988	870
988	880
988	881
988	884
988	889
988	911
988	914
988	922
988	957
988	968
988	974
988	976
989	89
989	170
989	282
989	332
989	386
989	387
989	406
989	418
989	506
989	516
989	527
989	534
989	565
989	575
989	578
989	587
989	639
989	696
989	704
989	734
989	746
989	750
989	752
989	763
989	771
989	783
989	809
989	841
989	853
989	873
989	883
989	891
989	907
989	912
989	937
989	948
989	960
989	961
989	994
989	995
989	996
990	106
990	153
990	198
990	242
990	275
990	277
990	294
990	312
990	319
990	373
990	432
990	435
990	487
990	523
990	531
990	548
990	558
990	573
990	595
990	619
990	639
990	692
990	697
990	715
990	750
990	790
990	813
990	826
990	828
990	843
990	845
990	874
990	897
990	902
990	920
990	924
990	932
990	934
990	953
990	980
990	991
990	995
991	81
991	179
991	277
991	294
991	300
991	337
991	352
991	360
991	396
991	432
991	435
991	461
991	483
991	500
991	523
991	548
991	552
991	558
991	619
991	639
991	692
991	715
991	720
991	750
991	764
991	768
991	813
991	826
991	843
991	861
991	868
991	886
991	898
991	920
991	924
991	930
991	970
991	973
991	990
991	995
991	997
992	52
992	170
992	301
992	335
992	500
992	506
992	509
992	529
992	540
992	541
992	562
992	563
992	579
992	603
992	605
992	639
992	675
992	677
992	688
992	708
992	729
992	731
992	738
992	823
992	829
992	831
992	863
992	869
992	882
992	896
992	897
992	903
992	920
992	927
992	941
992	945
992	965
992	969
992	970
992	975
992	977
992	984
992	995
993	11
993	26
993	48
993	114
993	188
993	208
993	302
993	360
993	389
993	395
993	403
993	479
993	482
993	486
993	501
993	569
993	573
993	577
993	590
993	600
993	608
993	620
993	629
993	633
993	662
993	664
993	667
993	714
993	727
993	740
993	749
993	766
993	767
993	776
993	786
993	792
993	793
993	837
993	850
993	883
993	890
993	910
993	926
993	953
993	981
993	999
994	11
994	75
994	96
994	170
994	282
994	374
994	516
994	549
994	579
994	587
994	593
994	595
994	597
994	663
994	694
994	696
994	704
994	734
994	746
994	752
994	763
994	773
994	783
994	790
994	807
994	831
994	841
994	862
994	864
994	874
994	876
994	880
994	921
994	937
994	954
994	960
994	961
994	964
994	967
994	983
994	989
994	995
995	66
995	128
995	258
995	263
995	294
995	311
995	432
995	435
995	468
995	506
995	523
995	532
995	548
995	558
995	568
995	619
995	620
995	639
995	681
995	692
995	715
995	733
995	750
995	779
995	813
995	814
995	826
995	834
995	843
995	854
995	901
995	907
995	920
995	924
995	930
995	936
995	939
995	989
995	990
995	991
995	992
995	994
996	2
996	16
996	49
996	116
996	124
996	133
996	167
996	198
996	247
996	251
996	311
996	339
996	424
996	512
996	518
996	546
996	568
996	613
996	617
996	627
996	641
996	693
996	706
996	724
996	725
996	736
996	748
996	758
996	772
996	778
996	781
996	785
996	786
996	868
996	871
996	879
996	916
996	925
996	928
996	943
996	946
996	956
996	957
996	963
996	989
997	20
997	146
997	158
997	194
997	196
997	265
997	272
997	361
997	414
997	437
997	456
997	464
997	478
997	481
997	510
997	539
997	547
997	566
997	657
997	673
997	677
997	685
997	686
997	717
997	718
997	736
997	737
997	755
997	758
997	796
997	801
997	818
997	849
997	854
997	866
997	888
997	903
997	904
997	928
997	934
997	942
997	962
997	971
997	985
997	987
997	991
998	58
998	114
998	146
998	171
998	213
998	273
998	292
998	307
998	321
998	328
998	330
998	342
998	343
998	353
998	354
998	384
998	407
998	408
998	412
998	433
998	450
998	465
998	549
998	600
998	606
998	633
998	652
998	672
998	680
998	710
998	719
998	729
998	760
998	765
998	791
998	795
998	828
998	836
998	849
998	851
998	854
998	864
998	889
998	897
998	909
998	918
998	940
998	948
998	963
998	975
999	1
999	17
999	39
999	101
999	104
999	190
999	229
999	244
999	250
999	281
999	297
999	309
999	312
999	395
999	428
999	434
999	453
999	474
999	501
999	508
999	561
999	574
999	594
999	632
999	636
999	692
999	728
999	732
999	735
999	741
999	753
999	762
999	764
999	777
999	794
999	807
999	812
999	817
999	842
999	844
999	863
999	870
999	889
999	898
999	903
999	957
999	965
999	967
999	970
999	993
1000	69
1000	91
1000	134
1000	173
1000	174
1000	184
1000	207
1000	242
1000	243
1000	252
1000	307
1000	363
1000	408
1000	423
1000	431
1000	438
1000	445
1000	453
1000	470
1000	490
1000	515
1000	564
1000	576
1000	627
1000	652
1000	676
1000	685
1000	699
1000	713
1000	726
1000	792
1000	811
1000	827
1000	837
1000	838
1000	860
1000	866
1000	869
1000	870
1000	872
1000	927
1000	939
1000	942
1000	944
1000	959
1000	961
1000	981
1000	984
