1	969
1	997
2	957
2	997
3	992
4	903
5	900
5	933
5	953
6	937
6	991
6	994
8	874
8	905
9	965
9	992
11	948
11	949
12	960
13	948
13	978
13	983
14	859
15	929
16	993
21	993
22	922
22	990
24	946
24	970
26	779
27	969
28	976
29	869
29	916
30	850
31	821
32	998
33	985
34	953
35	954
35	984
38	976
38	984
39	954
41	925
42	939
42	968
42	993
44	965
44	992
46	949
46	967
48	887
48	947
48	974
48	984
50	884
51	898
51	965
51	975
51	983
51	992
52	998
53	920
54	992
56	960
56	971
56	993
56	998
57	996
58	956
60	964
60	983
61	879
63	972
64	858
64	936
66	572
66	893
66	966
67	965
68	995
69	1000
70	890
70	1000
71	985
72	974
74	920
74	947
74	1000
75	922
75	1000
76	990
77	980
78	822
80	896
80	999
81	959
85	934
85	960
88	982
89	954
95	982
96	960
96	978
98	976
100	922
100	945
101	924
101	966
102	964
103	976
103	982
105	898
105	904
105	979
106	851
106	897
107	936
107	961
107	971
107	987
108	856
109	879
110	984
110	992
111	971
112	948
112	996
113	916
113	997
114	855
114	870
116	963
116	967
116	996
118	832
118	874
118	995
119	956
119	988
120	995
121	984
122	966
123	970
123	980
125	927
125	946
126	930
126	940
126	975
127	968
129	856
129	957
131	962
131	974
132	993
132	998
133	984
134	905
134	942
134	978
135	832
135	839
135	874
136	985
136	991
138	995
139	904
140	959
140	1000
141	832
141	839
141	862
141	874
142	980
143	923
143	943
143	976
144	862
144	943
144	958
145	969
145	983
146	969
147	930
148	883
148	972
148	994
149	782
149	856
150	965
151	920
151	934
152	915
152	920
153	970
153	998
154	832
154	839
154	874
155	855
156	937
157	895
158	964
160	943
160	953
160	961
162	1000
163	978
164	887
164	954
165	887
165	890
165	916
165	968
167	832
167	874
167	948
169	980
170	879
170	1000
171	913
171	963
171	988
172	942
172	958
173	833
173	916
173	949
174	948
174	993
175	882
175	912
175	953
176	984
176	992
177	911
177	929
177	950
178	999
180	736
180	745
181	832
181	839
181	874
181	1000
182	788
183	980
184	954
185	931
185	982
186	817
186	867
186	897
186	928
186	960
187	956
187	995
187	997
188	782
188	856
188	990
190	968
190	969
190	1000
191	909
192	829
192	927
192	976
193	832
193	839
193	874
193	917
193	971
193	985
194	793
194	841
195	808
195	831
195	918
196	938
197	962
197	971
197	988
198	867
198	928
198	985
199	793
200	895
200	925
200	963
202	872
202	887
202	916
202	998
203	905
203	948
203	968
203	973
203	984
204	969
204	980
205	821
205	973
206	991
207	975
207	993
207	998
208	877
208	893
208	922
209	887
209	947
210	918
210	920
211	832
211	839
211	874
212	993
213	869
213	887
213	978
213	983
214	975
214	978
215	969
215	972
215	975
216	849
216	891
216	987
216	994
217	890
217	966
218	963
218	972
218	974
218	998
219	827
219	830
219	847
219	869
220	953
220	962
220	982
220	997
221	821
221	982
221	992
222	913
222	954
222	960
222	967
223	963
223	969
224	916
225	919
225	924
225	981
226	954
226	979
227	900
227	940
227	944
227	957
227	985
228	832
228	839
228	874
229	862
230	930
230	975
231	890
232	947
232	961
233	915
233	941
233	949
234	926
234	929
235	926
235	929
235	947
236	835
236	896
237	915
237	920
237	929
238	936
238	937
238	952
238	991
239	984
240	922
240	934
240	970
240	973
240	986
241	851
241	879
241	900
241	933
241	946
241	972
242	908
242	966
243	934
244	856
244	956
245	984
246	870
246	989
247	858
247	904
247	927
247	965
247	992
248	981
248	986
248	997
248	998
249	716
249	754
249	932
249	961
250	860
250	896
251	850
251	858
251	983
252	976
252	984
253	844
253	917
253	949
253	953
253	988
254	840
254	930
254	956
255	947
256	821
256	981
257	892
257	957
257	978
257	997
259	930
259	958
259	981
259	996
260	754
260	965
260	993
261	784
261	856
261	967
261	997
262	872
262	887
262	916
262	972
262	977
263	920
263	956
263	975
264	963
264	985
265	796
265	809
265	954
266	983
266	995
267	953
267	966
267	994
268	862
268	902
268	909
268	927
269	958
270	967
270	987
271	920
271	926
273	892
273	902
273	918
273	923
273	956
274	858
274	893
274	908
274	911
274	924
274	1000
275	936
275	937
275	975
275	976
275	982
275	987
276	836
276	941
276	971
276	977
277	782
277	784
277	856
277	965
278	750
278	981
279	945
279	976
280	879
280	957
281	932
281	962
281	986
281	988
282	965
283	857
283	976
284	629
284	962
285	956
285	970
286	889
286	926
286	973
286	975
287	818
287	946
287	980
287	998
288	718
288	793
288	812
289	808
289	964
289	996
290	891
290	935
291	976
291	1000
292	971
292	987
293	855
293	872
293	887
293	916
293	951
293	962
294	754
294	862
294	986
294	998
295	832
295	839
295	874
295	966
296	923
296	981
297	923
297	977
297	982
298	992
299	952
299	956
300	869
300	890
300	902
300	903
301	895
301	898
301	943
301	965
301	992
302	908
302	937
302	942
302	994
302	999
303	895
303	919
303	926
303	944
303	981
304	905
304	954
304	968
304	974
304	986
305	788
305	832
305	839
305	852
305	874
306	733
306	822
306	855
306	978
307	882
307	915
307	922
307	932
307	951
307	983
308	851
308	946
308	980
309	872
309	887
309	916
309	926
310	808
310	937
310	999
311	862
311	964
312	861
312	872
312	887
312	916
312	936
312	966
313	855
313	870
313	990
314	782
314	784
315	722
315	734
315	902
315	908
316	840
316	882
316	948
316	968
316	986
317	872
317	887
317	911
317	916
317	985
318	750
318	897
319	906
319	921
319	946
319	947
319	968
319	985
320	793
320	902
320	947
320	954
321	902
321	907
321	1000
322	898
322	965
322	983
322	988
322	992
323	743
323	809
324	765
324	926
325	850
325	926
325	936
325	937
325	952
325	999
326	867
326	897
326	948
326	950
326	957
327	855
327	870
327	878
327	969
328	922
328	957
329	693
329	808
329	893
329	913
329	957
330	926
330	995
331	854
331	884
331	966
331	972
331	1000
332	833
332	911
332	946
333	712
333	716
333	754
333	927
333	948
334	788
334	806
334	808
334	896
335	629
335	929
335	973
335	974
335	986
335	996
336	767
336	793
336	997
337	825
337	826
337	861
337	920
338	790
338	811
338	931
338	1000
339	908
339	980
339	997
340	856
340	884
340	914
341	942
341	960
341	971
341	993
342	715
342	810
342	811
342	967
343	876
343	886
343	987
343	991
343	995
344	971
344	972
344	975
344	993
344	998
345	613
345	682
345	754
345	887
345	913
346	898
346	904
346	928
346	949
346	965
346	975
346	992
347	910
347	938
347	944
347	959
347	961
347	968
348	750
348	850
349	984
349	985
349	997
350	891
350	946
350	962
350	976
350	988
350	999
351	712
351	716
351	754
351	940
351	982
352	746
352	756
352	760
352	870
352	960
353	852
353	911
353	969
354	755
354	810
354	968
355	945
355	964
355	979
355	984
356	840
356	884
356	918
356	942
357	889
357	908
357	917
357	926
357	956
358	936
359	801
359	857
359	909
359	976
359	982
360	929
360	951
360	964
360	973
360	995
361	936
361	965
362	884
362	915
362	918
362	940
362	956
362	961
363	818
363	861
363	862
363	869
363	878
363	917
363	974
363	983
364	768
364	816
364	821
364	887
364	917
364	932
365	793
365	880
365	906
365	987
365	997
366	801
366	850
366	943
366	945
366	953
366	976
368	897
368	914
368	965
369	755
369	810
369	818
369	998
370	896
370	899
370	996
371	936
371	937
371	952
371	987
371	997
372	808
372	979
373	830
373	851
373	980
373	992
374	823
374	923
374	953
375	916
375	960
375	971
375	973
375	975
375	993
376	837
376	870
377	783
377	793
377	899
378	865
378	925
378	954
378	979
379	708
379	711
379	736
379	745
379	890
379	950
379	999
380	976
380	981
380	982
381	926
381	969
381	972
381	986
382	830
382	909
382	944
382	946
382	980
383	782
383	784
383	850
383	917
384	902
384	926
384	962
384	969
384	981
384	996
385	750
385	903
385	936
385	966
386	895
386	946
386	978
386	980
386	987
387	918
387	919
387	964
387	975
387	981
388	873
388	874
388	931
388	947
388	957
388	997
389	830
389	892
389	941
389	977
389	981
389	996
390	898
390	925
390	931
390	954
390	963
390	979
390	983
391	883
391	927
391	937
391	950
391	991
391	999
392	707
392	750
392	834
392	857
392	892
392	920
393	767
393	783
393	793
393	998
394	783
394	836
394	883
394	889
394	917
394	926
394	944
394	995
395	856
395	869
395	886
395	957
395	976
395	982
395	999
396	858
396	876
396	877
396	893
396	936
396	961
396	966
396	996
396	1000
397	898
397	909
397	953
397	982
397	987
398	901
398	914
398	944
398	984
398	989
399	856
399	869
399	878
399	882
399	927
399	948
400	808
400	830
400	895
400	896
400	919
401	817
401	836
401	867
401	985
401	1000
402	555
402	674
402	810
402	942
402	963
403	880
403	886
403	893
403	901
403	908
403	935
403	1000
404	733
404	855
404	870
404	924
404	965
405	802
405	826
405	881
405	914
405	920
406	851
406	900
406	942
406	946
406	961
406	980
407	663
407	937
407	969
407	973
407	974
407	986
408	792
408	887
408	946
408	980
409	567
409	634
409	722
409	734
409	839
410	746
410	756
410	760
410	854
410	906
410	949
411	907
411	910
411	911
411	944
411	989
412	830
412	936
412	939
412	952
412	982
412	987
412	999
413	776
413	793
413	868
413	931
413	936
413	947
413	997
414	826
414	850
414	902
414	919
414	920
414	943
414	958
415	736
415	745
415	927
415	952
415	965
416	768
416	811
416	837
416	875
416	876
416	925
416	954
416	967
417	769
417	806
417	823
417	824
417	859
417	920
417	957
417	997
418	874
418	910
418	962
418	983
418	986
419	755
419	810
419	837
419	895
419	908
420	786
420	838
420	918
420	940
420	945
420	951
420	974
421	898
421	904
421	965
421	992
421	999
422	880
422	911
422	957
422	997
423	786
423	900
423	945
424	683
424	808
424	904
424	920
425	722
425	734
425	827
425	924
425	980
425	990
426	855
426	870
426	946
426	957
426	992
427	913
427	954
427	967
427	976
427	979
428	793
428	907
428	963
428	992
429	875
429	900
429	954
429	979
429	993
430	519
430	674
430	755
430	810
430	903
430	917
430	989
431	796
431	861
431	875
431	900
431	967
431	991
431	995
432	757
432	855
432	870
432	888
432	918
433	897
433	947
433	953
433	961
433	973
433	991
433	999
434	804
434	813
434	840
434	846
434	855
434	870
435	882
435	923
435	934
435	948
435	969
435	999
436	769
436	806
436	824
436	859
437	960
437	965
437	971
437	975
437	998
437	1000
438	629
438	873
438	881
438	926
438	937
438	952
438	961
438	994
439	646
439	832
439	839
439	874
439	901
439	929
440	767
440	783
440	793
440	906
440	919
440	966
440	998
441	855
441	878
441	915
441	948
441	961
441	974
441	978
442	683
442	808
442	870
442	950
442	955
442	958
443	776
443	898
443	904
443	965
443	981
443	992
444	855
444	871
444	938
444	975
444	998
445	474
445	755
445	810
445	878
445	969
446	838
446	878
446	893
446	908
446	911
446	942
446	966
446	1000
447	703
447	777
447	811
447	889
447	890
447	980
448	889
448	915
448	926
448	929
448	933
448	940
448	995
449	898
449	904
449	925
449	965
449	985
449	986
450	774
450	782
450	784
450	856
450	956
450	989
451	779
451	781
451	841
451	888
451	893
451	911
451	931
451	966
451	1000
452	769
452	806
452	823
452	824
452	859
452	933
452	945
452	963
452	969
453	863
453	886
453	909
453	913
453	927
453	972
454	795
454	822
454	920
454	930
454	934
455	707
455	750
455	852
455	946
455	962
455	979
456	743
456	776
456	843
456	852
456	933
456	977
456	994
456	996
457	878
457	882
457	892
457	915
457	922
457	968
457	979
457	983
458	567
458	722
458	734
458	815
458	878
458	910
459	869
459	882
459	884
459	890
459	915
459	920
459	930
459	933
459	978
460	722
460	734
460	739
460	911
461	784
461	808
461	831
461	833
461	878
461	898
461	978
461	983
462	751
462	786
462	838
462	921
462	950
462	959
463	590
463	635
463	653
463	895
463	955
463	963
463	975
464	782
464	784
464	856
464	946
464	984
465	855
465	870
465	915
465	952
465	966
465	1000
466	776
466	829
466	831
466	923
466	937
466	972
466	982
467	844
467	891
467	918
467	939
467	972
467	974
467	977
468	798
468	842
468	904
468	916
468	965
468	978
468	992
469	693
469	761
469	835
469	948
469	949
469	978
469	982
469	983
470	735
470	899
470	904
470	907
470	949
470	995
471	779
471	822
471	836
471	919
471	935
471	941
471	955
471	964
471	981
471	993
472	846
472	886
472	910
472	933
472	935
472	970
472	984
472	989
473	615
473	629
473	802
473	856
473	991
474	445
474	674
474	755
474	810
475	830
475	900
475	991
475	999
476	847
476	889
476	916
476	929
476	995
476	999
477	608
477	749
477	768
477	816
477	821
477	862
477	957
477	988
478	868
478	928
478	931
478	939
478	957
478	962
478	985
479	826
479	841
479	850
479	920
479	972
479	979
479	994
480	629
480	683
480	808
480	910
480	931
481	883
481	932
481	936
481	937
481	982
481	987
481	994
481	999
482	670
482	768
482	816
482	821
482	877
482	952
483	751
483	772
483	851
483	946
483	980
483	992
484	767
484	783
484	793
484	888
484	891
484	942
485	975
485	977
485	982
485	992
486	794
486	815
486	868
486	921
486	928
486	936
486	943
486	947
486	957
487	906
487	907
487	921
487	927
487	969
487	985
488	836
488	848
488	862
488	923
488	927
488	940
488	955
488	964
488	981
488	985
488	996
489	730
489	742
489	787
489	800
489	848
489	862
489	898
489	930
489	932
489	934
489	956
490	586
490	666
490	708
490	711
490	736
490	745
490	785
491	608
491	670
491	768
491	816
491	821
491	907
491	997
492	769
492	806
492	823
492	839
492	859
492	906
492	936
492	959
492	992
493	769
493	806
493	823
493	824
493	854
493	856
493	859
493	892
493	985
494	755
494	810
494	814
494	885
494	958
494	975
495	650
495	696
495	746
495	831
495	925
495	954
495	963
495	967
495	979
496	770
496	773
496	845
496	849
496	902
496	903
496	918
496	956
496	991
497	646
497	655
497	832
497	839
497	874
497	927
497	936
497	945
498	812
498	895
498	905
498	937
498	955
498	965
498	977
499	678
499	731
499	746
499	756
499	760
499	805
499	824
499	966
499	996
500	735
500	840
500	863
500	886
500	888
500	909
500	923
500	927
501	782
501	861
501	868
501	894
501	941
501	942
501	950
501	987
502	836
502	900
502	919
502	924
502	941
502	964
502	979
502	996
503	762
503	864
503	952
503	961
503	988
503	999
504	891
504	937
504	967
504	968
504	979
504	991
504	993
504	994
504	999
505	836
505	852
505	895
505	927
505	940
505	955
505	977
505	981
506	676
506	680
506	707
506	750
506	879
506	898
506	920
506	996
507	840
507	844
507	846
507	868
507	874
507	910
507	927
507	953
507	976
508	875
508	885
508	906
508	913
508	923
508	925
508	963
508	967
508	979
509	841
509	871
509	912
509	941
509	943
509	953
509	982
510	715
510	735
510	737
510	740
510	795
510	797
510	872
510	887
510	916
510	971
511	915
511	925
511	948
511	950
511	955
511	978
512	559
512	762
512	808
512	828
512	867
512	899
512	916
513	638
513	827
513	847
513	879
513	889
513	917
513	926
513	950
513	995
514	678
514	746
514	756
514	757
514	760
514	806
514	840
514	893
514	964
514	968
515	693
515	712
515	754
515	948
515	963
516	743
516	836
516	926
516	955
516	956
516	973
516	977
516	983
517	833
517	847
517	852
517	872
517	946
517	980
517	985
518	757
518	830
518	832
518	855
518	870
518	890
518	920
518	963
518	979
519	430
519	755
519	810
519	880
519	956
519	990
520	809
520	907
520	917
520	929
520	939
520	949
520	972
520	981
521	857
521	884
521	902
521	903
521	940
521	956
521	989
522	767
522	783
522	793
522	817
522	832
522	917
522	964
523	766
523	839
523	868
523	880
523	901
523	928
523	931
523	951
523	957
523	997
524	836
524	845
524	895
524	916
524	977
524	981
524	987
524	996
525	629
525	633
525	670
525	768
525	816
525	821
525	886
525	891
526	849
526	869
526	910
526	914
526	935
526	944
526	975
526	989
527	804
527	807
527	822
527	868
527	907
527	937
527	948
527	961
527	991
527	999
528	574
528	678
528	746
528	756
528	760
528	837
528	905
528	923
528	972
528	975
529	831
529	865
529	890
529	912
529	923
529	940
529	958
529	959
529	962
529	988
530	799
530	861
530	902
530	915
530	945
530	950
530	951
530	999
531	608
531	768
531	816
531	821
531	846
531	900
531	982
532	683
532	881
532	882
532	891
532	896
532	968
532	974
532	981
532	986
532	991
533	829
533	841
533	863
533	886
533	943
533	947
533	961
533	963
533	976
533	981
533	982
534	747
534	813
534	826
534	835
534	836
534	850
534	862
534	920
534	967
535	757
535	768
535	804
535	899
535	916
535	961
535	979
535	987
536	713
536	840
536	869
536	897
536	921
536	928
536	947
536	979
536	997
537	567
537	700
537	722
537	734
537	906
537	909
538	775
538	785
538	853
538	917
538	925
538	954
538	967
538	979
539	572
539	792
539	894
539	900
539	925
539	927
539	947
539	954
539	967
539	979
540	673
540	685
540	707
540	767
540	783
540	793
540	851
540	875
540	882
541	574
541	678
541	746
541	756
541	760
541	830
541	878
541	928
541	983
542	785
542	788
542	807
542	968
542	969
542	970
542	973
542	995
543	698
543	730
543	742
543	832
543	868
543	883
543	890
543	942
543	966
544	769
544	806
544	823
544	824
544	835
544	859
544	868
544	921
545	625
545	628
545	683
545	711
545	808
545	832
545	930
546	730
546	780
546	790
546	794
546	800
546	851
546	990
546	997
547	646
547	721
547	768
547	836
547	839
547	874
547	926
547	971
548	760
548	781
548	792
548	815
548	830
548	946
548	949
548	980
548	998
549	563
549	603
549	644
549	777
549	811
549	950
549	958
549	999
550	649
550	757
550	845
550	884
550	902
550	903
550	918
550	941
550	956
551	689
551	782
551	784
551	839
551	856
551	934
551	954
551	994
552	808
552	844
552	871
552	960
552	971
552	975
552	998
552	1000
553	756
553	853
553	903
553	912
553	917
553	940
553	958
553	959
553	962
553	963
553	988
554	733
554	779
554	811
554	853
554	875
554	900
554	925
554	963
554	965
554	979
555	402
555	674
555	755
555	790
555	810
555	835
555	967
555	994
556	695
556	829
556	863
556	886
556	909
556	928
556	962
556	982
556	985
557	693
557	849
557	864
557	933
557	940
557	952
557	958
557	959
557	961
557	988
557	996
558	702
558	808
558	880
558	902
558	913
559	512
559	588
559	590
559	635
559	653
559	731
559	784
559	943
559	953
560	676
560	680
560	707
560	750
560	971
560	986
561	790
561	817
561	882
561	883
561	890
561	930
561	932
561	972
561	990
561	994
562	603
562	644
562	703
562	777
562	811
562	850
562	890
562	892
562	935
562	941
563	549
563	603
563	644
563	703
563	724
563	777
563	811
563	882
563	940
563	988
563	996
564	814
564	839
564	842
564	898
564	921
564	965
564	990
564	992
565	780
565	783
565	800
565	881
565	884
565	891
565	893
565	932
565	954
565	955
565	977
566	726
566	842
566	903
566	904
566	948
566	960
566	976
566	992
567	409
567	458
567	537
567	722
567	734
567	846
567	847
567	964
567	977
568	593
568	649
568	733
568	757
568	870
568	891
568	932
568	978
568	998
569	778
569	803
569	822
569	876
569	877
569	893
569	895
569	908
569	911
569	949
569	964
569	985
570	739
570	818
570	836
570	850
570	860
570	876
570	960
570	971
570	975
570	990
570	993
570	998
571	733
571	749
571	757
571	848
571	855
571	870
571	988
571	997
572	66
572	539
572	639
572	825
572	941
572	942
572	945
572	951
572	984
573	689
573	738
573	794
573	845
573	857
573	859
573	884
573	903
573	918
573	938
573	960
574	528
574	541
574	746
574	756
574	760
574	865
574	911
574	961
574	974
574	978
575	865
575	866
575	939
575	962
575	964
575	968
575	970
575	973
575	974
575	995
576	588
576	590
576	627
576	635
576	747
576	868
576	884
576	942
576	996
577	669
577	690
577	781
577	833
577	851
577	946
577	954
577	960
577	980
577	1000
578	612
578	626
578	654
578	668
578	685
578	719
578	854
578	985
578	996
579	883
579	915
579	917
579	928
579	930
579	937
579	968
579	969
579	970
579	972
579	973
579	992
579	998
580	693
580	722
580	734
580	871
580	878
580	920
580	922
580	970
581	737
581	797
581	805
581	872
581	887
581	906
581	916
581	956
581	969
581	972
581	977
582	645
582	687
582	729
582	832
582	860
582	886
582	896
582	909
582	942
582	976
582	992
583	706
583	710
583	747
583	835
583	850
583	920
583	969
583	973
583	977
584	730
584	778
584	780
584	794
584	795
584	843
584	881
584	883
584	891
584	938
584	990
585	655
585	692
585	729
585	846
585	865
585	886
585	891
585	896
585	939
585	968
585	970
585	974
585	981
586	490
586	666
586	708
586	711
586	736
586	745
586	796
586	855
586	909
586	946
587	739
587	880
587	891
587	927
587	960
587	961
587	971
587	981
587	993
587	998
588	559
588	576
588	590
588	627
588	635
588	653
588	864
588	869
588	907
588	976
589	853
589	855
589	900
589	913
589	923
589	925
589	954
589	963
589	967
589	975
589	981
590	463
590	559
590	576
590	588
590	627
590	653
590	814
590	837
590	876
590	952
591	717
591	803
591	900
591	913
591	954
591	979
591	992
591	994
592	683
592	727
592	784
592	808
592	818
592	919
592	982
593	568
593	733
593	757
593	783
593	855
593	870
593	945
593	976
593	992
593	1000
594	799
594	801
594	838
594	861
594	888
594	942
594	984
594	986
594	992
595	766
595	832
595	836
595	852
595	915
595	922
595	938
595	941
595	955
595	974
595	977
595	995
595	996
596	743
596	863
596	884
596	905
596	912
596	933
596	940
596	944
596	959
596	962
596	969
596	988
597	696
597	820
597	887
597	889
597	899
597	907
597	916
597	926
597	929
597	934
597	949
597	995
598	817
598	868
598	896
598	897
598	906
598	947
598	957
598	971
598	976
598	977
598	983
598	997
599	698
599	838
599	887
599	894
599	906
599	924
599	942
599	945
599	947
599	951
599	970
599	984
599	995
600	641
600	739
600	747
600	753
600	820
600	834
600	871
600	935
600	957
600	960
600	975
600	993
601	858
601	885
601	912
601	916
601	928
601	930
601	933
601	940
601	958
601	959
601	962
601	988
602	774
602	792
602	801
602	827
602	862
602	885
602	892
602	948
602	960
602	983
602	995
603	549
603	562
603	563
603	644
603	703
603	777
603	811
603	812
603	833
603	851
603	861
603	974
604	673
604	767
604	770
604	783
604	791
604	793
604	834
604	882
604	895
604	911
605	743
605	815
605	887
605	911
605	936
605	937
605	939
605	952
605	960
605	961
605	979
605	987
605	994
606	728
606	742
606	779
606	780
606	861
606	881
606	929
606	930
606	941
606	964
606	990
606	995
607	710
607	725
607	768
607	785
607	827
607	848
607	862
607	869
607	882
607	892
607	900
607	915
608	477
608	491
608	531
608	670
608	768
608	816
608	830
608	832
608	887
608	919
608	933
608	942
608	965
609	686
609	719
609	747
609	786
609	806
609	823
609	824
609	859
609	889
609	893
610	615
610	689
610	782
610	784
610	792
610	856
610	859
610	862
610	881
610	970
611	629
611	766
611	773
611	798
611	847
611	899
611	907
611	920
611	932
611	957
611	985
611	995
612	578
612	633
612	654
612	685
612	698
612	795
612	847
612	875
612	974
613	345
613	772
613	797
613	799
613	841
613	848
613	866
613	873
613	901
613	914
613	935
613	938
613	955
613	989
614	616
614	710
614	747
614	826
614	835
614	850
614	874
614	888
614	920
614	933
614	969
614	995
615	473
615	610
615	689
615	784
615	808
615	856
615	870
615	905
615	959
615	991
616	614
616	710
616	747
616	804
616	816
616	835
616	850
616	874
616	883
616	920
616	960
616	1000
617	744
617	852
617	863
617	865
617	866
617	874
617	909
617	927
617	943
617	952
617	953
617	961
617	984
618	784
618	822
618	823
618	837
618	861
618	868
618	881
618	885
618	928
618	951
618	957
618	997
619	730
619	742
619	779
619	780
619	787
619	790
619	881
619	910
619	931
619	934
619	954
619	967
619	973
620	769
620	771
620	806
620	823
620	824
620	859
620	862
620	868
620	872
620	967
621	813
621	840
621	843
621	863
621	905
621	909
621	943
621	954
621	967
621	982
621	999
622	638
622	822
622	897
622	901
622	921
622	939
622	947
622	957
622	979
622	984
622	985
622	997
623	728
623	780
623	795
623	852
623	883
623	890
623	912
623	917
623	920
623	932
623	934
623	970
623	973
624	844
624	860
624	864
624	905
624	933
624	936
624	940
624	948
624	958
624	959
624	962
624	988
624	1000
625	545
625	628
625	806
625	845
625	857
625	867
625	884
625	902
625	903
625	915
625	918
625	937
625	941
625	956
626	578
626	633
626	654
626	660
626	685
626	817
626	934
626	935
626	940
626	947
626	948
627	576
627	588
627	590
627	635
627	647
627	653
627	777
627	783
627	816
627	877
627	895
627	913
628	545
628	625
628	683
628	715
628	724
628	756
628	790
628	795
628	808
628	840
628	863
628	921
628	930
629	284
629	335
629	438
629	473
629	480
629	525
629	611
629	758
629	791
629	895
629	919
629	941
629	955
629	964
629	981
629	996
630	750
630	756
630	793
630	860
630	869
630	878
630	882
630	885
630	892
630	915
630	952
630	960
630	978
630	983
631	796
631	807
631	819
631	855
631	882
631	884
631	936
631	961
631	987
631	991
631	993
631	994
631	997
631	999
632	783
632	889
632	891
632	909
632	926
632	939
632	968
632	969
632	970
632	972
633	525
633	612
633	626
633	654
633	685
633	702
633	806
633	831
633	934
633	996
634	409
634	701
634	725
634	827
634	837
634	851
634	852
634	868
634	878
634	915
634	978
634	981
635	463
635	559
635	576
635	588
635	627
635	653
635	766
635	944
635	952
635	980
635	1000
636	642
636	706
636	724
636	734
636	783
636	846
636	896
636	918
636	964
636	972
636	973
636	974
636	986
637	705
637	751
637	867
637	868
637	886
637	897
637	906
637	921
637	931
637	947
637	964
637	985
637	997
638	513
638	622
638	748
638	812
638	862
638	871
638	880
638	889
638	960
638	975
638	993
638	998
639	572
639	760
639	788
639	798
639	801
639	802
639	819
639	876
639	896
639	901
639	966
639	978
639	1000
640	652
640	726
640	735
640	814
640	827
640	842
640	879
640	904
640	946
640	955
640	969
640	992
640	997
641	600
641	712
641	846
641	852
641	935
641	968
641	972
641	973
641	974
641	986
642	636
642	689
642	727
642	757
642	773
642	807
642	844
642	860
642	908
642	910
642	917
642	926
642	929
642	949
642	996
643	739
643	871
643	880
643	912
643	938
643	940
643	954
643	971
643	975
643	993
643	997
644	549
644	562
644	563
644	603
644	703
644	777
644	811
644	833
644	834
644	874
644	905
644	960
644	973
645	582
645	696
645	729
645	740
645	840
645	848
645	863
645	916
645	953
645	976
645	982
645	988
646	439
646	497
646	547
646	757
646	806
646	809
646	826
646	832
646	839
646	866
646	874
647	627
647	676
647	680
647	700
647	707
647	750
647	796
647	798
647	802
647	995
648	691
648	761
648	822
648	828
648	864
648	882
648	883
648	905
648	912
648	933
648	940
648	958
648	959
648	962
648	988
648	994
649	550
649	568
649	661
649	733
649	756
649	757
649	841
649	855
649	870
649	889
649	917
650	495
650	776
650	807
650	812
650	836
650	871
650	895
650	912
650	922
650	923
650	941
650	964
650	996
651	698
651	794
651	827
651	833
651	844
651	866
651	912
651	926
651	949
651	979
651	985
651	995
652	640
652	686
652	722
652	793
652	814
652	842
652	886
652	904
652	917
652	918
652	965
652	973
652	992
653	463
653	559
653	588
653	590
653	627
653	635
653	765
653	850
653	932
653	972
654	578
654	612
654	626
654	633
654	685
654	874
654	932
654	947
654	958
654	972
655	497
655	585
655	682
655	709
655	758
655	768
655	845
655	847
655	857
655	884
655	902
655	903
655	923
655	956
656	735
656	762
656	814
656	836
656	840
656	842
656	844
656	871
656	891
656	898
656	965
656	973
656	992
657	749
657	791
657	865
657	896
657	897
657	903
657	909
657	953
657	968
657	973
657	974
657	986
657	1000
658	730
658	762
658	804
658	819
658	906
658	911
658	925
658	952
658	961
658	978
658	982
658	987
658	994
658	999
659	795
659	841
659	842
659	848
659	855
659	866
659	867
659	901
659	905
659	910
659	912
659	914
659	935
659	938
659	944
659	989
659	990
660	626
660	665
660	758
660	776
660	843
660	871
660	895
660	919
660	941
660	954
660	955
660	964
660	977
661	649
661	723
661	774
661	837
661	840
661	851
661	862
661	867
661	871
661	879
661	882
661	892
661	897
661	915
661	948
661	965
662	713
662	815
662	818
662	844
662	860
662	889
662	899
662	907
662	916
662	917
662	926
662	929
662	949
662	963
662	976
662	980
662	995
663	407
663	694
663	714
663	749
663	763
663	819
663	823
663	852
663	857
663	861
663	924
663	942
663	950
663	951
663	984
664	689
664	713
664	721
664	740
664	798
664	880
664	969
664	972
664	976
664	990
664	992
665	660
665	821
665	854
665	864
665	912
665	940
665	950
665	951
665	958
665	959
665	962
665	988
665	992
666	490
666	586
666	708
666	711
666	736
666	745
666	759
666	793
666	821
666	833
666	840
666	856
666	898
666	971
667	682
667	720
667	725
667	816
667	862
667	869
667	879
667	896
667	909
667	914
667	915
667	948
667	978
667	983
668	578
668	683
668	699
668	760
668	846
668	865
668	901
668	906
668	915
668	939
668	968
668	972
668	973
668	974
669	577
669	681
669	690
669	709
669	816
669	827
669	830
669	833
669	851
669	939
669	946
669	968
670	482
670	491
670	525
670	608
670	768
670	816
670	821
670	959
670	969
670	983
671	799
671	814
671	820
671	838
671	841
671	858
671	861
671	898
671	942
671	945
671	953
671	968
671	984
672	689
672	717
672	764
672	802
672	868
672	873
672	875
672	893
672	900
672	913
672	925
672	954
672	961
672	963
672	995
673	540
673	604
673	766
673	767
673	783
673	793
673	843
673	903
673	905
673	980
673	991
674	402
674	430
674	474
674	555
674	755
674	810
674	820
674	874
674	897
674	939
674	989
674	994
675	692
675	705
675	862
675	869
675	879
675	917
675	929
675	948
675	971
675	978
675	983
675	986
676	506
676	560
676	647
676	680
676	707
676	737
676	750
676	815
676	822
676	847
676	854
676	951
676	996
677	694
677	749
677	765
677	786
677	798
677	816
677	818
677	820
677	871
677	883
677	887
677	888
677	909
677	942
677	984
678	499
678	514
678	528
678	541
678	743
678	746
678	756
678	760
678	800
678	834
678	835
678	847
678	876
678	933
679	723
679	791
679	865
679	872
679	885
679	891
679	901
679	905
679	969
679	970
679	972
679	986
679	989
680	506
680	560
680	647
680	676
680	707
680	750
680	860
680	916
680	978
680	997
681	669
681	687
681	747
681	796
681	812
681	822
681	829
681	840
681	847
681	923
681	943
681	955
681	976
681	982
682	345
682	655
682	667
682	730
682	779
682	780
682	794
682	855
682	881
682	890
682	930
682	934
682	947
682	981
682	990
683	424
683	442
683	480
683	532
683	545
683	592
683	628
683	668
683	808
683	865
683	873
683	883
684	735
684	775
684	802
684	804
684	806
684	813
684	864
684	926
684	931
684	961
684	987
684	991
684	994
684	999
685	540
685	578
685	612
685	626
685	633
685	654
685	696
685	715
685	884
685	931
685	965
685	989
686	609
686	652
686	771
686	788
686	798
686	805
686	813
686	817
686	822
686	868
686	885
686	906
686	923
686	928
686	931
686	985
686	988
687	582
687	681
687	734
687	792
687	804
687	828
687	840
687	876
687	912
687	943
687	954
687	982
688	724
688	762
688	774
688	775
688	787
688	789
688	804
688	808
688	819
688	837
688	849
688	892
688	937
688	952
688	963
688	991
688	999
689	551
689	573
689	610
689	615
689	642
689	664
689	672
689	702
689	772
689	782
689	784
689	851
689	856
689	866
689	959
690	577
690	669
690	752
690	781
690	792
690	793
690	799
690	830
690	833
690	866
690	921
690	927
690	934
690	946
690	964
690	980
691	648
691	748
691	770
691	788
691	808
691	849
691	877
691	908
691	911
691	943
691	947
691	959
691	966
691	1000
692	585
692	675
692	759
692	762
692	805
692	834
692	871
692	880
692	906
692	941
692	960
692	971
692	993
692	998
693	329
693	469
693	515
693	557
693	580
693	712
693	716
693	728
693	754
693	799
693	856
693	982
694	663
694	677
694	765
694	786
694	789
694	815
694	838
694	882
694	894
694	908
694	951
694	958
694	984
695	556
695	738
695	758
695	765
695	819
695	840
695	842
695	845
695	857
695	884
695	902
695	903
695	955
695	956
695	981
696	495
696	597
696	645
696	685
696	709
696	732
696	737
696	742
696	779
696	780
696	790
696	848
696	883
696	932
696	953
696	977
696	990
697	698
697	723
697	877
697	900
697	936
697	952
697	966
697	968
697	973
697	991
697	994
697	998
697	999
698	543
698	599
698	612
698	651
698	697
698	700
698	720
698	766
698	775
698	844
698	907
698	917
698	929
698	931
698	956
698	995
699	668
699	726
699	753
699	789
699	803
699	830
699	871
699	880
699	924
699	927
699	960
699	971
699	975
699	983
699	998
700	537
700	647
700	698
700	751
700	773
700	808
700	847
700	865
700	889
700	899
700	907
700	926
700	934
700	954
700	963
700	995
701	634
701	744
701	776
701	782
701	807
701	831
701	835
701	844
701	852
701	868
701	874
701	919
701	922
701	955
701	964
701	982
702	558
702	633
702	689
702	754
702	787
702	799
702	801
702	820
702	888
702	894
702	924
702	945
702	950
702	951
702	979
702	984
702	990
703	447
703	562
703	563
703	603
703	644
703	753
703	777
703	787
703	811
703	877
703	946
703	950
703	960
704	770
704	815
704	839
704	841
704	866
704	873
704	877
704	910
704	935
704	938
704	944
704	970
704	971
704	979
704	983
704	985
705	637
705	675
705	743
705	801
705	836
705	837
705	869
705	878
705	879
705	913
705	915
705	929
705	937
705	948
705	983
706	583
706	636
706	710
706	735
706	747
706	754
706	826
706	835
706	850
706	863
706	870
706	900
706	920
706	977
706	983
707	392
707	455
707	506
707	540
707	560
707	647
707	676
707	680
707	750
707	849
707	901
707	926
707	939
707	946
708	379
708	490
708	586
708	666
708	711
708	736
708	745
708	749
708	864
708	925
708	931
708	934
708	963
708	994
708	999
709	655
709	669
709	696
709	728
709	732
709	735
709	790
709	819
709	837
709	876
709	881
709	883
709	932
709	988
709	990
710	583
710	607
710	614
710	616
710	706
710	747
710	799
710	825
710	826
710	835
710	850
710	853
710	870
710	881
710	887
710	920
710	974
711	379
711	490
711	545
711	586
711	666
711	708
711	736
711	745
711	897
711	921
711	924
711	958
711	970
711	983
712	333
712	351
712	515
712	641
712	693
712	716
712	754
712	781
712	804
712	815
712	879
712	882
712	885
712	948
712	959
713	536
713	662
713	664
713	719
713	721
713	753
713	780
713	789
713	798
713	865
713	896
713	927
713	969
713	970
713	986
714	663
714	737
714	743
714	770
714	774
714	827
714	829
714	834
714	837
714	856
714	861
714	882
714	892
714	899
714	948
714	951
714	978
714	983
714	997
715	342
715	510
715	628
715	685
715	725
715	737
715	748
715	797
715	805
715	833
715	872
715	887
715	912
715	916
715	957
716	249
716	333
716	351
716	693
716	712
716	754
716	757
716	762
716	764
716	812
716	824
716	829
716	859
716	967
716	982
716	986
717	591
717	672
717	782
717	790
717	875
717	886
717	925
717	954
717	963
717	971
717	979
717	997
717	999
718	288
718	759
718	791
718	801
718	823
718	825
718	836
718	865
718	900
718	968
718	969
718	970
718	972
718	973
718	974
718	976
719	578
719	609
719	713
719	769
719	806
719	817
719	818
719	823
719	824
719	850
719	859
719	909
719	974
719	990
720	667
720	698
720	730
720	768
720	779
720	787
720	794
720	798
720	800
720	881
720	890
720	917
720	932
720	940
720	990
721	547
721	664
721	713
721	791
721	876
721	885
721	894
721	907
721	939
721	953
721	968
721	969
721	970
721	974
722	315
722	409
722	425
722	458
722	460
722	537
722	567
722	580
722	652
722	734
722	762
722	816
722	827
722	876
722	881
722	958
723	661
723	679
723	697
723	762
723	789
723	818
723	819
723	874
723	929
723	937
723	952
723	961
723	980
723	986
723	991
724	563
724	628
724	636
724	688
724	776
724	807
724	831
724	836
724	843
724	853
724	874
724	877
724	895
724	913
724	919
724	922
724	996
725	607
725	634
725	667
725	715
725	743
725	763
725	826
725	827
725	838
725	843
725	942
725	948
725	976
725	978
725	986
726	566
726	640
726	699
726	735
726	814
726	842
726	897
726	898
726	904
726	934
726	936
726	963
726	965
726	973
726	992
726	1000
727	592
727	642
727	775
727	816
727	821
727	847
727	870
727	889
727	894
727	903
727	907
727	917
727	926
727	995
727	1000
728	606
728	623
728	693
728	709
728	738
728	787
728	793
728	794
728	852
728	881
728	883
728	890
728	898
728	930
728	981
728	987
729	582
729	585
729	645
729	749
729	770
729	771
729	779
729	788
729	813
729	840
729	842
729	860
729	922
729	927
729	953
729	976
729	982
730	489
730	543
730	546
730	584
730	619
730	658
730	682
730	720
730	742
730	759
730	794
730	830
730	872
730	875
730	881
730	928
730	930
730	995
731	499
731	559
731	770
731	778
731	788
731	849
731	861
731	872
731	877
731	880
731	893
731	911
731	929
731	944
731	966
732	696
732	709
732	774
732	794
732	816
732	881
732	883
732	910
732	915
732	930
732	934
732	944
732	949
732	956
732	960
732	983
732	987
732	990
733	306
733	404
733	554
733	568
733	571
733	593
733	649
733	757
733	791
733	818
733	855
733	857
733	861
733	873
733	883
734	315
734	409
734	425
734	458
734	460
734	537
734	567
734	580
734	636
734	687
734	722
734	767
734	775
734	778
734	826
734	838
734	984
735	470
735	500
735	510
735	640
735	656
735	684
735	706
735	709
735	726
735	814
735	842
735	898
735	904
735	914
735	931
735	965
735	992
735	999
736	180
736	379
736	415
736	490
736	586
736	666
736	708
736	711
736	745
736	760
736	775
736	893
736	902
736	906
736	919
736	934
736	937
737	510
737	581
737	676
737	696
737	714
737	715
737	747
737	797
737	805
737	822
737	834
737	846
737	872
737	887
737	916
737	932
737	970
738	573
738	695
738	728
738	766
738	813
738	845
738	857
738	884
738	900
738	902
738	903
738	918
738	932
738	956
738	988
738	998
739	460
739	570
739	587
739	600
739	643
739	755
739	799
739	815
739	880
739	909
739	960
739	965
739	971
739	975
739	993
740	510
740	645
740	664
740	775
740	787
740	829
740	846
740	851
740	853
740	865
740	920
740	939
740	946
740	969
740	970
740	973
740	980
740	986
741	791
741	810
741	846
741	869
741	891
741	920
741	934
741	939
741	959
741	969
741	970
741	972
741	974
741	975
741	986
741	992
741	995
742	489
742	543
742	606
742	619
742	696
742	730
742	779
742	780
742	787
742	825
742	828
742	843
742	848
742	850
742	890
742	910
742	913
742	914
742	952
742	963
742	990
743	323
743	456
743	516
743	596
743	605
743	678
743	705
743	714
743	725
743	817
743	826
743	827
743	828
743	837
743	855
743	869
743	878
743	892
743	915
744	617
744	701
744	790
744	828
744	860
744	869
744	874
744	877
744	886
744	909
744	922
744	923
744	927
744	930
744	943
744	946
744	982
744	1000
745	180
745	379
745	415
745	490
745	586
745	666
745	708
745	711
745	736
745	762
745	859
745	912
745	938
745	939
745	971
745	990
746	352
746	410
746	495
746	499
746	514
746	528
746	541
746	574
746	678
746	756
746	760
746	764
746	863
746	879
746	880
746	905
746	908
746	967
746	988
747	534
747	576
747	583
747	600
747	609
747	614
747	616
747	681
747	706
747	710
747	737
747	782
747	800
747	805
747	826
747	835
747	850
747	900
747	920
747	921
747	930
747	972
748	638
748	691
748	715
748	778
748	788
748	801
748	802
748	849
748	876
748	877
748	886
748	893
748	907
748	908
748	923
748	935
748	948
748	949
748	950
748	974
748	1000
749	477
749	571
749	657
749	663
749	677
749	708
749	729
749	761
749	785
749	818
749	861
749	872
749	885
749	894
749	942
749	945
749	950
749	951
749	962
750	278
750	318
750	348
750	385
750	392
750	455
750	506
750	560
750	630
750	647
750	676
750	680
750	707
750	863
750	883
750	892
750	924
750	934
750	946
750	950
751	462
751	483
751	637
751	700
751	762
751	804
751	819
751	848
751	858
751	903
751	943
751	952
751	961
751	982
751	987
751	991
751	994
751	999
752	690
752	764
752	781
752	830
752	851
752	935
752	946
752	954
752	961
752	965
752	976
752	980
752	998
752	999
753	600
753	699
753	703
753	713
753	759
753	797
753	829
753	834
753	854
753	880
753	888
753	926
753	960
753	971
753	975
753	984
753	993
753	998
754	249
754	260
754	294
754	333
754	345
754	351
754	515
754	693
754	702
754	706
754	712
754	716
754	770
754	838
754	917
754	943
754	949
754	957
754	991
755	354
755	369
755	419
755	430
755	445
755	474
755	494
755	519
755	555
755	674
755	739
755	790
755	812
755	847
755	884
755	921
755	957
755	976
755	989
755	996
756	352
756	410
756	499
756	514
756	528
756	541
756	553
756	574
756	628
756	630
756	649
756	678
756	746
756	760
756	788
756	821
756	845
756	862
756	945
756	990
757	432
757	514
757	518
757	535
757	550
757	568
757	571
757	593
757	642
757	646
757	649
757	716
757	733
757	782
757	841
757	855
757	870
757	916
757	933
758	629
758	655
758	660
758	695
758	845
758	850
758	857
758	859
758	884
758	895
758	902
758	903
758	918
758	936
758	946
758	956
758	957
758	959
758	973
758	994
759	666
759	692
759	718
759	730
759	753
759	779
759	834
759	839
759	870
759	871
759	880
759	908
759	911
759	956
759	975
759	988
759	993
759	998
760	352
760	410
760	499
760	514
760	528
760	541
760	548
760	574
760	639
760	668
760	678
760	736
760	746
760	756
760	838
760	873
760	886
760	926
760	961
761	469
761	648
761	749
761	765
761	785
761	786
761	802
761	816
761	820
761	888
761	890
761	912
761	917
761	924
761	942
761	945
761	948
761	950
761	951
761	984
761	986
762	503
762	512
762	656
762	658
762	688
762	692
762	716
762	722
762	723
762	745
762	751
762	804
762	872
762	893
762	896
762	928
762	931
762	936
762	987
762	994
762	999
763	663
763	725
763	817
763	824
763	838
763	858
763	867
763	885
763	897
763	906
763	911
763	915
763	924
763	942
763	947
763	954
763	957
763	971
763	999
764	672
764	716
764	746
764	752
764	780
764	803
764	825
764	827
764	853
764	855
764	880
764	913
764	944
764	961
764	963
764	967
764	979
765	324
765	653
765	677
765	694
765	695
765	761
765	781
765	799
765	818
765	868
765	875
765	888
765	924
765	936
765	950
765	951
765	953
765	966
765	990
766	523
766	595
766	611
766	635
766	673
766	698
766	738
766	775
766	785
766	828
766	847
766	889
766	899
766	915
766	949
766	953
766	970
766	985
767	336
767	393
767	440
767	484
767	522
767	540
767	604
767	673
767	734
767	783
767	793
767	801
767	829
767	849
767	871
767	920
767	930
767	949
767	968
768	364
768	416
768	477
768	482
768	491
768	525
768	531
768	535
768	547
768	607
768	608
768	655
768	670
768	720
768	787
768	802
768	816
768	821
768	968
768	992
769	417
769	436
769	452
769	492
769	493
769	544
769	620
769	719
769	781
769	823
769	824
769	859
769	871
769	878
769	883
769	893
769	957
769	959
769	961
769	992
769	998
770	496
770	604
770	691
770	704
770	714
770	729
770	731
770	754
770	778
770	798
770	801
770	802
770	849
770	876
770	877
770	893
770	911
770	936
770	943
770	966
770	978
770	993
770	1000
771	620
771	686
771	729
771	803
771	822
771	867
771	897
771	900
771	906
771	907
771	911
771	931
771	947
771	957
771	961
771	993
771	998
772	483
772	613
772	689
772	825
772	854
772	905
772	912
772	915
772	918
772	923
772	929
772	933
772	937
772	940
772	958
772	959
772	962
772	988
772	996
772	1000
773	496
773	611
773	642
773	700
773	775
773	785
773	829
773	831
773	844
773	864
773	907
773	924
773	926
773	936
773	949
773	960
773	962
773	966
773	995
774	450
774	602
774	661
774	688
774	714
774	732
774	802
774	835
774	856
774	871
774	873
774	878
774	882
774	892
774	948
774	977
774	978
774	983
775	538
775	684
775	688
775	698
775	727
775	734
775	736
775	740
775	766
775	773
775	818
775	847
775	899
775	907
775	917
775	929
775	935
775	949
775	974
775	989
775	995
776	413
776	443
776	456
776	466
776	650
776	660
776	701
776	724
776	783
776	807
776	854
776	878
776	919
776	928
776	941
776	977
776	981
777	447
777	549
777	562
777	563
777	603
777	627
777	644
777	703
777	791
777	811
777	812
777	834
777	884
777	902
777	959
777	971
777	980
777	981
777	993
778	569
778	584
778	731
778	734
778	748
778	770
778	783
778	788
778	798
778	806
778	811
778	849
778	852
778	858
778	876
778	877
778	971
778	974
778	993
778	1000
779	26
779	451
779	471
779	554
779	606
779	619
779	682
779	696
779	720
779	729
779	742
779	759
779	787
779	790
779	795
779	810
779	831
779	842
779	868
779	934
779	972
779	990
780	546
780	565
780	584
780	606
780	619
780	623
780	682
780	696
780	713
780	742
780	764
780	800
780	808
780	883
780	889
780	919
780	930
780	932
780	965
780	970
780	996
781	451
781	548
781	577
781	690
781	712
781	752
781	765
781	769
781	792
781	830
781	833
781	851
781	858
781	880
781	883
781	946
781	980
781	981
781	990
782	149
782	188
782	277
782	314
782	383
782	450
782	464
782	501
782	551
782	610
782	689
782	701
782	717
782	747
782	757
782	784
782	786
782	856
782	884
782	957
782	994
783	377
783	393
783	394
783	440
783	484
783	522
783	540
783	565
783	593
783	604
783	627
783	632
783	636
783	673
783	767
783	776
783	778
783	793
783	825
783	832
783	854
783	882
784	261
784	277
784	314
784	383
784	450
784	461
784	464
784	551
784	559
784	592
784	610
784	615
784	618
784	689
784	782
784	856
784	863
784	945
784	949
784	971
784	981
785	490
785	538
785	542
785	607
785	749
785	761
785	766
785	773
785	790
785	844
785	871
785	881
785	899
785	917
785	926
785	949
785	955
785	985
786	420
786	423
786	462
786	609
786	677
786	694
786	761
786	782
786	820
786	838
786	862
786	888
786	894
786	903
786	904
786	935
786	938
786	950
786	975
786	982
787	489
787	619
787	688
787	702
787	703
787	720
787	728
787	740
787	742
787	768
787	779
787	794
787	800
787	868
787	883
787	890
787	912
787	932
787	933
787	940
787	963
787	992
788	182
788	305
788	334
788	542
788	639
788	686
788	691
788	729
788	731
788	748
788	756
788	778
788	789
788	801
788	841
788	843
788	849
788	876
788	877
788	878
788	889
788	911
789	688
789	694
789	699
789	713
789	723
789	788
789	794
789	804
789	813
789	884
789	896
789	911
789	923
789	929
789	937
789	945
789	987
789	991
789	994
789	996
790	338
790	546
790	555
790	561
790	619
790	628
790	696
790	709
790	717
790	744
790	755
790	779
790	785
790	795
790	810
790	867
790	881
790	903
790	930
790	932
790	947
790	976
791	604
791	629
791	657
791	679
791	718
791	721
791	733
791	741
791	777
791	835
791	846
791	865
791	915
791	919
791	938
791	939
791	968
791	970
791	972
791	986
791	997
791	999
792	408
792	539
792	548
792	602
792	610
792	687
792	690
792	781
792	805
792	806
792	830
792	833
792	851
792	861
792	866
792	929
792	946
792	969
792	977
792	980
793	194
793	199
793	288
793	320
793	336
793	365
793	377
793	393
793	413
793	428
793	440
793	484
793	522
793	540
793	604
793	630
793	652
793	666
793	673
793	690
793	728
793	767
793	783
793	817
793	986
794	486
794	546
794	573
794	584
794	651
794	682
794	720
794	728
794	730
794	732
794	787
794	789
794	848
794	857
794	888
794	890
794	930
794	932
794	934
794	941
794	958
794	978
794	990
795	454
795	510
795	584
795	612
795	623
795	628
795	659
795	779
795	790
795	797
795	839
795	860
795	881
795	882
795	883
795	899
795	901
795	930
795	932
795	934
795	951
795	990
795	997
796	265
796	431
796	586
796	631
796	647
796	681
796	810
796	832
796	868
796	877
796	885
796	897
796	906
796	918
796	928
796	947
796	957
796	960
796	985
796	997
797	510
797	581
797	613
797	715
797	737
797	753
797	795
797	805
797	825
797	844
797	853
797	872
797	878
797	887
797	892
797	903
797	913
797	914
797	916
798	468
798	611
798	639
798	647
798	664
798	677
798	686
798	713
798	720
798	770
798	778
798	801
798	802
798	848
798	877
798	893
798	896
798	908
798	911
798	954
798	966
798	1000
799	530
799	594
799	613
799	671
799	690
799	693
799	702
799	710
799	739
799	765
799	818
799	825
799	826
799	838
799	879
799	894
799	908
799	924
799	942
799	950
799	978
799	983
799	990
800	489
800	546
800	565
800	678
800	720
800	747
800	780
800	787
800	821
800	867
800	890
800	892
800	901
800	918
800	930
800	932
800	934
800	970
800	981
800	990
801	359
801	366
801	594
801	602
801	639
801	702
801	705
801	718
801	748
801	767
801	770
801	788
801	798
801	802
801	834
801	849
801	876
801	877
801	908
801	929
801	937
801	950
801	966
801	1000
802	405
802	473
802	639
802	647
802	672
802	684
802	748
802	761
802	768
802	770
802	774
802	798
802	801
802	806
802	849
802	876
802	893
802	908
802	911
802	923
802	966
802	993
802	998
802	1000
803	569
803	591
803	699
803	764
803	771
803	853
803	875
803	880
803	885
803	894
803	900
803	902
803	922
803	925
803	963
803	967
803	969
803	973
803	979
804	434
804	527
804	535
804	616
804	658
804	684
804	687
804	688
804	712
804	751
804	762
804	789
804	819
804	842
804	856
804	875
804	878
804	952
804	961
804	986
804	990
804	994
805	499
805	581
805	686
805	692
805	715
805	737
805	747
805	792
805	797
805	832
805	839
805	872
805	887
805	911
805	916
805	938
805	958
805	974
805	1000
806	334
806	417
806	436
806	452
806	492
806	493
806	514
806	544
806	609
806	620
806	625
806	633
806	646
806	684
806	719
806	778
806	792
806	802
806	823
806	824
806	859
806	877
806	921
807	527
807	542
807	631
807	642
807	650
807	701
807	724
807	776
807	843
807	864
807	895
807	922
807	941
807	943
807	951
807	974
807	977
807	981
807	982
807	988
807	996
808	195
808	289
808	310
808	329
808	334
808	372
808	400
808	424
808	442
808	461
808	480
808	512
808	545
808	552
808	558
808	592
808	615
808	628
808	683
808	688
808	691
808	700
808	780
808	839
808	847
808	885
808	901
808	989
809	265
809	323
809	520
809	646
809	812
809	815
809	817
809	831
809	832
809	843
809	852
809	891
809	895
809	906
809	919
809	941
809	959
809	970
809	977
810	342
810	354
810	369
810	402
810	419
810	430
810	445
810	474
810	494
810	519
810	555
810	674
810	741
810	779
810	790
810	796
810	831
810	840
810	856
810	865
810	919
810	924
810	932
811	338
811	342
811	416
811	447
811	549
811	554
811	562
811	563
811	603
811	644
811	703
811	777
811	778
811	823
811	850
811	860
811	881
811	916
811	918
811	949
812	288
812	498
812	603
812	638
812	650
812	681
812	716
812	755
812	777
812	809
812	820
812	831
812	843
812	888
812	894
812	918
812	936
812	941
812	955
812	977
812	981
812	996
813	434
813	534
813	621
813	684
813	686
813	729
813	738
813	789
813	846
813	847
813	887
813	935
813	936
813	952
813	956
813	961
813	987
813	991
813	999
814	494
814	564
814	590
814	640
814	652
814	656
814	671
814	726
814	735
814	828
814	837
814	842
814	860
814	870
814	898
814	904
814	950
814	960
814	965
814	979
814	992
815	458
815	486
815	548
815	605
815	662
815	676
815	694
815	704
815	712
815	739
815	809
815	848
815	866
815	873
815	901
815	910
815	913
815	935
815	943
815	944
815	970
815	989
816	364
816	477
816	482
816	491
816	525
816	531
816	608
816	616
816	627
816	667
816	669
816	670
816	677
816	722
816	727
816	732
816	761
816	768
816	821
816	825
816	836
816	865
816	927
817	186
817	401
817	522
817	561
817	598
817	626
817	686
817	719
817	743
817	763
817	793
817	809
817	822
817	845
817	858
817	885
817	894
817	921
817	928
817	931
817	966
817	985
818	287
818	363
818	369
818	570
818	592
818	662
818	677
818	719
818	723
818	733
818	749
818	765
818	775
818	799
818	824
818	861
818	888
818	894
818	910
818	924
818	945
818	950
818	951
818	956
818	983
818	984
819	631
819	639
819	658
819	663
819	688
819	695
819	709
819	723
819	751
819	804
819	843
819	867
819	937
819	952
819	968
819	981
819	983
819	987
819	990
819	991
820	597
820	600
820	671
820	674
820	677
820	702
820	761
820	786
820	812
820	825
820	838
820	863
820	891
820	894
820	896
820	924
820	945
820	950
820	951
820	952
820	984
820	991
821	31
821	205
821	221
821	256
821	364
821	477
821	482
821	491
821	525
821	531
821	665
821	666
821	670
821	727
821	756
821	768
821	800
821	816
821	921
821	957
821	976
821	988
821	995
822	78
822	306
822	454
822	471
822	527
822	569
822	618
822	622
822	648
822	676
822	681
822	686
822	737
822	771
822	817
822	858
822	885
822	888
822	897
822	920
822	921
822	931
822	947
822	964
822	985
822	997
823	374
823	417
823	452
823	492
823	493
823	544
823	609
823	618
823	620
823	663
823	718
823	719
823	769
823	806
823	811
823	824
823	859
823	894
823	917
823	928
823	946
823	971
823	980
824	417
824	436
824	452
824	493
824	499
824	544
824	609
824	620
824	716
824	719
824	763
824	769
824	806
824	818
824	823
824	835
824	843
824	859
824	880
824	914
824	931
824	951
824	963
824	991
825	337
825	572
825	710
825	718
825	742
825	764
825	772
825	783
825	797
825	799
825	816
825	820
825	864
825	905
825	912
825	918
825	929
825	932
825	933
825	940
825	958
825	959
825	962
825	984
825	988
826	337
826	405
826	414
826	479
826	534
826	614
826	646
826	706
826	710
826	725
826	734
826	743
826	747
826	799
826	835
826	850
826	907
826	908
826	911
826	920
826	947
826	970
827	219
827	425
827	513
827	602
827	607
827	634
827	640
827	651
827	669
827	714
827	722
827	725
827	743
827	764
827	869
827	878
827	879
827	892
827	915
827	951
827	967
827	983
827	987
828	512
828	648
828	687
828	742
828	743
828	744
828	766
828	814
828	829
828	864
828	873
828	879
828	886
828	904
828	909
828	919
828	927
828	943
828	953
828	971
828	976
828	982
828	989
829	192
829	466
829	533
829	556
829	681
829	714
829	716
829	740
829	753
829	767
829	773
829	828
829	840
829	846
829	863
829	876
829	909
829	919
829	927
829	940
829	942
829	943
829	952
829	982
830	219
830	373
830	382
830	389
830	400
830	412
830	475
830	518
830	541
830	548
830	608
830	669
830	690
830	699
830	730
830	752
830	781
830	792
830	833
830	844
830	867
830	944
830	946
830	980
831	195
831	461
831	466
831	495
831	529
831	633
831	701
831	724
831	773
831	779
831	809
831	810
831	812
831	843
831	871
831	895
831	918
831	919
831	922
831	933
831	955
831	964
831	974
831	977
831	981
831	996
832	118
832	135
832	141
832	154
832	167
832	181
832	193
832	211
832	228
832	295
832	305
832	439
832	497
832	518
832	522
832	543
832	545
832	582
832	595
832	608
832	646
832	783
832	796
832	805
832	809
832	836
832	839
832	874
832	893
832	899
833	173
833	332
833	461
833	517
833	577
833	603
833	644
833	651
833	666
833	669
833	690
833	715
833	781
833	792
833	830
833	846
833	851
833	946
833	953
833	979
833	980
833	981
834	392
834	600
834	604
834	644
834	678
834	692
834	714
834	737
834	753
834	759
834	777
834	801
834	860
834	871
834	880
834	922
834	939
834	956
834	971
834	975
834	987
834	993
834	998
835	236
835	469
835	534
835	544
835	555
835	583
835	614
835	616
835	678
835	701
835	706
835	710
835	747
835	774
835	791
835	824
835	826
835	850
835	879
835	913
835	920
835	987
835	992
836	276
836	394
836	401
836	471
836	488
836	502
836	505
836	516
836	524
836	534
836	547
836	570
836	595
836	650
836	656
836	705
836	718
836	724
836	816
836	832
836	852
836	854
836	895
836	922
836	947
836	956
836	964
837	376
837	416
837	419
837	528
837	590
837	618
837	634
837	661
837	688
837	705
837	709
837	714
837	743
837	814
837	862
837	878
837	879
837	881
837	892
837	948
837	978
837	983
837	984
837	988
837	992
838	420
838	446
838	462
838	594
838	599
838	671
838	694
838	725
838	734
838	754
838	760
838	763
838	786
838	799
838	820
838	861
838	872
838	894
838	910
838	924
838	928
838	935
838	946
838	989
839	135
839	141
839	154
839	181
839	193
839	211
839	228
839	295
839	305
839	409
839	439
839	492
839	497
839	523
839	547
839	551
839	564
839	646
839	704
839	759
839	795
839	805
839	808
839	832
839	873
839	874
839	907
839	932
839	979
840	254
840	316
840	356
840	434
840	500
840	507
840	514
840	536
840	621
840	628
840	645
840	656
840	661
840	666
840	681
840	687
840	695
840	729
840	810
840	829
840	859
840	886
840	909
840	922
840	976
841	194
841	451
841	479
841	509
841	533
841	613
841	649
841	659
841	671
841	704
841	757
841	788
841	843
841	847
841	848
841	866
841	873
841	876
841	903
841	910
841	914
841	935
841	938
841	944
841	989
842	468
842	564
842	566
842	640
842	652
842	656
842	659
842	695
842	726
842	729
842	735
842	779
842	804
842	814
842	898
842	904
842	930
842	950
842	961
842	965
842	966
842	984
842	986
842	992
843	456
843	584
843	621
843	660
843	673
843	724
843	725
843	742
843	788
843	807
843	809
843	812
843	819
843	824
843	831
843	841
843	895
843	919
843	924
843	941
843	954
843	964
843	968
843	981
844	253
844	467
844	507
844	552
844	624
844	642
844	651
844	656
844	662
844	698
844	701
844	773
844	785
844	797
844	830
844	863
844	899
844	907
844	917
844	926
844	937
844	949
844	977
845	496
845	524
845	550
845	573
845	625
845	655
845	695
845	738
845	756
845	758
845	817
845	857
845	877
845	878
845	889
845	891
845	902
845	903
845	918
845	930
845	939
845	952
845	956
845	976
846	434
846	472
846	507
846	531
846	567
846	585
846	636
846	641
846	668
846	737
846	740
846	741
846	791
846	813
846	829
846	833
846	853
846	865
846	896
846	950
846	969
846	970
846	973
846	974
846	986
846	997
847	219
847	476
847	513
847	517
847	567
847	611
847	612
847	655
847	676
847	678
847	681
847	700
847	727
847	755
847	766
847	775
847	808
847	813
847	841
847	876
847	889
847	899
847	917
847	928
847	929
847	949
847	998
848	488
848	489
848	571
848	607
848	613
848	645
848	659
848	696
848	742
848	751
848	794
848	798
848	815
848	841
848	853
848	873
848	901
848	910
848	914
848	935
848	938
848	940
848	944
848	981
848	987
848	989
849	216
849	496
849	526
849	557
849	688
849	691
849	707
849	731
849	748
849	767
849	770
849	778
849	788
849	801
849	802
849	852
849	876
849	877
849	897
849	908
849	911
849	915
849	947
849	953
849	962
849	966
849	980
849	1000
850	30
850	251
850	325
850	348
850	366
850	383
850	414
850	479
850	534
850	562
850	570
850	583
850	614
850	616
850	653
850	706
850	710
850	719
850	742
850	747
850	758
850	811
850	826
850	835
850	872
850	876
850	920
851	106
851	241
851	308
851	373
851	406
851	483
851	540
851	546
851	577
851	603
851	634
851	661
851	669
851	689
851	740
851	752
851	781
851	792
851	833
851	886
851	946
851	956
851	967
851	972
851	979
851	980
851	993
852	305
852	353
852	455
852	456
852	505
852	517
852	595
852	617
852	623
852	634
852	641
852	663
852	701
852	728
852	778
852	809
852	836
852	849
852	893
852	895
852	919
852	922
852	955
852	962
852	981
852	991
852	996
853	538
853	553
853	554
853	589
853	710
853	724
853	740
853	764
853	797
853	803
853	846
853	848
853	897
853	898
853	900
853	909
853	914
853	919
853	925
853	946
853	953
853	954
853	960
853	963
853	967
854	331
854	410
854	493
854	578
854	665
854	676
854	753
854	772
854	776
854	783
854	836
854	864
854	885
854	905
854	909
854	912
854	933
854	940
854	947
854	957
854	958
854	959
854	962
854	988
855	114
855	155
855	293
855	306
855	313
855	327
855	404
855	426
855	432
855	434
855	441
855	444
855	465
855	518
855	571
855	586
855	589
855	593
855	631
855	649
855	659
855	682
855	733
855	743
855	757
855	764
855	870
855	917
856	108
856	129
856	149
856	188
856	244
856	261
856	277
856	340
856	395
856	399
856	450
856	464
856	473
856	493
856	551
856	610
856	615
856	666
856	689
856	693
856	714
856	774
856	782
856	784
856	804
856	810
856	891
856	952
856	1000
857	283
857	359
857	392
857	521
857	573
857	625
857	655
857	663
857	695
857	733
857	738
857	758
857	794
857	845
857	864
857	872
857	875
857	884
857	903
857	918
857	925
857	941
857	952
857	956
857	957
857	984
858	64
858	247
858	251
858	274
858	396
858	601
858	671
858	751
858	763
858	778
858	781
858	817
858	822
858	863
858	867
858	878
858	885
858	897
858	921
858	927
858	928
858	931
858	957
858	962
858	985
859	14
859	417
859	436
859	452
859	492
859	493
859	544
859	573
859	609
859	610
859	620
859	716
859	719
859	745
859	758
859	769
859	806
859	823
859	824
859	840
859	877
859	898
859	920
859	935
859	936
859	989
859	993
860	250
860	570
860	582
860	624
860	630
860	642
860	662
860	680
860	729
860	744
860	795
860	811
860	814
860	834
860	863
860	874
860	882
860	886
860	889
860	915
860	923
860	927
860	928
860	939
860	943
860	953
860	976
860	982
861	312
861	337
861	363
861	431
861	501
861	530
861	594
861	603
861	606
861	618
861	663
861	671
861	714
861	731
861	733
861	749
861	792
861	818
861	838
861	888
861	942
861	945
861	948
861	950
861	951
861	963
861	978
861	984
861	989
862	141
862	144
862	229
862	268
862	294
862	311
862	363
862	477
862	488
862	489
862	534
862	602
862	607
862	610
862	620
862	638
862	661
862	667
862	675
862	756
862	786
862	837
862	863
862	865
862	878
862	882
862	948
862	955
862	978
862	983
863	453
863	500
863	533
863	556
863	596
863	617
863	621
863	628
863	645
863	706
863	746
863	750
863	784
863	820
863	829
863	844
863	858
863	860
863	862
863	890
863	902
863	909
863	923
863	927
863	953
863	973
863	976
863	999
864	503
864	557
864	588
864	624
864	648
864	665
864	684
864	708
864	773
864	807
864	825
864	828
864	854
864	857
864	867
864	894
864	905
864	911
864	933
864	940
864	958
864	959
864	962
864	968
864	977
864	979
864	988
865	378
865	529
865	574
865	575
865	585
865	617
865	657
865	668
865	679
865	683
865	700
865	713
865	718
865	740
865	791
865	810
865	816
865	846
865	862
865	891
865	926
865	932
865	936
865	937
865	939
865	968
865	969
865	972
865	974
866	575
866	613
866	617
866	646
866	651
866	659
866	689
866	690
866	704
866	792
866	815
866	841
866	873
866	901
866	910
866	914
866	915
866	922
866	923
866	935
866	938
866	944
866	971
866	973
866	976
866	989
867	186
867	198
867	326
867	401
867	512
867	625
867	637
867	659
867	661
867	763
867	771
867	790
867	800
867	819
867	830
867	858
867	864
867	897
867	899
867	921
867	928
867	931
867	943
867	947
867	982
867	987
867	990
867	997
867	998
868	413
868	478
868	486
868	501
868	507
868	523
868	527
868	543
868	544
868	576
868	598
868	618
868	620
868	634
868	637
868	672
868	686
868	701
868	765
868	779
868	787
868	796
868	870
868	897
868	906
868	938
868	947
868	957
868	973
868	985
868	997
869	29
869	213
869	219
869	300
869	363
869	395
869	399
869	459
869	526
869	536
869	588
869	607
869	630
869	667
869	675
869	705
869	741
869	743
869	744
869	827
869	871
869	879
869	888
869	892
869	948
869	959
869	962
869	966
869	972
870	114
870	246
870	313
870	327
870	352
870	376
870	404
870	426
870	432
870	434
870	442
870	465
870	518
870	568
870	571
870	593
870	615
870	649
870	706
870	710
870	727
870	757
870	759
870	814
870	855
870	868
870	886
870	969
870	989
871	444
871	509
871	552
871	580
871	600
871	638
871	643
871	650
871	656
871	660
871	661
871	677
871	692
871	699
871	759
871	767
871	769
871	774
871	785
871	831
871	834
871	869
871	880
871	904
871	949
871	959
871	960
871	971
871	975
871	993
871	998
872	202
872	262
872	293
872	309
872	312
872	317
872	510
872	517
872	581
872	620
872	679
872	715
872	730
872	731
872	737
872	749
872	762
872	797
872	805
872	838
872	850
872	857
872	883
872	916
872	927
872	932
873	388
873	438
873	613
873	672
873	683
873	704
873	733
873	760
873	774
873	815
873	828
873	839
873	841
873	848
873	866
873	900
873	901
873	914
873	920
873	932
873	935
873	938
873	944
873	989
873	995
874	8
874	118
874	135
874	141
874	154
874	167
874	181
874	193
874	211
874	228
874	295
874	305
874	388
874	418
874	439
874	497
874	507
874	547
874	614
874	616
874	617
874	644
874	646
874	654
874	674
874	701
874	723
874	724
874	744
874	832
874	839
874	860
874	906
874	984
875	416
875	429
875	431
875	508
875	540
875	554
875	612
875	672
875	717
875	730
875	765
875	803
875	804
875	857
875	900
875	913
875	925
875	945
875	955
875	963
875	967
875	978
875	979
875	980
875	995
876	343
876	396
876	416
876	569
876	570
876	590
876	639
876	678
876	687
876	709
876	721
876	722
876	748
876	770
876	778
876	788
876	801
876	802
876	829
876	841
876	847
876	849
876	850
876	893
876	908
876	911
876	916
876	966
876	994
876	1000
877	208
877	396
877	482
877	569
877	627
877	691
877	697
877	703
877	704
877	724
877	731
877	744
877	748
877	770
877	778
877	788
877	796
877	798
877	801
877	806
877	845
877	849
877	859
877	893
877	908
877	911
877	924
877	927
877	938
877	976
877	983
878	327
878	363
878	399
878	441
878	445
878	446
878	457
878	458
878	461
878	541
878	580
878	630
878	634
878	705
878	743
878	769
878	774
878	776
878	788
878	797
878	804
878	827
878	837
878	845
878	858
878	862
878	879
878	890
878	892
878	946
878	978
879	61
879	109
879	170
879	241
879	280
879	506
879	513
879	640
879	661
879	667
879	675
879	705
879	712
879	746
879	799
879	827
879	828
879	835
879	837
879	869
879	878
879	882
879	904
879	915
879	934
879	948
879	955
879	978
879	983
880	365
880	403
880	422
880	519
880	523
880	558
880	587
880	638
880	643
880	664
880	692
880	699
880	731
880	739
880	746
880	753
880	759
880	764
880	781
880	803
880	824
880	834
880	871
880	925
880	946
880	960
880	961
880	971
880	972
880	975
880	993
880	998
881	405
881	438
881	532
881	565
881	584
881	606
881	610
881	618
881	619
881	682
881	709
881	710
881	720
881	722
881	728
881	730
881	732
881	785
881	790
881	795
881	811
881	837
881	902
881	925
881	930
881	932
881	934
881	935
881	954
881	962
881	990
882	175
882	307
882	316
882	399
882	435
882	457
882	459
882	532
882	540
882	561
882	563
882	604
882	607
882	630
882	631
882	648
882	661
882	694
882	712
882	714
882	774
882	783
882	795
882	860
882	862
882	879
882	885
882	889
882	892
882	914
882	915
882	948
882	978
883	148
883	391
883	394
883	481
883	543
883	561
883	579
883	584
883	616
883	623
883	648
883	677
883	683
883	696
883	709
883	728
883	732
883	733
883	750
883	769
883	780
883	781
883	787
883	795
883	872
883	904
883	907
883	930
883	932
883	934
883	990
884	50
884	331
884	340
884	356
884	362
884	459
884	521
884	550
884	565
884	573
884	576
884	596
884	625
884	631
884	655
884	685
884	695
884	738
884	755
884	758
884	777
884	782
884	789
884	857
884	887
884	902
884	918
884	931
884	945
884	956
884	967
885	494
885	508
885	601
885	602
885	618
885	630
885	679
885	686
885	712
885	721
885	749
885	763
885	796
885	803
885	808
885	817
885	822
885	854
885	858
885	882
885	894
885	906
885	921
885	931
885	947
885	957
885	961
885	988
885	997
886	343
886	395
886	403
886	453
886	472
886	500
886	525
886	533
886	556
886	582
886	585
886	637
886	652
886	717
886	744
886	748
886	760
886	828
886	840
886	851
886	860
886	870
886	920
886	923
886	927
886	930
886	941
886	943
886	953
886	982
887	48
887	164
887	165
887	202
887	209
887	213
887	262
887	293
887	309
887	312
887	317
887	345
887	364
887	408
887	510
887	581
887	597
887	599
887	605
887	608
887	677
887	710
887	715
887	737
887	797
887	805
887	813
887	884
887	894
887	916
887	922
887	967
888	432
888	451
888	484
888	500
888	594
888	614
888	677
888	702
888	753
888	761
888	765
888	786
888	794
888	812
888	818
888	822
888	861
888	869
888	894
888	942
888	945
888	950
888	951
888	974
888	984
888	986
888	995
888	999
889	286
889	357
889	394
889	447
889	448
889	476
889	513
889	597
889	609
889	632
889	638
889	649
889	662
889	700
889	727
889	766
889	780
889	788
889	845
889	847
889	860
889	882
889	917
889	921
889	926
889	949
889	951
889	967
889	994
889	995
890	70
890	165
890	217
890	231
890	300
890	379
890	447
890	459
890	518
890	529
890	543
890	561
890	562
890	623
890	682
890	720
890	728
890	742
890	761
890	787
890	794
890	800
890	863
890	878
890	899
890	932
890	934
890	939
890	949
890	963
890	978
890	990
891	216
891	290
891	350
891	467
891	484
891	504
891	525
891	532
891	565
891	568
891	584
891	585
891	587
891	632
891	656
891	679
891	741
891	809
891	820
891	845
891	856
891	865
891	896
891	922
891	969
891	970
891	972
891	973
891	974
891	986
892	257
892	273
892	389
892	392
892	457
892	493
892	562
892	602
892	607
892	630
892	661
892	688
892	714
892	743
892	750
892	774
892	797
892	800
892	827
892	837
892	869
892	878
892	882
892	910
892	916
892	925
892	935
892	939
892	978
892	983
893	66
893	208
893	274
893	329
893	396
893	403
893	446
893	451
893	514
893	565
893	569
893	609
893	672
893	731
893	736
893	748
893	762
893	769
893	770
893	798
893	802
893	832
893	852
893	876
893	877
893	913
893	924
893	954
893	958
893	966
893	971
893	1000
894	501
894	539
894	599
894	694
894	702
894	721
894	727
894	749
894	786
894	799
894	803
894	812
894	817
894	818
894	820
894	823
894	838
894	864
894	885
894	887
894	888
894	916
894	942
894	943
894	947
894	950
894	951
894	955
894	984
895	157
895	200
895	301
895	303
895	386
895	400
895	419
895	463
895	498
895	505
895	524
895	569
895	604
895	627
895	629
895	650
895	660
895	724
895	758
895	807
895	809
895	831
895	836
895	843
895	852
895	897
895	898
895	907
895	914
895	922
895	930
895	964
896	80
896	236
896	250
896	334
896	370
896	400
896	532
896	582
896	585
896	598
896	636
896	639
896	657
896	667
896	713
896	762
896	789
896	798
896	820
896	846
896	891
896	910
896	939
896	969
896	970
896	972
896	973
896	974
896	997
897	106
897	186
897	318
897	326
897	368
897	433
897	536
897	598
897	622
897	637
897	657
897	661
897	674
897	711
897	726
897	763
897	771
897	796
897	822
897	849
897	853
897	858
897	867
897	868
897	895
897	906
897	921
897	928
897	947
897	959
897	968
898	51
898	105
898	301
898	322
898	346
898	390
898	397
898	421
898	443
898	449
898	461
898	489
898	506
898	564
898	656
898	666
898	671
898	726
898	728
898	735
898	814
898	842
898	853
898	859
898	895
898	909
898	912
898	924
898	960
898	965
898	992
899	370
899	377
899	470
899	512
899	535
899	597
899	611
899	662
899	700
899	714
899	766
899	775
899	785
899	795
899	832
899	844
899	847
899	867
899	890
899	907
899	917
899	925
899	935
899	939
899	949
899	959
899	964
899	987
899	990
899	995
900	5
900	227
900	241
900	406
900	423
900	429
900	431
900	475
900	502
900	531
900	539
900	554
900	589
900	591
900	607
900	672
900	697
900	706
900	718
900	738
900	747
900	771
900	803
900	853
900	873
900	875
900	913
900	929
900	963
900	967
900	968
900	979
901	398
901	403
901	439
901	523
901	613
901	622
901	639
901	659
901	668
901	679
901	707
901	795
901	800
901	808
901	815
901	848
901	866
901	873
901	910
901	914
901	930
901	935
901	938
901	943
901	944
901	945
901	979
901	987
901	988
901	989
902	268
902	273
902	300
902	315
902	320
902	321
902	384
902	414
902	496
902	521
902	530
902	550
902	558
902	625
902	655
902	695
902	736
902	738
902	758
902	777
902	803
902	845
902	863
902	881
902	884
902	903
902	918
902	925
902	938
902	956
902	992
903	4
903	300
903	385
903	430
903	496
903	521
903	550
903	553
903	566
903	573
903	625
903	655
903	657
903	673
903	695
903	727
903	738
903	751
903	758
903	786
903	790
903	797
903	841
903	845
903	857
903	902
903	918
903	933
903	956
903	996
903	999
904	105
904	139
904	247
904	346
904	421
904	424
904	443
904	449
904	468
904	470
904	566
904	640
904	652
904	726
904	735
904	786
904	814
904	828
904	842
904	871
904	879
904	883
904	918
904	953
904	955
904	965
904	986
904	992
904	998
905	8
905	134
905	203
905	304
905	498
905	528
905	596
905	615
905	621
905	624
905	644
905	648
905	659
905	673
905	679
905	746
905	772
905	825
905	854
905	864
905	912
905	933
905	940
905	945
905	948
905	958
905	959
905	962
905	988
905	998
906	319
906	365
906	410
906	440
906	487
906	492
906	508
906	537
906	581
906	598
906	599
906	637
906	658
906	668
906	686
906	692
906	736
906	763
906	771
906	796
906	809
906	868
906	874
906	885
906	897
906	921
906	922
906	928
906	978
906	985
906	987
906	997
907	321
907	411
907	428
907	470
907	487
907	491
907	520
907	527
907	588
907	597
907	611
907	662
907	698
907	700
907	721
907	727
907	748
907	771
907	773
907	775
907	826
907	839
907	844
907	883
907	895
907	899
907	929
907	944
907	949
907	953
907	991
907	995
908	242
908	274
908	302
908	315
908	339
908	357
908	403
908	419
908	446
908	569
908	642
908	691
908	694
908	746
908	748
908	759
908	798
908	799
908	801
908	802
908	826
908	849
908	876
908	877
908	911
908	958
908	966
908	968
908	971
908	978
909	191
909	268
909	359
909	382
909	397
909	453
909	500
909	537
909	556
909	582
909	586
909	617
909	621
909	632
909	657
909	667
909	677
909	719
909	739
909	744
909	828
909	829
909	840
909	853
909	854
909	863
909	898
909	923
909	927
909	942
909	946
909	949
909	953
910	347
910	411
910	418
910	458
910	472
910	480
910	507
910	526
910	619
910	642
910	659
910	704
910	732
910	742
910	815
910	818
910	838
910	841
910	848
910	866
910	892
910	896
910	901
910	914
910	938
910	944
910	959
910	968
910	985
910	989
911	177
911	274
911	317
911	332
911	353
911	411
911	422
911	446
911	451
911	460
911	569
911	574
911	604
911	605
911	658
911	691
911	731
911	759
911	763
911	770
911	771
911	788
911	789
911	798
911	802
911	805
911	826
911	849
911	864
911	876
911	877
911	908
911	966
911	970
911	978
911	1000
912	175
912	509
912	529
912	553
912	596
912	601
912	623
912	643
912	648
912	650
912	651
912	659
912	665
912	687
912	715
912	745
912	761
912	772
912	787
912	825
912	854
912	898
912	905
912	927
912	933
912	940
912	958
912	959
912	962
912	974
912	977
912	988
912	991
913	171
913	222
913	329
913	345
913	427
913	453
913	508
913	558
913	589
913	591
913	627
913	672
913	705
913	724
913	742
913	764
913	797
913	815
913	835
913	875
913	893
913	900
913	925
913	941
913	943
913	950
913	963
913	967
913	974
913	979
914	340
914	368
914	398
914	405
914	526
914	613
914	659
914	667
914	735
914	742
914	797
914	824
914	841
914	848
914	853
914	866
914	873
914	882
914	895
914	901
914	910
914	935
914	938
914	944
914	951
914	966
914	967
914	977
914	983
914	985
914	989
915	152
915	233
915	237
915	307
915	362
915	441
915	448
915	457
915	459
915	465
915	511
915	530
915	579
915	595
915	607
915	625
915	630
915	634
915	661
915	667
915	668
915	705
915	732
915	743
915	763
915	766
915	772
915	791
915	827
915	849
915	860
915	866
915	879
915	882
915	948
915	973
915	978
915	983
916	29
916	113
916	165
916	173
916	202
916	224
916	262
916	293
916	309
916	312
916	317
916	375
916	468
916	476
916	510
916	512
916	524
916	535
916	581
916	597
916	601
916	645
916	662
916	680
916	715
916	737
916	757
916	797
916	805
916	811
916	872
916	876
916	887
916	892
916	894
916	932
916	934
916	966
917	193
917	253
917	357
917	363
917	364
917	383
917	394
917	430
917	513
917	520
917	522
917	538
917	553
917	579
917	623
917	642
917	649
917	652
917	662
917	675
917	698
917	720
917	727
917	754
917	761
917	775
917	785
917	823
917	844
917	847
917	855
917	889
917	899
917	926
917	929
917	950
917	995
918	195
918	210
918	273
918	356
918	362
918	387
918	420
918	432
918	467
918	496
918	550
918	573
918	625
918	636
918	652
918	738
918	758
918	772
918	796
918	800
918	811
918	812
918	825
918	831
918	845
918	857
918	884
918	902
918	903
918	904
918	943
918	956
918	994
919	225
919	303
919	387
919	400
919	414
919	440
919	471
919	502
919	592
919	608
919	629
919	660
919	701
919	724
919	736
919	776
919	780
919	791
919	809
919	810
919	828
919	829
919	831
919	843
919	852
919	853
919	922
919	929
919	955
919	957
919	960
919	962
919	964
919	977
919	982
919	996
920	53
920	74
920	151
920	152
920	210
920	237
920	263
920	271
920	337
920	392
920	405
920	414
920	417
920	424
920	454
920	459
920	479
920	506
920	518
920	534
920	580
920	583
920	611
920	614
920	616
920	623
920	706
920	710
920	740
920	741
920	747
920	767
920	822
920	826
920	835
920	850
920	859
920	873
920	886
920	948
921	319
921	462
921	486
921	487
921	536
921	544
921	564
921	622
921	628
921	637
921	690
921	711
921	747
921	755
921	806
921	817
921	821
921	822
921	858
921	867
921	885
921	889
921	897
921	906
921	947
921	956
921	965
921	973
921	975
921	983
921	985
921	997
921	999
922	22
922	75
922	100
922	208
922	240
922	307
922	328
922	457
922	580
922	595
922	650
922	701
922	724
922	729
922	744
922	803
922	807
922	831
922	834
922	836
922	840
922	852
922	866
922	887
922	891
922	895
922	906
922	919
922	955
922	964
922	977
922	981
922	996
923	143
923	273
923	296
923	297
923	374
923	435
923	466
923	488
923	500
923	508
923	528
923	529
923	589
923	650
923	655
923	681
923	686
923	744
923	748
923	772
923	789
923	802
923	860
923	863
923	866
923	886
923	909
923	927
923	943
923	953
923	976
923	987
923	991
924	101
924	225
924	274
924	404
924	425
924	502
924	599
924	663
924	699
924	702
924	711
924	750
924	761
924	763
924	765
924	773
924	799
924	810
924	818
924	820
924	838
924	843
924	877
924	893
924	898
924	942
924	945
924	950
924	951
924	956
924	984
924	990
925	41
925	200
925	378
925	390
925	416
925	449
925	495
925	508
925	511
925	538
925	539
925	554
925	589
925	658
925	672
925	708
925	717
925	803
925	853
925	857
925	875
925	880
925	881
925	892
925	899
925	902
925	913
925	935
925	950
925	963
925	964
925	967
925	979
925	980
925	989
925	991
926	234
926	235
926	271
926	286
926	303
926	309
926	324
926	325
926	330
926	357
926	381
926	384
926	394
926	438
926	448
926	513
926	516
926	547
926	597
926	632
926	642
926	651
926	662
926	684
926	700
926	707
926	727
926	753
926	760
926	773
926	785
926	844
926	865
926	889
926	917
926	929
926	957
926	990
927	125
927	192
927	247
927	268
927	333
927	391
927	399
927	415
927	453
927	487
927	488
927	497
927	500
927	505
927	507
927	539
927	587
927	617
927	690
927	699
927	713
927	729
927	744
927	816
927	828
927	829
927	858
927	860
927	863
927	872
927	877
927	886
927	909
927	912
927	923
927	943
927	953
928	186
928	198
928	346
928	478
928	486
928	523
928	536
928	541
928	556
928	579
928	601
928	618
928	686
928	730
928	762
928	776
928	796
928	817
928	823
928	838
928	847
928	858
928	860
928	867
928	897
928	906
928	931
928	933
928	934
928	943
928	947
928	957
928	971
928	980
928	985
928	988
929	15
929	177
929	234
929	235
929	237
929	335
929	360
929	439
929	448
929	476
929	520
929	597
929	606
929	642
929	662
929	675
929	698
929	705
929	723
929	731
929	772
929	775
929	789
929	792
929	801
929	825
929	847
929	900
929	907
929	917
929	919
929	926
929	932
929	938
929	949
929	958
929	977
930	126
930	147
930	230
930	254
930	259
930	454
930	459
930	489
930	545
930	561
930	579
930	601
930	606
930	628
930	682
930	728
930	730
930	732
930	744
930	747
930	767
930	780
930	790
930	794
930	795
930	800
930	842
930	845
930	881
930	883
930	886
930	895
930	901
930	934
930	935
930	938
930	969
930	990
931	185
931	338
931	388
931	390
931	413
931	451
931	478
931	480
931	523
931	619
931	637
931	684
931	685
931	686
931	698
931	708
931	735
931	762
931	771
931	817
931	822
931	824
931	858
931	867
931	884
931	885
931	928
931	939
931	955
931	957
931	958
931	974
931	995
931	997
932	249
932	281
932	307
932	364
932	481
932	489
932	561
932	565
932	568
932	611
932	623
932	653
932	654
932	696
932	709
932	720
932	737
932	738
932	780
932	787
932	790
932	794
932	795
932	800
932	810
932	825
932	839
932	865
932	872
932	873
932	881
932	883
932	890
932	916
932	929
932	934
932	945
933	5
933	241
933	448
933	452
933	456
933	459
933	472
933	557
933	596
933	601
933	608
933	614
933	624
933	648
933	678
933	757
933	772
933	787
933	825
933	831
933	854
933	864
933	903
933	905
933	912
933	928
933	940
933	941
933	944
933	948
933	949
933	958
933	959
933	962
933	988
934	85
934	151
934	240
934	243
934	435
934	454
934	489
934	551
934	597
934	619
934	623
934	626
934	633
934	682
934	690
934	700
934	708
934	726
934	732
934	736
934	741
934	750
934	779
934	794
934	795
934	800
934	879
934	881
934	883
934	890
934	916
934	928
934	930
934	932
934	985
934	990
935	290
935	403
935	471
935	472
935	526
935	562
935	600
935	613
935	626
935	641
935	659
935	704
935	748
935	752
935	775
935	786
935	813
935	815
935	838
935	841
935	848
935	859
935	866
935	873
935	881
935	892
935	899
935	901
935	914
935	925
935	930
935	938
935	944
935	985
935	989
936	64
936	107
936	238
936	275
936	312
936	325
936	358
936	361
936	371
936	385
936	396
936	412
936	413
936	481
936	486
936	492
936	497
936	605
936	624
936	631
936	697
936	726
936	758
936	762
936	765
936	770
936	773
936	812
936	813
936	859
936	865
936	937
936	987
936	991
936	993
936	994
936	999
937	6
937	156
937	238
937	275
937	302
937	310
937	325
937	371
937	391
937	407
937	438
937	466
937	481
937	498
937	504
937	527
937	579
937	605
937	625
937	688
937	705
937	723
937	736
937	772
937	789
937	801
937	819
937	844
937	865
937	936
937	944
937	954
937	986
937	987
937	988
937	989
937	991
937	994
938	196
938	347
938	444
938	573
938	584
938	595
938	613
938	643
938	659
938	704
938	745
938	786
938	791
938	805
938	841
938	848
938	866
938	868
938	873
938	877
938	901
938	902
938	910
938	914
938	929
938	930
938	935
938	955
938	984
938	985
938	989
939	42
939	412
939	467
939	478
939	520
939	575
939	585
939	605
939	622
939	632
939	668
939	669
939	674
939	707
939	721
939	740
939	741
939	745
939	791
939	834
939	845
939	860
939	865
939	890
939	892
939	896
939	899
939	931
939	944
939	968
939	970
939	972
939	973
939	974
939	977
939	996
940	126
940	227
940	351
940	362
940	420
940	448
940	488
940	505
940	521
940	529
940	553
940	557
940	563
940	596
940	601
940	624
940	626
940	643
940	648
940	665
940	720
940	772
940	787
940	825
940	829
940	848
940	854
940	864
940	905
940	912
940	933
940	949
940	954
940	958
940	959
940	983
940	988
940	993
940	996
941	233
941	276
941	389
941	471
941	501
941	502
941	509
941	550
941	562
941	572
941	595
941	606
941	625
941	629
941	650
941	660
941	692
941	776
941	794
941	807
941	809
941	812
941	843
941	857
941	886
941	913
941	933
941	942
941	945
941	955
941	964
941	977
941	981
941	996
941	998
942	134
942	172
942	302
942	341
942	356
942	402
942	406
942	446
942	484
942	501
942	543
942	572
942	576
942	582
942	594
942	599
942	608
942	663
942	671
942	677
942	725
942	749
942	761
942	763
942	799
942	829
942	861
942	888
942	894
942	909
942	924
942	941
942	945
942	950
942	951
942	978
942	984
942	991
943	143
943	144
943	160
943	301
943	366
943	414
943	486
943	509
943	533
943	559
943	617
943	621
943	681
943	687
943	691
943	744
943	751
943	754
943	770
943	807
943	815
943	828
943	829
943	860
943	867
943	886
943	894
943	901
943	913
943	918
943	923
943	927
943	928
943	953
943	967
943	976
943	989
944	227
944	303
944	347
944	382
944	394
944	398
944	411
944	526
944	596
944	635
944	659
944	704
944	731
944	732
944	764
944	815
944	830
944	841
944	848
944	866
944	873
944	901
944	907
944	910
944	914
944	933
944	935
944	937
944	939
944	946
944	958
944	989
944	996
945	100
945	279
945	355
945	366
945	420
945	423
945	452
945	497
945	530
945	572
945	593
945	599
945	671
945	702
945	749
945	756
945	761
945	784
945	789
945	818
945	820
945	861
945	875
945	884
945	888
945	901
945	905
945	924
945	932
945	941
945	942
945	951
945	968
945	969
945	977
945	984
946	24
946	125
946	241
946	287
946	308
946	319
946	332
946	350
946	382
946	386
946	406
946	408
946	426
946	455
946	464
946	483
946	517
946	548
946	577
946	586
946	640
946	669
946	690
946	703
946	707
946	740
946	744
946	750
946	752
946	758
946	781
946	792
946	823
946	830
946	833
946	838
946	851
946	853
946	878
946	880
946	909
946	944
946	977
946	980
947	48
947	74
947	209
947	232
947	235
947	255
947	319
947	320
947	388
947	413
947	433
947	486
947	533
947	536
947	539
947	598
947	599
947	622
947	626
947	637
947	654
947	682
947	691
947	763
947	771
947	790
947	796
947	822
947	826
947	836
947	849
947	854
947	867
947	868
947	885
947	894
947	897
947	921
947	928
947	979
947	997
948	11
948	13
948	112
948	167
948	174
948	203
948	316
948	326
948	333
948	399
948	435
948	441
948	469
948	511
948	515
948	527
948	566
948	602
948	624
948	626
948	661
948	667
948	675
948	705
948	712
948	714
948	725
948	748
948	761
948	774
948	837
948	861
948	862
948	869
948	879
948	882
948	905
948	915
948	920
948	933
948	972
948	989
949	11
949	46
949	173
949	233
949	253
949	346
949	410
949	469
949	470
949	520
949	548
949	569
949	597
949	642
949	651
949	662
949	732
949	748
949	754
949	766
949	767
949	773
949	775
949	784
949	785
949	811
949	844
949	847
949	871
949	889
949	890
949	899
949	907
949	909
949	929
949	933
949	940
949	987
949	989
949	995
950	177
950	326
950	379
950	391
950	442
950	462
950	501
950	511
950	513
950	530
950	549
950	663
950	665
950	702
950	703
950	748
950	749
950	750
950	761
950	765
950	786
950	799
950	801
950	814
950	818
950	820
950	842
950	846
950	861
950	888
950	894
950	913
950	917
950	924
950	925
950	942
950	951
950	952
950	970
951	293
951	307
951	360
951	420
951	523
951	530
951	572
951	599
951	618
951	663
951	665
951	676
951	694
951	702
951	714
951	749
951	761
951	765
951	795
951	807
951	818
951	820
951	824
951	827
951	861
951	888
951	889
951	894
951	914
951	924
951	942
951	945
951	950
951	956
951	957
951	966
951	993
952	238
952	299
952	325
952	371
952	412
952	415
952	438
952	465
952	482
952	503
952	557
952	590
952	605
952	617
952	630
952	635
952	658
952	688
952	697
952	723
952	742
952	751
952	804
952	813
952	819
952	820
952	829
952	845
952	856
952	857
952	950
952	961
952	970
952	985
952	986
952	994
952	999
953	5
953	34
953	160
953	175
953	220
953	253
953	267
953	366
953	374
953	397
953	433
953	507
953	509
953	559
953	617
953	645
953	657
953	671
953	696
953	721
953	729
953	765
953	766
953	828
953	833
953	849
953	853
953	860
953	863
953	886
953	904
953	907
953	909
953	923
953	927
953	943
953	993
953	995
954	35
954	39
954	89
954	164
954	184
954	222
954	226
954	265
954	304
954	320
954	378
954	390
954	416
954	427
954	429
954	495
954	538
954	539
954	551
954	565
954	577
954	589
954	591
954	619
954	621
954	643
954	660
954	672
954	687
954	700
954	717
954	752
954	763
954	798
954	843
954	853
954	881
954	893
954	937
954	940
954	967
954	972
954	979
955	442
955	463
955	471
955	488
955	498
955	505
955	511
955	516
955	565
955	595
955	613
955	629
955	640
955	660
955	681
955	695
955	701
955	785
955	812
955	831
955	852
955	862
955	875
955	879
955	894
955	904
955	919
955	922
955	931
955	938
955	941
955	964
955	965
955	977
955	981
955	986
955	988
955	996
955	997
956	58
956	119
956	187
956	244
956	254
956	263
956	273
956	285
956	299
956	357
956	362
956	450
956	489
956	496
956	516
956	519
956	521
956	550
956	581
956	625
956	655
956	695
956	698
956	732
956	738
956	758
956	759
956	813
956	818
956	834
956	836
956	845
956	851
956	857
956	884
956	902
956	903
956	918
956	921
956	924
956	951
956	991
957	2
957	129
957	227
957	257
957	280
957	326
957	328
957	329
957	388
957	395
957	417
957	422
957	426
957	477
957	478
957	486
957	523
957	598
957	600
957	611
957	618
957	622
957	715
957	754
957	755
957	758
957	763
957	769
957	771
957	782
957	796
957	821
957	854
957	857
957	858
957	868
957	885
957	919
957	926
957	928
957	931
957	951
957	965
957	985
958	144
958	172
958	259
958	269
958	414
958	442
958	494
958	529
958	549
958	553
958	557
958	601
958	624
958	648
958	654
958	665
958	694
958	711
958	722
958	772
958	794
958	805
958	825
958	854
958	864
958	893
958	905
958	908
958	912
958	929
958	931
958	933
958	940
958	944
958	959
958	962
958	973
958	988
959	81
959	140
959	347
959	462
959	492
959	529
959	553
959	557
959	596
959	601
959	615
959	624
959	648
959	665
959	670
959	689
959	691
959	712
959	741
959	758
959	769
959	772
959	777
959	809
959	825
959	854
959	864
959	869
959	871
959	897
959	899
959	905
959	910
959	912
959	933
959	940
959	958
959	962
959	975
959	988
960	12
960	56
960	85
960	96
960	186
960	222
960	341
960	352
960	375
960	437
960	552
960	566
960	570
960	573
960	577
960	587
960	600
960	602
960	605
960	616
960	630
960	638
960	644
960	692
960	699
960	703
960	732
960	739
960	753
960	773
960	796
960	814
960	853
960	871
960	880
960	898
960	919
960	971
960	975
960	993
960	998
961	107
961	160
961	232
961	249
961	347
961	362
961	396
961	406
961	433
961	438
961	441
961	503
961	527
961	533
961	535
961	557
961	574
961	587
961	605
961	617
961	631
961	658
961	672
961	684
961	723
961	751
961	752
961	760
961	764
961	769
961	771
961	804
961	813
961	842
961	880
961	885
961	952
961	985
961	987
961	991
961	994
962	131
962	197
962	220
962	281
962	284
962	293
962	350
962	384
962	418
962	455
962	478
962	529
962	553
962	556
962	575
962	596
962	601
962	624
962	648
962	665
962	749
962	772
962	773
962	825
962	849
962	852
962	854
962	858
962	864
962	869
962	881
962	905
962	912
962	919
962	933
962	958
962	959
962	964
962	965
962	966
962	988
963	116
963	171
963	200
963	218
963	223
963	264
963	390
963	402
963	428
963	452
963	463
963	495
963	508
963	515
963	518
963	533
963	553
963	554
963	589
963	662
963	672
963	688
963	700
963	708
963	717
963	726
963	742
963	764
963	787
963	803
963	824
963	853
963	861
963	875
963	890
963	900
963	913
963	925
963	967
963	968
963	979
964	60
964	102
964	158
964	289
964	311
964	355
964	360
964	387
964	471
964	488
964	502
964	514
964	522
964	567
964	569
964	575
964	606
964	629
964	636
964	637
964	650
964	660
964	690
964	701
964	822
964	831
964	836
964	843
964	895
964	899
964	919
964	922
964	925
964	941
964	955
964	962
964	977
964	981
964	987
964	996
965	9
965	44
965	51
965	67
965	150
965	247
965	260
965	277
965	282
965	301
965	322
965	346
965	361
965	368
965	404
965	415
965	421
965	437
965	443
965	449
965	468
965	498
965	554
965	564
965	608
965	652
965	656
965	661
965	685
965	726
965	735
965	739
965	752
965	780
965	814
965	842
965	898
965	904
965	921
965	955
965	957
965	962
965	967
965	992
966	66
966	101
966	122
966	217
966	242
966	267
966	295
966	312
966	331
966	385
966	396
966	440
966	446
966	451
966	465
966	499
966	543
966	639
966	691
966	697
966	731
966	765
966	770
966	773
966	798
966	801
966	802
966	817
966	842
966	849
966	869
966	876
966	893
966	908
966	911
966	914
966	916
966	951
966	962
966	977
966	1000
967	46
967	116
967	222
967	261
967	270
967	342
967	416
967	427
967	431
967	495
967	504
967	508
967	534
967	538
967	539
967	555
967	589
967	619
967	620
967	621
967	716
967	746
967	764
967	803
967	827
967	851
967	853
967	875
967	884
967	887
967	889
967	900
967	913
967	914
967	925
967	943
967	954
967	963
967	965
967	979
967	980
968	42
968	127
968	165
968	190
968	203
968	304
968	316
968	319
968	347
968	354
968	457
968	504
968	514
968	532
968	542
968	575
968	579
968	585
968	632
968	641
968	657
968	668
968	669
968	671
968	697
968	718
968	721
968	767
968	768
968	791
968	819
968	843
968	864
968	865
968	897
968	900
968	908
968	910
968	939
968	945
968	963
968	970
968	973
968	974
968	986
969	1
969	27
969	145
969	146
969	190
969	204
969	215
969	223
969	327
969	353
969	381
969	384
969	407
969	435
969	445
969	452
969	487
969	542
969	579
969	581
969	583
969	596
969	614
969	632
969	640
969	664
969	670
969	679
969	713
969	718
969	721
969	740
969	741
969	792
969	803
969	846
969	865
969	870
969	891
969	896
969	930
969	945
969	973
969	986
970	24
970	123
970	153
970	240
970	285
970	472
970	542
970	575
970	579
970	580
970	585
970	599
970	610
970	623
970	632
970	679
970	704
970	711
970	713
970	718
970	721
970	737
970	740
970	741
970	766
970	780
970	791
970	800
970	809
970	815
970	826
970	846
970	891
970	896
970	911
970	939
970	950
970	952
970	968
970	972
970	973
970	986
970	994
971	56
971	107
971	111
971	193
971	197
971	276
971	292
971	341
971	344
971	375
971	437
971	510
971	547
971	552
971	560
971	570
971	587
971	598
971	643
971	666
971	675
971	692
971	699
971	704
971	717
971	739
971	745
971	753
971	763
971	777
971	778
971	784
971	823
971	828
971	834
971	866
971	871
971	880
971	893
971	908
971	928
971	960
971	975
971	993
971	998
972	63
972	148
972	215
972	218
972	241
972	262
972	331
972	344
972	381
972	453
972	466
972	467
972	479
972	520
972	528
972	561
972	579
972	581
972	632
972	636
972	641
972	653
972	654
972	664
972	668
972	679
972	718
972	741
972	747
972	779
972	791
972	851
972	865
972	869
972	880
972	891
972	896
972	939
972	948
972	954
972	970
972	973
972	986
972	989
972	991
972	993
973	203
973	205
973	240
973	286
973	335
973	360
973	375
973	407
973	433
973	516
973	542
973	575
973	579
973	583
973	619
973	623
973	636
973	641
973	644
973	652
973	656
973	657
973	668
973	697
973	718
973	726
973	740
973	758
973	803
973	846
973	863
973	866
973	868
973	891
973	896
973	915
973	921
973	939
973	958
973	968
973	969
973	970
973	972
973	999
974	48
974	72
974	131
974	218
974	304
974	335
974	363
974	407
974	420
974	441
974	467
974	532
974	574
974	575
974	585
974	595
974	603
974	612
974	636
974	641
974	657
974	668
974	710
974	718
974	719
974	721
974	741
974	748
974	775
974	778
974	805
974	807
974	831
974	846
974	865
974	888
974	891
974	896
974	912
974	913
974	931
974	939
974	968
974	986
974	989
974	997
975	51
975	126
975	207
975	214
975	215
975	230
975	263
975	275
975	286
975	344
975	346
975	375
975	387
975	437
975	444
975	463
975	485
975	494
975	526
975	528
975	552
975	570
975	589
975	600
975	638
975	643
975	699
975	739
975	741
975	753
975	759
975	786
975	834
975	871
975	880
975	921
975	959
975	960
975	971
975	980
975	991
975	993
975	998
975	1000
976	28
976	38
976	98
976	103
976	143
976	192
976	252
976	275
976	279
976	283
976	291
976	350
976	359
976	366
976	380
976	395
976	427
976	507
976	533
976	566
976	582
976	588
976	593
976	598
976	645
976	662
976	664
976	681
976	718
976	725
976	729
976	752
976	755
976	790
976	821
976	828
976	840
976	845
976	860
976	863
976	866
976	877
976	923
976	943
976	982
977	262
977	276
977	297
977	389
977	456
977	467
977	485
977	498
977	505
977	516
977	524
977	565
977	567
977	581
977	583
977	595
977	598
977	660
977	696
977	706
977	774
977	776
977	792
977	807
977	809
977	812
977	831
977	844
977	864
977	912
977	914
977	919
977	922
977	929
977	939
977	941
977	945
977	946
977	955
977	964
977	966
977	981
977	996
978	13
978	96
978	134
978	163
978	213
978	214
978	257
978	306
978	386
978	441
978	459
978	461
978	468
978	469
978	511
978	568
978	574
978	630
978	634
978	639
978	658
978	667
978	675
978	680
978	714
978	725
978	770
978	774
978	794
978	799
978	837
978	861
978	862
978	875
978	878
978	879
978	882
978	890
978	892
978	906
978	908
978	911
978	915
978	942
978	983
978	994
979	105
979	226
979	355
979	372
979	378
979	390
979	427
979	429
979	455
979	457
979	479
979	495
979	502
979	504
979	508
979	518
979	535
979	536
979	538
979	539
979	554
979	591
979	605
979	622
979	651
979	702
979	704
979	717
979	764
979	803
979	814
979	833
979	839
979	851
979	864
979	875
979	900
979	901
979	913
979	925
979	947
979	954
979	963
979	967
979	994
980	77
980	123
980	142
980	169
980	183
980	204
980	287
980	308
980	339
980	373
980	382
980	386
980	406
980	408
980	425
980	447
980	483
980	517
980	548
980	577
980	635
980	662
980	673
980	690
980	723
980	740
980	752
980	777
980	781
980	792
980	823
980	830
980	833
980	849
980	851
980	875
980	925
980	928
980	946
980	967
980	975
980	989
980	991
980	999
981	225
981	248
981	256
981	259
981	278
981	296
981	303
981	380
981	384
981	387
981	389
981	443
981	471
981	488
981	505
981	520
981	524
981	532
981	533
981	585
981	587
981	589
981	629
981	634
981	682
981	695
981	728
981	776
981	777
981	781
981	784
981	800
981	807
981	812
981	819
981	831
981	833
981	843
981	848
981	852
981	922
981	941
981	955
981	964
981	977
981	996
982	88
982	95
982	103
982	185
982	220
982	221
982	275
982	297
982	351
982	359
982	380
982	395
982	397
982	412
982	466
982	469
982	481
982	485
982	509
982	531
982	533
982	556
982	592
982	621
982	645
982	658
982	681
982	687
982	693
982	701
982	716
982	729
982	744
982	751
982	786
982	807
982	828
982	829
982	860
982	867
982	886
982	919
982	976
982	996
982	998
983	13
983	51
983	60
983	145
983	213
983	251
983	266
983	307
983	322
983	363
983	390
983	418
983	457
983	461
983	469
983	516
983	541
983	598
983	602
983	630
983	667
983	670
983	675
983	699
983	704
983	705
983	706
983	711
983	714
983	732
983	774
983	799
983	818
983	819
983	827
983	837
983	862
983	877
983	879
983	892
983	914
983	915
983	921
983	940
983	978
984	35
984	38
984	48
984	110
984	121
984	133
984	176
984	203
984	239
984	245
984	252
984	349
984	355
984	398
984	464
984	472
984	572
984	594
984	599
984	617
984	622
984	663
984	671
984	677
984	694
984	702
984	734
984	753
984	761
984	818
984	820
984	825
984	837
984	842
984	857
984	861
984	874
984	888
984	894
984	924
984	938
984	942
984	945
984	987
984	995
985	33
985	71
985	136
985	193
985	198
985	227
985	264
985	317
985	319
985	349
985	401
985	449
985	478
985	487
985	488
985	493
985	517
985	556
985	569
985	578
985	611
985	622
985	637
985	651
985	686
985	704
985	766
985	785
985	796
985	817
985	822
985	858
985	868
985	906
985	910
985	914
985	921
985	928
985	934
985	935
985	938
985	952
985	957
985	961
985	997
986	240
986	248
986	281
986	294
986	304
986	316
986	335
986	381
986	407
986	418
986	449
986	532
986	560
986	594
986	636
986	641
986	657
986	675
986	679
986	713
986	716
986	723
986	725
986	740
986	741
986	761
986	791
986	793
986	804
986	842
986	846
986	888
986	891
986	904
986	937
986	952
986	955
986	968
986	969
986	970
986	972
986	974
986	990
987	107
987	216
987	270
987	275
987	292
987	343
987	365
987	371
987	386
987	397
987	412
987	481
987	501
987	524
987	535
987	605
987	631
987	658
987	684
987	728
987	732
987	751
987	762
987	789
987	813
987	819
987	827
987	834
987	835
987	848
987	867
987	899
987	901
987	906
987	923
987	936
987	937
987	949
987	961
987	964
987	984
987	994
987	999
988	119
988	171
988	197
988	253
988	281
988	322
988	350
988	477
988	503
988	529
988	553
988	557
988	563
988	571
988	596
988	601
988	624
988	645
988	648
988	665
988	686
988	709
988	738
988	746
988	759
988	772
988	807
988	821
988	825
988	837
988	854
988	864
988	885
988	901
988	905
988	912
988	928
988	933
988	937
988	940
988	955
988	958
988	959
988	962
989	246
989	398
989	411
989	430
989	450
989	472
989	521
989	526
989	613
989	659
989	674
989	679
989	685
989	755
989	775
989	808
989	815
989	828
989	838
989	841
989	848
989	859
989	861
989	866
989	870
989	873
989	901
989	910
989	914
989	925
989	935
989	937
989	938
989	943
989	944
989	948
989	949
989	972
989	974
989	980
989	993
990	22
990	76
990	188
990	313
990	425
990	519
990	546
990	561
990	564
990	570
990	584
990	606
990	659
990	664
990	682
990	696
990	702
990	709
990	719
990	720
990	732
990	742
990	745
990	756
990	765
990	779
990	781
990	794
990	795
990	799
990	800
990	804
990	819
990	867
990	881
990	883
990	890
990	899
990	924
990	926
990	930
990	934
990	986
991	6
991	136
991	206
991	238
991	343
991	391
991	431
991	433
991	473
991	475
991	496
991	504
991	527
991	532
991	615
991	631
991	673
991	684
991	688
991	697
991	723
991	751
991	754
991	789
991	813
991	819
991	820
991	824
991	852
991	907
991	912
991	923
991	925
991	936
991	937
991	942
991	956
991	961
991	972
991	975
991	980
991	994
991	999
992	3
992	9
992	44
992	51
992	54
992	110
992	176
992	221
992	247
992	298
992	301
992	322
992	346
992	373
992	421
992	426
992	428
992	443
992	468
992	483
992	485
992	492
992	564
992	566
992	579
992	582
992	591
992	593
992	594
992	640
992	652
992	656
992	664
992	665
992	726
992	735
992	741
992	768
992	769
992	787
992	814
992	835
992	837
992	842
992	898
992	902
992	904
992	965
993	16
993	21
993	42
993	56
993	132
993	174
993	207
993	212
993	260
993	341
993	344
993	375
993	429
993	471
993	504
993	570
993	587
993	600
993	631
993	638
993	643
993	692
993	739
993	753
993	759
993	770
993	771
993	777
993	778
993	802
993	834
993	851
993	859
993	871
993	880
993	936
993	940
993	951
993	953
993	960
993	971
993	972
993	975
993	989
993	998
994	6
994	148
994	216
994	267
994	302
994	438
994	456
994	479
994	481
994	504
994	551
994	555
994	561
994	591
994	605
994	631
994	648
994	658
994	674
994	684
994	697
994	708
994	751
994	758
994	762
994	782
994	789
994	804
994	876
994	889
994	918
994	936
994	937
994	952
994	961
994	970
994	978
994	979
994	987
994	991
994	997
994	1000
995	68
995	118
995	120
995	138
995	187
995	266
995	330
995	343
995	360
995	394
995	431
995	448
995	470
995	476
995	513
995	542
995	575
995	595
995	597
995	599
995	602
995	606
995	611
995	614
995	647
995	651
995	662
995	672
995	698
995	700
995	727
995	730
995	741
995	773
995	775
995	821
995	873
995	875
995	888
995	889
995	899
995	907
995	917
995	931
995	949
995	953
995	984
996	57
996	112
996	116
996	259
996	289
996	335
996	370
996	384
996	389
996	396
996	456
996	488
996	499
996	502
996	506
996	524
996	557
996	563
996	576
996	578
996	595
996	629
996	633
996	642
996	650
996	676
996	724
996	755
996	772
996	780
996	789
996	807
996	812
996	831
996	852
996	903
996	919
996	922
996	939
996	940
996	941
996	944
996	955
996	964
996	977
996	981
996	982
996	999
997	1
997	2
997	113
997	187
997	220
997	248
997	257
997	261
997	336
997	339
997	349
997	365
997	371
997	388
997	413
997	417
997	422
997	491
997	523
997	536
997	546
997	571
997	598
997	618
997	622
997	631
997	637
997	640
997	643
997	680
997	714
997	717
997	791
997	795
997	796
997	822
997	846
997	867
997	868
997	885
997	896
997	906
997	921
997	931
997	947
997	955
997	974
997	985
997	994
998	32
998	52
998	56
998	132
998	153
998	202
998	207
998	218
998	248
998	287
998	294
998	344
998	369
998	393
998	437
998	440
998	444
998	548
998	552
998	568
998	570
998	579
998	587
998	638
998	692
998	697
998	699
998	738
998	752
998	753
998	759
998	769
998	771
998	802
998	834
998	847
998	867
998	871
998	880
998	904
998	905
998	941
998	960
998	971
998	975
998	982
998	993
999	80
999	178
999	302
999	310
999	325
999	350
999	379
999	391
999	395
999	412
999	421
999	433
999	435
999	475
999	476
999	481
999	503
999	504
999	527
999	530
999	549
999	621
999	631
999	658
999	684
999	688
999	697
999	708
999	717
999	735
999	751
999	752
999	762
999	763
999	791
999	813
999	863
999	888
999	903
999	921
999	936
999	952
999	973
999	980
999	987
999	991
999	996
1000	69
1000	70
1000	74
1000	75
1000	140
1000	162
1000	170
1000	181
1000	190
1000	274
1000	291
1000	321
1000	331
1000	338
1000	396
1000	401
1000	403
1000	437
1000	446
1000	451
1000	465
1000	552
1000	577
1000	593
1000	616
1000	624
1000	635
1000	639
1000	657
1000	691
1000	726
1000	727
1000	744
1000	748
1000	770
1000	772
1000	778
1000	798
1000	801
1000	802
1000	805
1000	849
1000	856
1000	876
1000	893
1000	911
1000	966
1000	975
1000	994
