2	929
3	895
3	907
4	970
5	836
7	989
8	941
9	846
10	980
10	983
11	852
12	978
13	872
13	929
14	883
14	937
14	994
15	826
16	987
16	992
17	877
17	891
17	983
18	777
21	986
24	924
24	994
25	931
26	988
26	990
27	909
27	959
27	967
28	806
28	853
28	942
29	884
29	979
30	838
30	992
30	993
31	817
32	985
34	972
34	984
35	855
35	989
37	616
38	977
39	906
39	947
40	956
40	957
40	968
41	944
41	965
43	960
43	994
44	958
44	987
44	993
45	616
46	929
46	945
47	870
47	993
48	976
48	982
49	910
49	1000
50	951
50	993
51	1000
53	959
53	985
53	997
54	912
55	890
55	928
57	901
58	968
58	979
58	988
58	993
59	846
60	913
61	978
63	944
64	913
64	993
64	999
65	929
67	957
67	965
67	978
70	923
71	968
72	778
72	970
73	970
74	930
75	983
75	990
76	899
76	936
77	964
77	988
78	968
78	969
79	930
79	970
81	983
81	988
82	957
82	991
83	898
83	987
84	957
84	982
84	987
85	884
85	945
85	966
85	979
86	961
86	974
87	938
87	954
87	980
88	953
88	985
89	867
90	996
90	998
91	987
92	977
94	980
96	960
96	975
96	978
97	979
98	616
98	942
98	980
99	790
99	852
99	929
99	945
99	985
100	992
101	917
101	942
101	958
101	987
102	896
102	911
102	931
103	925
103	955
103	967
104	972
104	995
104	997
104	998
105	860
105	893
105	904
106	932
106	945
106	962
107	916
107	955
108	997
109	895
109	946
109	967
109	989
110	689
110	931
111	991
111	994
112	952
113	959
114	951
114	971
115	929
115	945
115	969
115	995
116	971
116	992
117	845
117	916
117	991
118	987
119	978
120	961
120	967
121	973
121	996
122	887
122	919
122	961
123	907
123	908
123	942
124	907
125	950
125	960
125	975
126	935
126	975
126	999
127	933
127	981
127	987
128	952
129	972
129	996
129	998
129	999
130	774
130	784
130	962
130	986
131	941
131	966
131	977
131	989
132	916
132	928
133	982
133	1000
134	907
134	938
135	972
135	996
135	998
136	978
137	779
138	949
138	967
139	930
139	995
140	899
140	945
140	968
141	784
142	866
142	922
142	939
143	990
144	817
145	973
146	951
146	956
147	979
147	984
148	928
148	937
149	993
149	996
149	998
150	932
150	961
151	960
151	975
151	986
152	996
152	999
153	982
154	979
154	996
155	929
155	945
155	989
156	997
157	986
157	997
157	999
158	942
158	965
158	973
158	997
159	996
160	693
160	903
160	997
161	958
161	994
162	965
163	894
163	925
163	955
163	957
164	981
164	994
165	951
165	970
166	993
166	996
167	957
167	976
168	906
169	914
169	960
169	975
169	1000
170	917
170	951
170	987
171	693
171	941
171	999
172	761
172	869
172	889
172	978
173	787
173	846
174	969
175	852
175	929
175	945
175	960
176	951
176	980
176	983
177	888
177	950
177	969
178	918
178	968
178	991
179	845
179	961
179	983
179	988
179	989
180	939
180	971
181	855
181	894
181	925
182	765
182	785
182	817
182	946
182	965
183	782
183	935
183	997
184	986
184	997
185	855
185	904
185	967
185	979
185	996
186	954
186	1000
187	826
187	921
187	942
187	964
188	930
188	968
188	999
189	853
190	856
190	912
190	916
190	949
191	927
192	958
192	975
192	987
193	855
193	906
193	941
193	950
193	975
194	884
194	957
194	973
194	998
195	855
195	981
196	845
196	904
196	965
197	689
197	958
197	987
198	943
199	882
199	952
199	987
199	990
200	783
200	944
201	907
201	993
202	846
202	931
202	956
203	913
203	948
204	881
204	973
205	970
205	997
206	791
206	931
207	926
207	969
208	907
208	911
208	988
209	898
209	976
209	984
210	922
210	966
210	989
212	874
212	919
212	965
213	929
213	977
213	979
213	996
213	998
214	937
214	963
214	993
215	952
215	995
216	922
216	954
216	994
217	863
217	864
217	920
217	948
218	900
218	929
218	997
219	955
219	991
220	880
220	974
220	981
221	741
221	769
221	846
222	817
223	994
224	761
225	854
225	865
226	933
226	988
226	989
227	822
227	872
227	908
227	953
228	709
228	855
228	981
229	968
229	993
230	944
230	965
232	926
232	969
232	970
233	848
233	894
233	925
234	874
234	942
234	962
234	967
235	938
235	981
235	995
236	914
236	950
236	960
236	980
236	988
237	890
237	928
237	970
237	977
238	960
239	904
239	908
239	962
239	974
240	941
241	923
241	943
241	982
241	989
242	932
242	973
242	982
243	994
244	974
244	992
245	967
245	992
245	997
246	977
246	979
246	991
246	992
246	993
247	949
247	967
247	979
247	995
248	969
248	974
249	712
249	945
250	883
250	958
250	981
251	803
251	993
252	932
253	822
253	909
253	978
253	994
254	922
254	991
255	980
255	983
255	990
256	941
256	968
256	993
257	964
257	969
257	992
258	917
258	958
258	987
258	994
259	946
259	959
259	994
260	856
260	875
260	949
260	967
260	991
261	857
261	960
261	975
262	941
262	978
262	994
263	826
263	999
264	902
264	990
265	929
265	945
265	979
266	933
266	964
266	974
267	895
267	922
267	976
267	981
267	994
268	957
268	970
268	987
269	869
269	883
269	912
269	953
269	959
269	985
270	969
270	970
270	1000
271	901
271	915
271	939
271	963
271	988
272	946
272	966
272	996
272	999
273	943
273	976
273	996
273	999
274	790
274	933
274	973
274	982
274	999
275	826
275	953
275	959
275	963
275	985
276	887
276	895
276	935
276	937
277	897
277	995
278	818
278	881
278	901
279	863
279	897
279	928
279	944
280	886
280	904
280	961
280	977
280	983
281	909
281	958
281	981
282	937
282	958
282	987
283	722
283	882
283	967
284	855
284	892
284	894
284	897
284	954
284	990
285	899
285	981
286	769
286	964
286	994
287	907
287	970
288	994
289	950
289	967
289	999
290	814
290	903
290	912
290	950
290	960
290	975
291	930
291	937
291	963
291	988
292	858
292	928
292	964
292	995
293	917
293	958
293	979
293	987
294	908
294	972
294	976
294	982
295	751
295	935
295	939
295	963
296	877
296	906
296	946
296	947
296	963
296	973
297	969
297	996
297	998
298	933
298	942
298	965
298	978
299	899
299	903
299	912
299	949
299	975
300	869
300	925
300	968
300	993
301	900
301	922
301	931
301	997
302	890
302	934
302	951
302	994
303	900
303	931
303	956
303	967
303	997
304	765
304	790
304	817
305	896
305	981
306	821
306	906
306	946
306	966
306	980
307	969
307	979
307	997
308	756
308	830
308	895
308	920
309	966
309	989
309	992
310	903
310	946
310	971
311	924
311	978
312	972
312	996
312	998
313	853
313	895
313	1000
314	920
314	925
314	927
314	930
314	948
314	991
316	881
316	956
316	958
316	971
317	846
317	912
317	926
317	930
317	963
318	939
318	946
318	958
319	918
319	981
319	987
319	991
319	992
320	870
320	873
320	892
320	968
320	980
320	993
321	868
321	927
322	737
322	739
322	748
322	800
322	954
323	666
323	733
323	835
323	919
323	942
324	749
324	754
324	872
324	926
325	895
325	911
325	946
325	983
325	990
326	875
326	881
326	971
326	979
326	996
326	998
326	999
327	890
327	905
327	909
327	976
327	989
328	879
328	898
328	939
328	955
329	713
329	962
329	971
330	919
330	965
330	967
330	991
331	684
331	771
331	775
331	925
331	930
332	908
332	929
332	941
332	945
332	969
333	882
333	965
333	990
334	791
334	944
334	950
334	968
335	921
335	995
336	839
336	864
336	878
336	920
336	948
337	876
337	920
337	927
337	948
337	978
338	956
338	986
338	990
338	999
339	964
339	971
340	797
340	890
340	891
341	799
341	876
341	991
341	992
342	802
342	875
342	895
342	978
342	986
342	994
343	819
343	868
343	923
343	953
343	959
343	985
344	837
344	953
344	959
344	982
344	985
345	818
345	901
345	969
346	769
346	911
346	957
346	973
346	976
347	871
347	959
347	981
347	985
347	989
348	841
348	888
348	952
348	962
348	995
349	826
349	957
349	962
349	972
349	977
349	991
349	992
350	874
350	898
350	965
350	984
350	997
351	701
351	722
351	991
352	929
352	945
353	921
353	938
353	962
353	964
353	967
353	972
354	876
354	881
354	892
355	885
355	921
355	964
355	974
355	997
356	818
356	869
356	904
356	916
356	951
356	961
357	830
357	880
357	939
357	980
357	983
358	504
358	629
358	644
358	786
358	913
359	898
359	945
359	973
360	854
360	865
360	932
360	957
360	965
361	598
361	617
361	623
361	649
361	711
361	974
362	781
362	805
362	865
362	932
362	952
363	865
363	881
363	932
363	984
364	745
364	793
364	809
364	928
364	935
365	891
365	904
366	676
366	798
367	973
367	977
367	991
367	992
368	871
368	969
368	981
369	954
369	958
369	986
370	977
370	992
371	845
371	872
371	904
371	938
371	965
372	900
372	911
372	942
372	989
372	997
373	765
373	785
373	817
373	961
373	996
374	895
374	925
374	930
374	955
374	957
374	973
374	976
374	982
375	667
375	907
375	919
375	961
376	679
376	775
376	843
376	954
377	925
377	933
377	940
377	950
377	960
377	975
377	978
378	941
378	945
378	947
378	986
378	995
379	826
379	911
379	913
379	925
379	974
379	977
379	992
380	803
380	846
380	907
380	912
381	787
381	846
381	889
381	941
382	909
382	941
382	974
382	986
382	999
383	822
383	890
383	898
383	943
383	978
383	994
384	825
384	864
384	912
384	926
384	967
385	610
385	697
385	709
385	761
385	826
385	927
386	820
386	900
386	975
386	997
387	753
387	786
387	826
387	956
388	865
388	881
388	903
388	932
388	987
389	791
389	929
389	938
389	945
390	920
390	924
390	927
390	948
390	967
391	924
391	952
391	964
391	975
392	829
392	930
392	967
393	845
393	876
393	914
393	928
393	981
394	868
394	896
394	901
394	911
394	931
394	951
394	997
395	833
395	865
395	881
395	932
395	933
396	804
396	865
396	888
396	910
396	926
397	729
397	776
397	952
397	973
397	988
398	835
398	847
398	952
398	955
398	965
398	993
399	871
399	920
399	927
399	928
399	948
399	976
400	722
400	903
400	960
400	969
400	988
401	844
401	935
401	963
401	965
401	980
401	983
402	906
402	945
402	946
402	947
402	990
403	835
403	919
403	965
403	991
404	828
404	887
404	928
404	952
404	955
405	871
405	890
405	898
405	945
405	961
405	976
406	805
406	890
406	897
406	901
406	926
407	801
407	929
407	932
407	945
407	955
407	961
408	977
408	979
408	996
408	999
409	709
409	904
409	992
410	620
410	665
410	874
410	942
410	965
411	856
411	912
411	983
412	878
412	991
412	999
413	930
413	932
413	972
413	974
414	703
414	787
414	837
414	953
414	985
415	769
415	783
415	787
415	846
415	856
415	910
416	689
416	829
416	882
416	917
416	971
416	987
417	741
417	840
417	842
417	843
417	918
417	1000
418	839
418	903
418	927
418	948
418	961
418	982
419	753
419	786
419	972
419	991
420	722
420	844
421	753
421	786
421	852
421	882
421	919
421	953
422	843
422	897
422	918
422	926
422	950
422	951
423	758
423	915
423	963
423	978
423	980
423	983
423	988
424	793
424	836
424	877
424	912
425	942
425	945
425	965
426	754
426	871
426	925
426	955
426	984
427	894
427	947
427	955
427	973
427	1000
428	701
428	722
428	903
428	942
428	974
429	875
429	889
429	918
429	979
429	986
429	996
429	998
430	613
430	697
430	709
430	724
431	881
431	884
431	924
431	949
431	968
431	972
431	977
431	979
432	787
432	859
432	893
432	956
432	971
433	883
433	941
433	962
433	998
433	999
434	730
434	844
434	890
434	905
434	909
434	943
435	854
435	881
435	927
435	932
435	992
436	856
436	912
436	949
436	966
436	968
437	638
437	650
437	774
437	784
437	947
437	984
437	987
438	672
438	753
438	833
438	929
438	972
438	979
438	996
438	998
439	805
439	809
439	854
439	865
439	881
439	974
440	673
440	785
440	889
440	944
440	981
441	707
441	829
441	971
441	1000
442	843
442	863
442	894
442	925
442	995
442	1000
443	879
443	916
443	931
443	963
443	997
444	542
444	650
444	774
444	784
444	901
444	904
444	949
444	956
445	835
445	848
445	942
445	959
445	965
445	990
445	992
446	751
446	824
446	914
446	933
446	940
446	975
447	824
447	933
447	940
447	941
447	960
447	997
448	808
448	842
448	859
448	870
448	968
448	993
449	779
449	824
449	887
449	905
449	977
449	991
449	992
450	609
450	694
450	947
450	966
450	989
451	492
451	685
451	784
451	895
451	922
451	994
452	733
452	798
452	800
452	834
452	907
452	929
452	978
453	701
453	722
453	934
453	938
453	954
453	981
453	982
454	793
454	870
454	941
454	986
455	672
455	698
455	743
455	790
455	882
455	917
455	958
455	987
456	806
456	955
456	965
456	1000
457	725
457	882
457	932
457	958
457	967
458	839
458	859
458	920
458	927
458	948
458	993
459	738
459	810
459	834
459	845
459	904
459	916
459	922
459	977
460	616
460	781
460	805
460	809
460	844
460	854
460	932
460	938
461	601
461	719
461	799
461	882
461	935
461	958
461	985
461	987
462	877
462	943
462	944
462	964
462	972
462	981
463	741
463	815
463	821
463	901
463	910
463	922
463	969
464	814
464	820
464	905
464	911
464	931
464	997
465	838
465	895
465	959
466	841
466	911
466	928
466	937
466	944
466	978
467	810
467	815
467	881
467	976
467	979
467	984
468	686
468	886
468	890
468	932
469	827
469	830
469	880
469	959
469	962
469	980
469	988
470	629
470	753
470	786
470	954
471	709
471	928
472	720
472	827
472	831
472	861
472	934
473	705
473	706
473	764
473	805
473	835
473	876
473	919
474	835
474	875
474	919
474	925
474	942
474	965
474	981
475	869
475	882
475	899
475	953
475	959
475	973
475	975
475	985
476	797
476	809
476	860
476	883
476	891
476	896
476	900
476	911
477	822
477	840
477	891
477	895
477	922
477	948
477	970
478	716
478	916
478	917
478	935
478	958
478	994
479	827
479	841
479	871
479	898
479	951
479	956
479	971
479	972
480	672
480	736
480	753
480	786
480	874
480	887
481	899
481	902
481	903
481	915
481	966
481	985
481	989
482	761
482	845
482	862
482	872
482	891
482	962
483	701
483	817
483	824
483	904
483	915
483	937
483	983
483	988
484	781
484	854
484	865
484	881
484	932
484	938
484	981
485	827
485	857
485	866
485	871
485	956
485	968
485	971
486	689
486	875
486	899
486	947
486	989
487	765
487	785
487	815
487	817
487	905
488	855
488	905
488	952
488	999
489	859
489	880
489	885
489	921
489	930
489	946
489	974
489	978
489	995
490	676
490	797
490	917
490	921
490	941
490	986
490	999
491	869
491	928
491	944
491	981
491	990
491	999
492	451
492	783
492	905
492	909
492	923
492	935
492	943
492	973
493	751
493	862
493	885
493	921
493	937
493	941
493	946
493	961
493	963
493	964
494	706
494	864
494	906
494	964
494	966
494	989
495	828
495	887
495	927
495	935
495	978
496	860
496	883
496	886
496	900
496	982
496	990
497	882
497	900
497	917
497	931
497	952
497	958
497	975
497	987
497	991
498	763
498	840
498	858
498	871
498	908
498	933
498	957
498	973
498	976
499	875
499	888
499	910
499	941
499	958
499	995
500	797
500	904
500	905
500	937
500	943
500	957
500	982
501	909
501	919
501	935
501	941
501	946
501	969
501	986
501	999
502	709
502	772
502	876
502	897
502	910
502	926
502	969
502	970
502	988
503	774
503	784
503	895
503	912
503	955
503	978
504	358
504	616
504	753
504	786
504	814
504	948
504	986
505	706
505	878
505	899
505	913
505	918
505	986
505	991
505	992
506	753
506	786
506	857
506	961
506	972
507	788
507	830
507	876
507	896
507	899
507	911
507	984
508	739
508	826
508	870
508	879
508	898
508	947
508	981
509	640
509	794
509	815
509	840
509	864
509	938
510	566
510	643
510	765
510	774
510	897
510	926
510	969
510	970
511	827
511	892
511	933
511	936
511	947
511	966
511	993
512	849
512	856
512	912
512	929
512	949
512	959
513	823
513	838
513	859
513	942
513	968
513	993
513	997
514	902
514	952
514	968
514	973
514	990
515	749
515	822
515	862
515	903
515	946
515	966
515	989
516	565
516	741
516	769
516	787
516	846
516	882
516	903
517	873
517	901
517	910
517	926
517	957
517	969
518	619
518	715
518	802
518	922
518	956
518	978
518	994
519	756
519	885
519	895
519	919
519	922
519	923
519	978
520	613
520	799
520	903
520	906
520	914
520	946
520	964
521	796
521	803
521	825
521	877
521	950
521	967
521	990
522	542
522	650
522	729
522	774
522	784
522	881
522	889
522	958
523	666
523	847
523	931
523	937
523	963
523	980
523	983
523	1000
524	657
524	857
524	866
524	871
524	908
524	956
524	966
525	835
525	874
525	901
525	910
525	919
525	965
526	740
526	815
526	827
526	950
526	984
526	996
527	827
527	893
527	924
527	933
527	951
527	956
527	971
527	1000
528	888
528	897
528	903
528	910
528	964
528	978
529	623
529	649
529	711
529	858
529	951
530	780
530	847
530	888
530	894
530	910
530	983
531	607
531	610
531	709
531	843
531	903
531	937
531	949
531	965
532	716
532	858
532	875
532	882
532	902
532	928
532	958
532	975
532	987
533	667
533	700
533	808
533	853
533	862
533	907
533	916
533	961
534	818
534	888
534	901
534	933
534	960
534	993
535	611
535	765
535	785
535	806
535	822
535	929
535	982
535	994
536	680
536	742
536	753
536	955
537	836
537	893
537	916
537	928
537	938
537	944
537	963
537	981
537	992
537	995
538	841
538	847
538	940
538	950
538	960
538	975
538	987
539	793
539	802
539	895
539	921
539	922
539	939
539	978
540	670
540	676
540	884
540	963
540	966
540	972
540	979
540	984
540	996
541	787
541	797
541	823
541	899
541	911
541	920
541	946
541	947
541	989
542	444
542	522
542	638
542	774
542	782
542	784
542	844
542	852
542	974
543	559
543	603
543	644
543	677
543	701
543	732
543	819
543	839
544	720
544	827
544	829
544	866
544	889
544	926
544	956
544	984
545	799
545	857
545	882
545	915
545	917
545	958
545	987
546	616
546	751
546	856
546	886
546	909
546	912
546	920
546	949
546	967
547	692
547	734
547	827
547	842
547	897
547	899
547	925
547	954
548	701
548	710
548	722
548	773
548	916
548	940
548	947
549	729
549	829
549	853
549	880
549	882
549	906
549	936
549	966
549	971
549	974
550	757
550	919
550	921
550	938
550	957
550	962
550	964
550	984
551	773
551	814
551	837
551	888
551	900
551	901
551	910
551	970
551	986
552	695
552	774
552	936
552	953
552	959
552	965
552	985
553	797
553	823
553	887
553	892
553	906
553	938
553	950
553	962
553	964
553	995
554	875
554	907
554	924
554	948
554	984
554	996
554	998
555	630
555	636
555	755
555	772
555	941
555	955
555	956
556	755
556	762
556	799
556	829
556	935
556	980
556	988
556	990
557	822
557	880
557	906
557	908
557	938
557	962
557	964
557	970
557	974
557	986
558	611
558	765
558	785
558	817
558	822
558	882
558	907
558	922
558	995
559	543
559	791
559	845
559	912
559	949
559	967
560	796
560	803
560	825
560	841
560	858
560	872
560	892
560	903
560	912
560	949
560	960
561	609
561	623
561	649
561	694
561	711
561	809
561	849
561	866
562	829
562	858
562	960
562	977
562	991
562	992
563	603
563	677
563	701
563	722
563	912
563	922
563	923
563	929
564	826
564	833
564	898
564	930
564	939
564	962
564	974
564	995
565	516
565	576
565	741
565	787
565	908
565	916
565	931
565	989
566	510
566	638
566	817
566	856
566	859
566	878
566	914
566	933
566	950
566	960
566	975
567	761
567	816
567	838
567	859
567	870
567	946
567	993
568	880
568	897
568	900
568	915
568	935
568	939
568	962
568	966
568	979
568	980
568	982
568	983
569	842
569	855
569	954
569	955
569	973
569	976
569	1000
570	581
570	638
570	650
570	750
570	774
570	784
570	796
570	913
571	836
571	894
571	928
571	944
571	949
571	953
571	970
571	981
571	1000
572	756
572	802
572	840
572	895
572	919
572	922
572	929
572	989
572	1000
573	830
573	856
573	904
573	915
573	931
573	935
573	944
573	988
574	670
574	775
574	798
574	832
574	914
574	933
574	940
574	950
574	960
575	684
575	686
575	753
575	807
575	828
575	887
575	902
575	952
575	971
576	565
576	609
576	741
576	769
576	787
576	846
576	899
576	929
576	965
576	967
576	979
576	984
577	701
577	788
577	860
577	900
577	931
577	940
577	949
577	957
577	997
578	741
578	846
578	910
578	918
578	926
578	970
578	992
579	759
579	797
579	837
579	880
579	883
579	953
579	954
579	959
579	985
580	741
580	759
580	796
580	803
580	825
580	858
580	917
580	949
580	962
580	984
581	570
581	632
581	656
581	731
581	816
581	823
581	855
581	870
581	968
581	993
582	667
582	810
582	841
582	850
582	856
582	872
582	886
582	907
582	927
582	949
583	607
583	610
583	697
583	709
583	853
583	871
583	896
583	916
583	929
583	939
583	953
584	909
584	935
584	939
584	955
584	962
584	963
584	980
584	982
584	990
585	761
585	782
585	809
585	847
585	867
585	942
585	960
585	965
585	996
586	779
586	872
586	926
586	931
586	939
586	963
586	969
586	970
586	988
586	990
586	1000
587	706
587	778
587	779
587	841
587	850
587	880
587	925
587	937
587	973
587	980
587	983
587	988
588	756
588	794
588	840
588	892
588	908
588	910
588	969
588	990
588	994
589	686
589	846
589	850
589	872
589	893
589	904
589	907
589	961
589	965
589	988
589	997
590	681
590	778
590	803
590	905
590	919
590	931
590	943
590	957
590	982
591	783
591	791
591	803
591	836
591	877
591	878
591	880
591	978
591	981
592	688
592	691
592	846
592	897
592	928
592	969
592	984
593	857
593	860
593	876
593	879
593	883
593	896
593	900
593	910
593	912
593	931
593	991
593	993
594	755
594	760
594	807
594	828
594	895
594	902
594	952
594	983
594	995
595	611
595	765
595	785
595	817
595	928
595	932
595	952
595	956
595	972
596	629
596	644
596	753
596	786
596	879
596	883
596	933
596	944
597	606
597	716
597	882
597	899
597	917
597	945
597	969
597	987
598	361
598	617
598	623
598	649
598	711
598	882
598	984
598	991
598	992
598	999
599	789
599	807
599	879
599	902
599	916
599	924
599	952
599	989
600	700
600	751
600	784
600	861
600	872
600	876
600	887
600	891
600	961
600	988
601	461
601	603
601	605
601	750
601	871
601	893
601	934
601	951
601	971
601	978
602	781
602	809
602	854
602	855
602	865
602	876
602	881
602	932
602	961
602	963
602	973
603	543
603	563
603	601
603	677
603	701
603	722
603	743
603	832
603	909
603	970
603	976
604	659
604	727
604	778
604	792
604	798
604	801
604	834
604	883
604	906
604	912
604	929
604	945
605	601
605	725
605	727
605	789
605	816
605	882
605	917
605	958
605	987
606	597
606	614
606	632
606	674
606	856
606	867
606	885
606	938
606	962
606	985
606	995
607	531
607	583
607	610
607	697
607	709
607	761
607	822
607	887
608	823
608	843
608	849
608	859
608	870
608	887
608	919
608	944
608	968
608	974
608	993
609	450
609	561
609	576
609	725
609	748
609	769
609	787
609	846
609	952
610	385
610	531
610	583
610	607
610	697
610	709
610	895
610	967
611	535
611	558
611	595
611	765
611	772
611	785
611	817
611	923
611	940
611	991
612	723
612	752
612	815
612	816
612	823
612	837
612	838
612	849
612	859
612	915
612	993
613	430
613	520
613	697
613	888
613	897
613	901
613	970
613	976
614	606
614	688
614	708
614	807
614	877
614	879
614	944
614	954
614	963
615	723
615	726
615	839
615	863
615	866
615	918
615	927
615	936
615	948
615	982
615	994
616	37
616	45
616	98
616	460
616	504
616	546
616	808
616	824
616	914
616	933
616	940
616	950
616	975
617	361
617	598
617	623
617	711
617	839
617	877
617	917
617	946
617	982
618	652
618	698
618	732
618	837
618	869
618	959
618	977
618	985
618	999
619	518
619	647
619	660
619	676
619	719
619	751
619	876
619	896
619	931
619	963
619	987
620	410
620	713
620	873
620	884
620	890
620	924
620	936
620	952
620	972
620	979
620	984
620	998
621	771
621	775
621	795
621	803
621	817
621	843
621	855
621	865
621	875
621	916
622	757
622	773
622	847
622	862
622	867
622	870
622	872
622	875
622	956
622	964
622	974
622	995
623	361
623	529
623	561
623	598
623	617
623	649
623	711
623	729
623	783
623	860
623	931
624	767
624	821
624	859
624	862
624	866
624	875
624	886
624	919
624	930
624	938
624	981
625	833
625	838
625	898
625	914
625	916
625	926
625	933
625	940
625	952
625	960
625	994
626	817
626	851
626	878
626	884
626	890
626	893
626	924
626	935
626	974
626	979
626	996
627	740
627	847
627	861
627	924
627	972
627	984
627	991
627	996
627	998
628	698
628	721
628	797
628	818
628	837
628	883
628	924
628	953
628	984
628	985
629	358
629	470
629	596
629	644
629	753
629	786
629	901
629	909
629	943
630	555
630	706
630	777
630	789
630	807
630	828
630	887
630	902
630	905
630	950
630	995
631	699
631	784
631	859
631	876
631	883
631	911
631	917
631	932
631	944
631	997
632	581
632	606
632	752
632	910
632	929
632	955
632	956
632	969
632	970
632	998
633	804
633	830
633	832
633	848
633	873
633	877
633	878
633	903
633	913
633	917
633	934
633	948
633	955
633	977
633	992
634	679
634	771
634	843
634	849
634	855
634	894
634	912
634	947
634	948
634	955
634	980
634	996
634	1000
635	670
635	699
635	705
635	739
635	745
635	836
635	837
635	838
635	879
635	906
635	968
635	981
636	555
636	670
636	693
636	703
636	776
636	789
636	814
636	828
636	839
636	862
636	952
637	667
637	686
637	726
637	823
637	850
637	904
637	907
637	911
637	913
637	934
637	961
637	987
638	437
638	542
638	566
638	570
638	650
638	651
638	685
638	774
638	784
638	800
638	820
638	869
638	960
639	708
639	718
639	820
639	849
639	861
639	889
639	922
639	937
639	941
639	977
639	986
640	509
640	681
640	773
640	815
640	820
640	827
640	884
640	898
640	921
640	966
640	978
641	686
641	700
641	754
641	845
641	855
641	872
641	886
641	904
641	916
641	956
641	976
641	982
642	663
642	745
642	778
642	819
642	836
642	877
642	879
642	883
642	894
642	899
642	928
642	945
643	510
643	693
643	704
643	709
643	731
643	755
643	776
643	787
643	789
643	807
643	887
643	902
643	906
643	918
643	952
644	358
644	543
644	596
644	629
644	694
644	753
644	776
644	784
644	786
644	818
644	953
644	999
645	754
645	831
645	832
645	857
645	893
645	916
645	925
645	934
645	939
645	951
645	996
646	700
646	714
646	734
646	776
646	850
646	877
646	891
646	907
646	916
646	935
646	940
646	962
647	619
647	805
647	862
647	887
647	906
647	921
647	930
647	964
647	976
647	995
648	812
648	835
648	853
648	873
648	936
648	946
648	947
648	963
648	966
648	971
648	989
648	993
649	361
649	529
649	561
649	598
649	623
649	711
649	874
649	881
649	899
649	913
649	960
649	984
650	437
650	444
650	522
650	570
650	638
650	769
650	774
650	784
650	793
650	805
650	843
650	865
650	877
650	902
650	921
651	638
651	718
651	808
651	882
651	917
651	930
651	958
651	975
651	987
652	618
652	707
652	721
652	753
652	901
652	907
652	910
652	953
652	959
652	985
653	783
653	797
653	819
653	837
653	877
653	894
653	932
653	948
653	953
653	959
653	985
654	661
654	853
654	887
654	891
654	894
654	904
654	916
654	932
654	943
654	964
655	701
655	705
655	759
655	804
655	817
655	832
655	878
655	882
655	902
655	913
655	915
655	918
655	931
655	977
655	991
655	992
656	581
656	703
656	738
656	758
656	816
656	852
656	859
656	870
656	883
656	910
656	981
656	1000
657	524
657	706
657	725
657	781
657	805
657	809
657	811
657	854
657	860
657	865
657	876
657	881
658	688
658	691
658	760
658	780
658	819
658	840
658	883
658	897
658	901
658	926
658	955
658	959
658	969
659	604
659	675
659	780
659	888
659	897
659	914
659	926
659	935
659	967
659	970
659	990
660	619
660	674
660	751
660	788
660	804
660	849
660	883
660	887
660	896
660	900
660	911
660	927
661	654
661	734
661	891
661	892
661	905
661	907
661	946
661	956
661	961
662	792
662	831
662	838
662	857
662	870
662	893
662	918
662	925
662	951
662	956
662	957
662	971
663	642
663	729
663	738
663	739
663	783
663	829
663	877
663	879
663	944
663	996
664	696
664	802
664	814
664	815
664	817
664	859
664	922
664	946
664	954
664	978
664	994
665	410
665	716
665	725
665	738
665	752
665	872
665	882
665	898
665	917
665	934
665	958
665	987
666	323
666	523
666	690
666	721
666	722
666	737
666	766
666	796
666	803
666	856
666	912
666	914
666	915
666	967
667	375
667	533
667	582
667	637
667	700
667	708
667	734
667	874
667	879
667	907
667	916
667	956
668	687
668	727
668	744
668	813
668	827
668	830
668	908
668	909
668	920
668	923
668	935
668	947
668	974
668	976
668	985
669	673
669	681
669	731
669	770
669	772
669	809
669	810
669	840
669	847
669	850
669	891
669	904
669	907
669	916
669	961
669	970
670	540
670	574
670	635
670	636
670	685
670	723
670	730
670	863
670	864
670	901
670	920
670	927
670	932
670	948
670	994
671	718
671	749
671	835
671	861
671	892
671	918
671	924
671	925
671	933
671	939
671	941
671	986
671	999
672	438
672	455
672	480
672	686
672	801
672	814
672	840
672	886
672	903
672	906
672	947
672	955
672	966
673	440
673	669
673	684
673	747
673	752
673	754
673	793
673	795
673	799
673	919
673	921
673	955
673	962
673	1000
674	606
674	660
674	751
674	788
674	790
674	860
674	878
674	883
674	896
674	904
674	914
674	964
674	997
675	659
675	684
675	737
675	846
675	853
675	871
675	898
675	914
675	939
675	940
675	945
675	950
675	960
675	975
676	366
676	490
676	540
676	619
676	686
676	752
676	858
676	899
676	903
676	936
676	946
676	947
676	963
676	989
677	543
677	563
677	603
677	701
677	705
677	722
677	737
677	768
677	785
677	794
677	834
677	875
677	953
677	961
678	770
678	817
678	825
678	844
678	859
678	898
678	914
678	933
678	939
678	940
678	950
678	951
678	953
678	975
679	376
679	634
679	726
679	754
679	773
679	790
679	795
679	855
679	856
679	873
679	944
679	975
680	536
680	684
680	699
680	783
680	822
680	841
680	870
680	886
680	921
680	932
680	938
680	962
680	964
681	590
681	640
681	669
681	706
681	711
681	714
681	773
681	794
681	815
681	895
681	905
681	920
681	922
681	973
681	978
682	746
682	751
682	773
682	835
682	860
682	867
682	896
682	920
682	931
682	987
682	997
683	689
683	708
683	770
683	800
683	844
683	851
683	880
683	897
683	900
683	918
683	972
683	979
683	984
683	998
684	331
684	575
684	673
684	675
684	680
684	747
684	855
684	859
684	902
684	910
684	940
684	954
684	955
684	981
685	451
685	638
685	670
685	726
685	747
685	749
685	786
685	839
685	863
685	864
685	920
685	927
685	928
685	948
685	970
685	977
686	468
686	575
686	589
686	637
686	641
686	672
686	676
686	698
686	716
686	810
686	823
686	845
686	886
686	904
686	916
686	954
687	668
687	699
687	706
687	727
687	809
687	873
687	889
687	890
687	905
687	909
687	916
687	977
687	982
688	592
688	614
688	658
688	706
688	713
688	728
688	756
688	775
688	818
688	833
688	896
688	910
688	926
688	967
689	110
689	197
689	416
689	486
689	683
689	750
689	792
689	793
689	798
689	800
689	801
689	812
689	821
689	834
689	899
689	923
689	929
689	945
690	666
690	752
690	759
690	803
690	818
690	834
690	845
690	893
690	901
690	927
690	959
690	962
690	969
690	970
691	592
691	658
691	780
691	825
691	835
691	890
691	897
691	901
691	926
691	932
691	943
691	976
691	979
691	991
692	547
692	765
692	766
692	779
692	796
692	802
692	805
692	856
692	858
692	930
692	937
692	949
692	963
692	967
693	160
693	171
693	636
693	643
693	729
693	801
693	899
693	903
693	904
693	913
693	919
693	936
693	940
693	946
694	450
694	561
694	644
694	745
694	830
694	832
694	854
694	868
694	915
694	939
694	980
694	988
694	999
695	552
695	711
695	762
695	852
695	867
695	885
695	901
695	909
695	921
695	930
695	937
695	938
695	962
695	974
695	992
696	664
696	773
696	794
696	815
696	822
696	840
696	869
696	872
696	880
696	922
696	952
696	966
696	968
696	969
696	978
696	994
696	1000
697	385
697	430
697	583
697	607
697	610
697	613
697	709
697	804
697	854
697	862
697	866
697	907
697	942
697	979
698	455
698	618
698	628
698	686
698	707
698	721
698	738
698	776
698	797
698	822
698	840
698	896
698	901
698	953
698	959
698	985
699	631
699	635
699	680
699	687
699	714
699	791
699	824
699	890
699	905
699	908
699	943
699	973
699	976
699	988
700	533
700	600
700	641
700	646
700	667
700	783
700	829
700	842
700	845
700	922
700	926
700	932
700	945
700	961
700	965
700	995
701	351
701	428
701	453
701	483
701	543
701	548
701	563
701	577
701	603
701	655
701	677
701	767
701	847
701	851
701	980
702	744
702	769
702	875
702	876
702	890
702	909
702	923
702	924
702	957
702	976
702	980
702	981
702	982
702	992
702	996
703	414
703	636
703	656
703	737
703	738
703	823
703	833
703	838
703	907
703	968
703	981
703	993
704	643
704	781
704	802
704	805
704	809
704	847
704	854
704	881
704	892
704	913
704	915
704	932
705	473
705	635
705	655
705	677
705	745
705	793
705	856
705	928
705	941
705	944
705	945
705	981
706	473
706	494
706	505
706	587
706	630
706	657
706	681
706	687
706	688
706	742
706	780
706	878
706	888
706	891
706	926
706	969
706	970
707	441
707	652
707	698
707	721
707	732
707	797
707	875
707	917
707	918
707	920
707	953
707	959
707	985
707	990
708	614
708	639
708	667
708	683
708	777
708	779
708	791
708	815
708	819
708	826
708	832
708	848
708	873
708	918
708	920
708	946
708	966
708	977
708	991
709	228
709	385
709	409
709	430
709	471
709	502
709	531
709	583
709	607
709	610
709	643
709	697
709	773
709	804
709	849
709	850
709	986
710	548
710	733
710	754
710	758
710	770
710	785
710	801
710	824
710	898
710	905
710	914
710	933
710	950
710	959
710	975
711	361
711	529
711	561
711	598
711	617
711	623
711	649
711	681
711	695
711	721
711	727
711	785
711	797
711	844
711	852
711	948
711	956
712	249
712	718
712	723
712	739
712	751
712	808
712	831
712	849
712	861
712	866
712	889
712	892
712	896
712	915
712	927
712	941
712	986
712	999
713	329
713	620
713	688
713	728
713	754
713	888
713	897
713	901
713	910
713	969
713	974
713	995
714	646
714	681
714	699
714	720
714	759
714	766
714	796
714	803
714	815
714	825
714	841
714	852
714	856
714	858
714	954
714	978
714	984
715	518
715	724
715	761
715	766
715	782
715	840
715	854
715	874
715	919
715	938
715	942
715	965
716	478
716	532
716	597
716	665
716	686
716	725
716	752
716	775
716	829
716	862
716	882
716	917
716	933
716	958
716	959
716	987
717	718
717	768
717	808
717	820
717	828
717	861
717	889
717	892
717	897
717	924
717	931
717	932
717	970
717	986
717	993
717	998
717	999
718	639
718	651
718	671
718	712
718	717
718	727
718	751
718	790
718	794
718	811
718	819
718	849
718	886
718	892
718	922
718	941
718	986
719	461
719	619
719	828
719	851
719	865
719	884
719	888
719	890
719	910
719	924
719	937
719	972
719	984
719	998
720	472
720	544
720	714
720	778
720	831
720	857
720	866
720	871
720	898
720	922
720	934
720	936
720	951
720	955
720	971
721	628
721	652
721	666
721	698
721	707
721	711
721	732
721	843
721	851
721	875
721	953
721	959
721	966
721	985
722	283
722	351
722	400
722	420
722	428
722	453
722	548
722	563
722	603
722	666
722	677
722	733
722	859
722	977
722	980
723	612
723	615
723	670
723	712
723	726
723	748
723	765
723	774
723	781
723	798
723	839
723	856
723	863
723	864
723	920
723	948
723	984
724	430
724	715
724	727
724	744
724	745
724	752
724	817
724	858
724	888
724	894
724	905
724	908
724	909
724	973
724	976
724	982
725	457
725	605
725	609
725	657
725	665
725	716
725	746
725	841
725	861
725	882
725	889
725	917
725	942
725	958
725	962
725	987
726	615
726	637
726	679
726	685
726	723
726	745
726	781
726	800
726	863
726	864
726	868
726	902
726	920
726	927
726	947
726	948
727	604
727	605
727	668
727	687
727	711
727	718
727	724
727	760
727	813
727	818
727	861
727	888
727	895
727	908
727	923
727	957
727	973
727	982
728	688
728	713
728	749
728	762
728	775
728	785
728	808
728	819
728	861
728	889
728	892
728	941
728	963
728	971
728	986
728	988
728	999
729	397
729	522
729	549
729	623
729	663
729	693
729	810
729	862
729	863
729	873
729	906
729	936
729	946
729	947
729	954
729	966
729	989
730	434
730	670
730	757
730	765
730	835
730	842
730	862
730	867
730	876
730	881
730	886
730	894
730	921
730	930
730	962
730	964
730	974
730	989
730	991
731	581
731	643
731	669
731	755
731	776
731	778
731	779
731	807
731	828
731	887
731	902
731	905
731	906
731	920
731	938
731	952
732	543
732	618
732	707
732	721
732	741
732	797
732	806
732	818
732	837
732	861
732	863
732	892
732	918
732	953
732	959
732	972
732	985
732	988
733	323
733	452
733	710
733	722
733	741
733	750
733	798
733	800
733	801
733	807
733	812
733	821
733	834
733	843
733	897
733	929
733	934
733	945
733	971
734	547
734	646
734	661
734	667
734	810
734	831
734	844
734	848
734	891
734	897
734	904
734	907
734	912
734	916
734	974
734	986
734	997
735	812
735	829
735	831
735	857
735	871
735	893
735	914
735	951
735	956
735	964
735	970
735	971
735	974
735	995
735	999
736	480
736	741
736	776
736	890
736	891
736	908
736	909
736	923
736	935
736	943
736	957
736	973
736	982
736	994
736	1000
737	322
737	666
737	675
737	677
737	703
737	760
737	767
737	821
737	822
737	827
737	847
737	852
737	867
737	869
737	875
737	881
737	882
737	974
737	995
738	459
738	656
738	663
738	665
738	698
738	703
738	815
738	823
738	859
738	870
738	897
738	923
738	968
738	985
738	993
739	322
739	508
739	635
739	663
739	712
739	745
739	783
739	793
739	830
739	836
739	870
739	873
739	877
739	910
739	944
739	957
739	961
739	970
739	971
740	526
740	627
740	783
740	785
740	851
740	910
740	924
740	927
740	931
740	958
740	972
740	979
740	984
741	221
741	417
741	463
741	516
741	565
741	576
741	578
741	580
741	732
741	733
741	736
741	766
741	769
741	787
741	846
741	921
741	936
741	986
742	536
742	706
742	787
742	813
742	851
742	876
742	888
742	891
742	901
742	905
742	910
742	926
742	943
742	967
742	985
743	455
743	603
743	774
743	796
743	812
743	837
743	844
743	846
743	851
743	860
743	877
743	924
743	972
743	979
743	984
743	996
743	997
743	998
744	668
744	702
744	724
744	753
744	758
744	763
744	791
744	793
744	812
744	835
744	861
744	888
744	897
744	908
744	923
744	950
744	957
744	973
744	976
744	982
745	364
745	635
745	642
745	694
745	705
745	724
745	726
745	739
745	747
745	752
745	836
745	860
745	879
745	890
745	939
745	944
745	956
745	964
745	981
746	682
746	725
746	751
746	768
746	791
746	801
746	860
746	868
746	876
746	896
746	900
746	911
746	926
746	931
746	949
746	971
746	993
746	997
747	673
747	684
747	685
747	745
747	754
747	775
747	790
747	835
747	843
747	860
747	925
747	954
747	982
747	988
747	992
747	1000
748	322
748	609
748	723
748	777
748	779
748	830
748	862
748	880
748	888
748	891
748	897
748	915
748	937
748	939
748	971
748	983
748	988
749	324
749	515
749	671
749	685
749	728
749	768
749	794
749	808
749	819
749	849
749	888
749	889
749	909
749	949
749	957
749	986
749	994
749	999
750	570
750	601
750	689
750	733
750	752
750	760
750	786
750	798
750	800
750	811
750	812
750	821
750	834
750	853
750	879
750	893
750	942
750	945
750	983
751	295
751	446
751	493
751	546
751	600
751	619
751	660
751	674
751	682
751	712
751	718
751	746
751	788
751	896
751	900
751	913
751	931
751	985
752	612
752	632
752	665
752	673
752	676
752	690
752	716
752	724
752	745
752	750
752	780
752	818
752	831
752	842
752	888
752	892
752	910
752	938
752	970
753	387
753	419
753	421
753	438
753	470
753	480
753	504
753	506
753	536
753	575
753	596
753	629
753	644
753	652
753	744
753	786
753	807
753	837
753	838
753	930
753	970
754	324
754	426
754	641
754	645
754	673
754	679
754	710
754	713
754	747
754	779
754	780
754	790
754	795
754	838
754	870
754	940
754	965
754	1000
755	555
755	556
755	594
755	643
755	731
755	776
755	789
755	792
755	807
755	816
755	845
755	887
755	902
755	929
755	952
755	980
755	986
755	988
756	308
756	519
756	572
756	588
756	688
756	773
756	794
756	804
756	813
756	827
756	828
756	834
756	840
756	882
756	896
756	922
756	971
756	978
757	550
757	622
757	730
757	760
757	768
757	801
757	820
757	831
757	852
757	856
757	867
757	903
757	917
757	939
757	962
757	974
757	995
758	423
758	656
758	710
758	744
758	800
758	816
758	823
758	830
758	859
758	870
758	893
758	901
758	958
758	968
758	981
758	993
759	579
759	580
759	655
759	690
759	714
759	762
759	766
759	780
759	798
759	803
759	841
759	856
759	857
759	858
759	863
759	890
759	967
759	983
759	986
760	594
760	658
760	727
760	737
760	750
760	757
760	767
760	775
760	794
760	822
760	875
760	885
760	894
760	921
760	926
760	938
760	962
760	972
760	974
761	172
761	224
761	385
761	482
761	567
761	585
761	607
761	715
761	764
761	782
761	821
761	835
761	847
761	885
761	919
761	942
761	965
761	972
761	987
762	556
762	695
762	728
762	759
762	763
762	778
762	808
762	873
762	888
762	889
762	905
762	908
762	909
762	923
762	928
762	957
762	982
762	996
763	498
763	744
763	762
763	778
763	813
763	817
763	836
763	841
763	854
763	861
763	883
763	886
763	908
763	909
763	943
763	957
763	997
764	473
764	761
764	782
764	806
764	835
764	847
764	893
764	919
764	924
764	942
764	961
764	989
764	994
765	182
765	304
765	373
765	487
765	510
765	535
765	558
765	595
765	611
765	692
765	723
765	730
765	785
765	809
765	817
765	830
765	883
765	885
765	980
766	666
766	692
766	714
766	715
766	741
766	759
766	786
766	787
766	825
766	841
766	843
766	855
766	858
766	867
766	900
766	912
766	948
766	949
766	967
766	976
767	624
767	701
767	737
767	760
767	786
767	809
767	821
767	822
767	845
767	852
767	862
767	885
767	930
767	933
767	935
767	955
767	959
767	964
767	974
768	677
768	717
768	746
768	749
768	757
768	808
768	819
768	820
768	849
768	852
768	869
768	883
768	889
768	892
768	899
768	941
768	976
768	999
769	221
769	286
769	346
769	415
769	516
769	576
769	609
769	650
769	702
769	741
769	780
769	787
769	846
769	902
769	918
769	944
769	951
770	669
770	678
770	683
770	710
770	824
770	859
770	877
770	898
770	931
770	933
770	940
770	942
770	950
770	973
770	975
770	989
771	331
771	621
771	634
771	775
771	830
771	842
771	855
771	954
771	955
771	958
771	960
771	968
771	975
771	986
771	987
771	1000
772	502
772	555
772	611
772	669
772	789
772	791
772	795
772	826
772	831
772	832
772	848
772	850
772	873
772	878
772	890
772	913
772	977
772	987
772	991
772	992
773	548
773	551
773	622
773	640
773	679
773	681
773	682
773	696
773	709
773	756
773	895
773	908
773	938
773	957
773	976
773	978
773	985
773	994
774	130
774	437
774	444
774	503
774	510
774	522
774	542
774	552
774	570
774	638
774	650
774	723
774	743
774	784
774	815
774	973
774	975
774	991
775	331
775	376
775	574
775	621
775	688
775	716
775	728
775	747
775	760
775	771
775	786
775	788
775	842
775	849
775	854
775	894
775	954
775	955
775	977
775	994
775	1000
776	397
776	636
776	643
776	644
776	646
776	698
776	731
776	736
776	755
776	807
776	812
776	814
776	828
776	829
776	887
776	902
776	911
776	952
776	971
776	992
777	18
777	630
777	708
777	748
777	811
777	814
777	817
777	849
777	858
777	915
777	926
777	937
777	939
777	940
777	950
777	973
777	980
777	983
777	990
778	72
778	587
778	590
778	604
778	642
778	720
778	731
778	762
778	763
778	782
778	784
778	813
778	890
778	908
778	909
778	920
778	923
778	957
778	968
778	973
779	137
779	449
779	586
779	587
779	692
779	708
779	731
779	748
779	754
779	806
779	811
779	833
779	853
779	937
779	939
779	963
779	974
779	975
779	983
780	530
780	658
780	659
780	691
780	706
780	752
780	754
780	759
780	769
780	781
780	786
780	862
780	910
780	920
780	940
780	957
780	969
780	970
780	988
780	1000
781	362
781	460
781	484
781	602
781	657
781	704
781	723
781	726
781	780
781	820
781	831
781	849
781	854
781	860
781	865
781	881
781	905
781	932
781	948
781	971
781	982
782	183
782	542
782	585
782	715
782	761
782	764
782	778
782	816
782	823
782	835
782	847
782	916
782	919
782	942
782	945
782	965
782	994
783	200
783	415
783	492
783	591
783	623
783	653
783	663
783	680
783	700
783	739
783	740
783	793
783	807
783	877
783	921
783	928
783	936
783	944
783	981
783	990
784	130
784	141
784	437
784	444
784	451
784	503
784	522
784	542
784	570
784	600
784	631
784	638
784	644
784	650
784	774
784	778
784	882
784	950
784	952
785	182
785	373
785	440
785	487
785	535
785	558
785	595
785	611
785	677
785	710
785	711
785	728
785	740
785	765
785	809
785	817
785	853
785	961
785	966
786	358
786	387
786	419
786	421
786	470
786	480
786	504
786	506
786	596
786	629
786	644
786	685
786	750
786	753
786	766
786	767
786	775
786	780
786	805
786	836
786	864
786	911
786	929
786	967
787	173
787	381
787	414
787	415
787	432
787	516
787	541
787	565
787	576
787	609
787	643
787	741
787	742
787	766
787	769
787	797
787	846
787	854
787	925
787	968
788	507
788	577
788	660
788	674
788	751
788	775
788	823
788	876
788	883
788	891
788	893
788	896
788	911
788	912
788	926
788	930
788	973
789	599
789	605
789	630
789	636
789	643
789	755
789	772
789	807
789	826
789	828
789	878
789	887
789	902
789	943
789	952
789	966
789	981
789	987
790	99
790	274
790	304
790	455
790	674
790	679
790	718
790	747
790	754
790	805
790	810
790	842
790	855
790	894
790	935
790	954
790	955
790	1000
791	206
791	334
791	389
791	559
791	591
791	699
791	708
791	744
791	746
791	772
791	826
791	832
791	866
791	873
791	878
791	885
791	913
791	918
791	977
791	991
792	604
792	662
792	689
792	755
792	798
792	800
792	801
792	812
792	821
792	827
792	834
792	876
792	945
792	954
792	965
792	996
793	364
793	424
793	454
793	539
793	650
793	673
793	689
793	705
793	739
793	744
793	783
793	843
793	877
793	906
793	928
793	947
793	981
793	985
794	509
794	588
794	677
794	681
794	696
794	718
794	749
794	756
794	760
794	802
794	840
794	874
794	880
794	914
794	944
794	948
794	968
794	978
794	994
795	621
795	673
795	679
795	754
795	772
795	841
795	842
795	843
795	879
795	889
795	893
795	894
795	906
795	925
795	950
795	954
795	955
795	961
795	970
795	972
795	983
795	987
795	1000
796	521
796	560
796	570
796	580
796	666
796	692
796	714
796	743
796	826
796	837
796	841
796	856
796	858
796	865
796	881
796	905
796	912
796	922
796	934
796	942
796	949
796	967
796	983
797	340
797	476
797	490
797	500
797	541
797	553
797	579
797	628
797	653
797	698
797	707
797	711
797	732
797	787
797	817
797	837
797	924
797	953
797	959
797	985
797	998
798	366
798	452
798	574
798	604
798	689
798	723
798	733
798	750
798	759
798	792
798	801
798	812
798	821
798	834
798	845
798	862
798	884
798	945
798	955
798	981
798	983
799	341
799	461
799	520
799	545
799	556
799	673
799	836
799	862
799	867
799	869
799	875
799	885
799	886
799	903
799	912
799	930
799	952
799	960
799	962
799	974
799	989
799	995
800	322
800	452
800	638
800	683
800	689
800	726
800	733
800	750
800	758
800	792
800	801
800	812
800	834
800	836
800	840
800	854
800	908
800	929
800	945
800	970
800	993
801	407
801	604
801	672
801	689
801	693
801	710
801	733
801	746
801	757
801	792
801	798
801	800
801	812
801	821
801	834
801	881
801	929
801	932
801	933
801	945
801	963
801	994
802	342
802	518
802	539
802	572
802	664
802	692
802	704
802	794
802	805
802	814
802	815
802	840
802	842
802	884
802	893
802	966
802	978
802	994
802	996
803	251
803	380
803	521
803	560
803	580
803	590
803	591
803	621
803	666
803	690
803	714
803	759
803	825
803	841
803	856
803	861
803	869
803	896
803	949
803	967
803	983
803	995
804	396
804	633
804	655
804	660
804	697
804	709
804	756
804	810
804	826
804	863
804	873
804	875
804	887
804	899
804	913
804	918
804	977
804	991
804	992
805	362
805	406
805	439
805	460
805	473
805	647
805	650
805	657
805	692
805	704
805	786
805	790
805	802
805	809
805	854
805	865
805	881
805	883
805	896
805	907
805	932
805	934
806	28
806	456
806	535
806	732
806	764
806	779
806	833
806	889
806	908
806	935
806	940
806	948
806	963
806	983
806	988
806	990
806	997
807	575
807	594
807	599
807	614
807	630
807	643
807	731
807	733
807	753
807	755
807	776
807	783
807	789
807	811
807	828
807	887
807	902
807	924
807	948
807	951
807	952
807	996
808	448
808	533
808	616
808	651
808	712
808	717
808	728
808	749
808	762
808	768
808	820
808	834
808	861
808	889
808	892
808	915
808	947
808	968
808	969
808	986
808	999
809	364
809	439
809	460
809	476
809	561
809	585
809	602
809	657
809	669
809	687
809	704
809	765
809	767
809	785
809	805
809	851
809	854
809	865
809	877
809	881
809	884
809	943
810	459
810	467
810	582
810	669
810	686
810	729
810	734
810	790
810	804
810	844
810	864
810	872
810	891
810	904
810	910
810	936
810	942
810	946
810	961
810	969
811	657
811	718
811	750
811	777
811	779
811	807
811	813
811	830
811	832
811	833
811	868
811	869
811	892
811	935
811	937
811	959
811	963
811	972
811	980
811	983
811	990
812	648
812	689
812	733
812	735
812	743
812	744
812	750
812	776
812	792
812	798
812	800
812	801
812	821
812	834
812	867
812	913
812	929
812	942
812	943
812	997
813	668
813	727
813	742
813	756
813	763
813	778
813	811
813	823
813	831
813	836
813	837
813	868
813	892
813	905
813	908
813	921
813	943
813	957
813	964
813	973
813	976
813	982
813	998
814	290
814	464
814	504
814	551
814	636
814	664
814	672
814	776
814	777
814	802
814	853
814	870
814	906
814	908
814	936
814	946
814	966
814	980
814	989
815	463
815	467
815	487
815	509
815	526
815	612
815	640
815	664
815	681
815	696
815	708
815	714
815	738
815	774
815	802
815	840
815	858
815	895
815	922
815	955
815	982
815	993
815	994
816	567
816	581
816	605
816	612
816	656
816	755
816	758
816	782
816	838
816	851
816	859
816	863
816	870
816	883
816	954
816	966
816	968
816	978
817	31
817	144
817	182
817	222
817	304
817	373
817	483
817	487
817	558
817	566
817	595
817	611
817	621
817	626
817	655
817	664
817	678
817	724
817	763
817	765
817	777
817	785
817	797
817	831
817	836
817	865
817	980
818	278
818	345
818	356
818	534
818	628
818	644
818	688
818	690
818	727
818	732
818	752
818	863
818	879
818	888
818	897
818	905
818	923
818	926
818	969
818	970
818	977
819	343
819	543
819	642
819	653
819	658
819	708
819	718
819	728
819	749
819	768
819	820
819	861
819	869
819	891
819	892
819	927
819	941
819	966
819	985
819	986
819	999
820	386
820	464
820	638
820	639
820	640
820	717
820	757
820	768
820	781
820	808
820	819
820	849
820	861
820	869
820	882
820	889
820	892
820	928
820	941
820	963
820	986
820	999
820	1000
821	306
821	463
821	624
821	689
821	733
821	737
821	750
821	761
821	767
821	792
821	798
821	801
821	812
821	834
821	863
821	929
821	945
821	973
821	989
821	998
822	227
822	253
822	383
822	477
822	515
822	535
822	557
822	558
822	607
822	680
822	696
822	698
822	737
822	760
822	767
822	862
822	867
822	875
822	885
822	894
822	896
822	921
822	933
822	962
822	974
822	995
823	513
823	541
823	553
823	581
823	608
823	612
823	637
823	686
823	703
823	738
823	758
823	782
823	788
823	813
823	838
823	870
823	895
823	907
823	937
823	968
823	992
823	993
823	1000
824	446
824	447
824	449
824	483
824	616
824	699
824	710
824	770
824	836
824	898
824	904
824	917
824	924
824	927
824	933
824	940
824	950
824	960
824	975
824	981
824	996
825	384
825	521
825	560
825	580
825	678
825	691
825	714
825	766
825	803
825	841
825	848
825	858
825	902
825	912
825	913
825	927
825	949
825	953
825	967
825	975
825	992
826	15
826	187
826	263
826	275
826	349
826	379
826	385
826	387
826	508
826	564
826	708
826	772
826	789
826	791
826	796
826	804
826	832
826	868
826	873
826	902
826	977
826	992
827	469
827	472
827	479
827	485
827	511
827	526
827	527
827	544
827	547
827	640
827	668
827	737
827	756
827	792
827	828
827	866
827	893
827	934
827	951
827	958
827	971
827	987
828	404
828	495
828	575
828	594
828	630
828	636
828	717
828	719
828	731
828	756
828	776
828	789
828	807
828	827
828	840
828	850
828	856
828	887
828	888
828	902
828	953
828	975
829	392
829	416
829	441
829	544
829	549
829	556
829	562
829	663
829	700
829	716
829	735
829	776
829	831
829	871
829	893
829	907
829	926
829	927
829	934
829	951
829	956
829	971
830	308
830	357
830	469
830	507
830	573
830	633
830	668
830	694
830	739
830	748
830	758
830	765
830	771
830	811
830	852
830	868
830	879
830	889
830	915
830	935
830	937
830	939
830	948
831	472
831	645
831	662
831	712
831	720
831	734
831	735
831	752
831	757
831	772
831	781
831	813
831	817
831	829
831	866
831	871
831	893
831	916
831	917
831	921
831	934
831	946
831	970
831	971
831	983
832	574
832	603
832	633
832	645
832	655
832	694
832	708
832	772
832	791
832	811
832	826
832	848
832	852
832	867
832	873
832	900
832	911
832	913
832	961
832	974
832	977
832	991
832	992
833	395
833	438
833	564
833	625
833	688
833	703
833	779
833	806
833	811
833	853
833	866
833	868
833	892
833	915
833	920
833	937
833	948
833	963
833	980
833	983
833	988
833	990
834	452
834	459
834	604
834	677
834	689
834	690
834	733
834	750
834	756
834	792
834	798
834	800
834	801
834	808
834	812
834	821
834	847
834	851
834	856
834	924
834	929
834	942
834	977
834	994
835	323
835	398
835	403
835	445
835	473
835	474
835	525
835	648
835	671
835	682
835	691
835	730
835	744
835	747
835	761
835	764
835	782
835	851
835	853
835	874
835	921
835	965
835	997
835	998
836	5
836	424
836	537
836	571
836	591
836	635
836	642
836	739
836	745
836	763
836	786
836	799
836	800
836	813
836	817
836	824
836	866
836	879
836	928
836	944
836	970
836	981
836	989
837	344
837	414
837	551
837	579
837	612
837	618
837	628
837	635
837	653
837	732
837	743
837	753
837	796
837	797
837	813
837	847
837	893
837	928
837	953
837	959
837	964
837	976
837	985
837	997
838	30
838	465
838	513
838	567
838	612
838	625
838	635
838	662
838	703
838	753
838	754
838	816
838	823
838	839
838	850
838	859
838	930
838	954
838	958
838	968
838	969
838	993
839	336
839	418
839	458
839	543
839	615
839	617
839	636
839	685
839	723
839	838
839	863
839	864
839	915
839	917
839	927
839	930
839	934
839	943
839	948
839	976
839	995
840	417
840	477
840	498
840	509
840	572
840	588
840	658
840	669
840	672
840	696
840	698
840	715
840	756
840	794
840	800
840	802
840	815
840	828
840	895
840	923
840	960
840	978
840	980
841	348
841	466
841	479
841	538
841	560
841	582
841	587
841	680
841	714
841	725
841	759
841	763
841	766
841	795
841	796
841	803
841	825
841	858
841	888
841	912
841	922
841	949
841	967
841	975
841	986
842	417
842	448
842	547
842	569
842	700
842	730
842	752
842	771
842	775
842	790
842	795
842	802
842	843
842	878
842	886
842	894
842	925
842	947
842	954
842	958
842	960
842	1000
843	376
843	417
843	422
843	442
843	531
843	608
843	621
843	634
843	650
843	721
843	733
843	747
843	766
843	793
843	795
843	842
843	855
843	900
843	931
843	934
843	935
843	939
843	954
843	1000
844	401
844	420
844	434
844	460
844	542
844	678
844	683
844	711
844	734
844	743
844	810
844	851
844	861
844	884
844	900
844	924
844	960
844	972
844	979
844	984
844	997
844	998
844	1000
845	117
845	179
845	196
845	371
845	393
845	459
845	482
845	559
845	641
845	686
845	690
845	700
845	755
845	767
845	798
845	850
845	872
845	891
845	958
845	961
845	983
845	988
845	993
846	9
846	59
846	173
846	202
846	221
846	317
846	380
846	381
846	415
846	516
846	576
846	578
846	589
846	592
846	609
846	675
846	741
846	743
846	769
846	787
846	862
846	871
846	874
846	924
846	977
847	398
847	523
847	530
847	538
847	585
847	622
847	627
847	669
847	701
847	704
847	737
847	761
847	764
847	782
847	834
847	837
847	850
847	856
847	874
847	919
847	934
847	942
847	965
847	999
848	233
848	445
848	633
848	708
848	734
848	772
848	825
848	832
848	849
848	857
848	862
848	873
848	878
848	913
848	918
848	953
848	977
848	987
848	990
848	991
848	992
848	994
849	512
849	561
849	608
849	612
849	634
849	639
849	660
849	709
849	712
849	718
849	749
849	768
849	775
849	777
849	781
849	820
849	848
849	861
849	885
849	889
849	892
849	936
849	941
849	986
849	999
850	582
850	587
850	589
850	637
850	646
850	669
850	709
850	772
850	828
850	838
850	845
850	847
850	872
850	877
850	891
850	893
850	904
850	905
850	915
850	916
850	961
850	995
850	997
851	626
851	683
851	701
851	719
851	721
851	740
851	742
851	743
851	809
851	816
851	834
851	835
851	844
851	867
851	884
851	889
851	913
851	972
851	977
851	979
851	984
851	996
851	998
852	11
852	99
852	175
852	421
852	542
852	656
852	695
852	711
852	714
852	737
852	757
852	767
852	768
852	830
852	832
852	862
852	869
852	879
852	886
852	897
852	921
852	930
852	938
852	964
852	980
853	28
853	189
853	313
853	533
853	549
853	583
853	648
853	654
853	675
853	750
853	779
853	785
853	814
853	833
853	835
853	873
853	899
853	903
853	906
853	936
853	947
853	966
853	989
853	990
854	225
854	360
854	435
854	439
854	460
854	484
854	602
854	657
854	694
854	697
854	704
854	715
854	763
854	775
854	781
854	787
854	800
854	805
854	809
854	875
854	879
854	880
854	881
854	885
854	932
854	962
854	979
854	1000
855	35
855	181
855	185
855	193
855	195
855	228
855	284
855	488
855	569
855	581
855	602
855	621
855	634
855	641
855	679
855	684
855	766
855	771
855	790
855	843
855	866
855	911
855	925
855	935
855	954
855	962
856	190
856	260
856	411
856	415
856	436
856	512
856	546
856	566
856	573
856	582
856	606
856	666
856	679
856	692
856	705
856	714
856	723
856	757
856	759
856	796
856	803
856	828
856	834
856	847
856	858
856	912
856	917
856	949
856	953
856	957
857	261
857	485
857	506
857	524
857	545
857	593
857	645
857	662
857	720
857	735
857	759
857	848
857	866
857	871
857	932
857	934
857	937
857	951
857	953
857	955
857	956
857	966
857	971
858	292
858	498
858	529
858	532
858	560
858	562
858	580
858	676
858	692
858	714
858	724
858	759
858	766
858	777
858	796
858	815
858	825
858	841
858	856
858	912
858	946
858	949
858	963
858	964
858	967
858	992
859	432
859	448
859	458
859	489
859	513
859	566
859	567
859	608
859	612
859	624
859	631
859	656
859	664
859	678
859	684
859	722
859	738
859	758
859	770
859	816
859	838
859	889
859	926
859	968
859	993
860	105
860	476
860	496
860	577
860	593
860	623
860	657
860	674
860	682
860	743
860	745
860	746
860	747
860	781
860	876
860	897
860	900
860	911
860	944
860	945
860	971
860	997
861	472
861	600
861	627
861	639
861	671
861	712
861	717
861	725
861	727
861	728
861	732
861	744
861	763
861	803
861	808
861	819
861	820
861	844
861	849
861	887
861	889
861	892
861	946
861	952
861	986
862	482
862	493
862	515
862	533
862	622
862	624
862	636
862	647
862	697
862	716
862	729
862	730
862	748
862	767
862	780
862	798
862	799
862	822
862	846
862	848
862	852
862	875
862	922
862	964
862	973
862	974
862	995
862	996
862	998
863	217
863	279
863	442
863	615
863	670
863	685
863	723
863	726
863	729
863	732
863	759
863	804
863	816
863	818
863	821
863	839
863	864
863	911
863	920
863	927
863	937
863	943
863	948
864	217
864	336
864	384
864	494
864	509
864	670
864	685
864	723
864	726
864	786
864	810
864	839
864	863
864	878
864	904
864	920
864	927
864	948
864	953
864	972
864	974
864	975
865	225
865	360
865	362
865	363
865	388
865	395
865	396
865	439
865	484
865	602
865	621
865	650
865	657
865	719
865	781
865	796
865	805
865	809
865	817
865	881
865	886
865	932
865	950
865	957
865	970
865	975
865	982
866	142
866	485
866	524
866	544
866	561
866	615
866	624
866	697
866	712
866	720
866	791
866	827
866	831
866	833
866	836
866	855
866	857
866	871
866	879
866	951
866	956
866	971
866	993
867	89
867	585
867	606
867	622
867	682
867	695
867	730
867	737
867	757
867	766
867	799
867	812
867	822
867	832
867	851
867	869
867	875
867	914
867	918
867	921
867	933
867	962
867	986
867	995
868	321
868	343
868	394
868	694
868	726
868	746
868	811
868	813
868	826
868	830
868	833
868	880
868	894
868	909
868	932
868	935
868	937
868	939
868	941
868	951
868	963
868	967
868	980
868	990
869	172
869	269
869	300
869	356
869	475
869	491
869	618
869	638
869	696
869	737
869	768
869	799
869	803
869	811
869	819
869	820
869	852
869	867
869	885
869	886
869	907
869	921
869	930
869	938
869	958
869	962
869	974
870	47
870	320
870	448
870	454
870	508
870	567
870	581
870	608
870	622
870	656
870	662
870	680
870	738
870	739
870	754
870	758
870	814
870	816
870	823
870	882
870	914
870	926
870	928
870	952
870	962
870	968
870	993
871	347
871	368
871	399
871	405
871	426
871	479
871	485
871	498
871	524
871	583
871	601
871	675
871	720
871	735
871	829
871	831
871	846
871	857
871	866
871	916
871	920
871	951
871	956
871	957
871	963
872	13
872	227
872	324
872	371
872	482
872	560
872	582
872	586
872	589
872	600
872	622
872	641
872	665
872	696
872	810
872	845
872	850
872	881
872	907
872	916
872	921
872	961
872	962
872	971
872	980
872	997
873	320
873	517
873	620
873	633
873	648
873	679
873	687
873	708
873	729
873	739
873	762
873	772
873	791
873	804
873	826
873	832
873	848
873	853
873	878
873	913
873	918
873	925
873	948
873	966
873	977
873	980
873	991
873	992
873	998
874	212
874	234
874	350
874	410
874	480
874	525
874	649
874	667
874	715
874	794
874	835
874	846
874	847
874	884
874	895
874	899
874	919
874	931
874	937
874	942
874	963
874	965
874	980
874	983
875	260
875	326
875	342
875	429
875	474
875	486
875	499
875	532
875	554
875	621
875	622
875	624
875	677
875	702
875	707
875	721
875	737
875	760
875	799
875	804
875	822
875	854
875	862
875	867
875	885
875	886
875	921
875	938
875	974
875	995
875	999
876	337
876	341
876	354
876	393
876	473
876	502
876	507
876	593
876	600
876	602
876	619
876	631
876	657
876	702
876	730
876	742
876	746
876	788
876	792
876	860
876	883
876	900
876	911
876	931
876	951
876	963
876	997
877	17
877	296
877	424
877	462
877	521
877	591
877	614
877	617
877	633
877	642
877	646
877	650
877	653
877	663
877	739
877	743
877	770
877	783
877	793
877	809
877	850
877	879
877	928
877	948
877	949
877	961
877	981
877	989
878	336
878	412
878	505
878	566
878	591
878	626
878	633
878	655
878	674
878	706
878	772
878	789
878	791
878	842
878	848
878	864
878	873
878	913
878	917
878	918
878	977
878	983
878	988
878	991
878	992
878	1000
879	328
879	443
879	508
879	593
879	596
879	599
879	614
879	635
879	642
879	663
879	667
879	745
879	750
879	795
879	818
879	830
879	836
879	852
879	854
879	866
879	877
879	928
879	942
879	944
879	972
879	979
879	981
880	220
880	357
880	469
880	489
880	549
880	557
880	568
880	579
880	587
880	591
880	683
880	696
880	748
880	794
880	854
880	868
880	915
880	934
880	935
880	950
880	963
880	968
880	980
880	988
881	204
881	278
881	316
881	326
881	354
881	363
881	388
881	395
881	431
881	435
881	439
881	467
881	484
881	522
881	602
881	649
881	657
881	704
881	730
881	737
881	781
881	796
881	801
881	805
881	809
881	854
881	865
881	872
881	932
881	968
881	969
881	996
882	199
882	283
882	333
882	416
882	421
882	455
882	457
882	461
882	475
882	497
882	516
882	532
882	545
882	549
882	558
882	597
882	598
882	605
882	651
882	655
882	665
882	716
882	725
882	737
882	756
882	784
882	820
882	870
882	917
882	940
882	953
882	958
882	987
883	14
883	250
883	269
883	433
883	476
883	496
883	579
883	593
883	596
883	604
883	628
883	631
883	642
883	656
883	658
883	660
883	674
883	763
883	765
883	768
883	788
883	805
883	816
883	876
883	896
883	911
883	931
883	997
884	29
884	85
884	194
884	431
884	540
884	620
884	626
884	640
884	719
884	798
884	802
884	809
884	844
884	851
884	874
884	900
884	909
884	914
884	924
884	943
884	954
884	971
884	976
884	979
884	984
884	987
884	996
884	998
885	355
885	489
885	493
885	519
885	606
885	695
885	760
885	761
885	765
885	767
885	791
885	799
885	822
885	849
885	854
885	869
885	875
885	888
885	915
885	921
885	925
885	930
885	938
885	949
885	962
885	967
885	972
885	993
885	996
886	280
886	468
886	496
886	546
886	582
886	624
886	641
886	672
886	680
886	686
886	718
886	730
886	763
886	799
886	842
886	852
886	865
886	869
886	875
886	887
886	900
886	930
886	938
886	962
886	964
886	965
886	974
886	983
886	995
887	122
887	276
887	404
887	449
887	480
887	495
887	553
887	575
887	600
887	607
887	608
887	630
887	643
887	647
887	654
887	660
887	731
887	755
887	776
887	789
887	804
887	807
887	828
887	861
887	886
887	899
887	902
887	952
887	995
888	177
888	348
888	396
888	499
888	528
888	530
888	534
888	551
888	613
888	659
888	706
888	713
888	719
888	724
888	727
888	742
888	744
888	748
888	749
888	752
888	762
888	818
888	828
888	841
888	885
888	896
888	897
888	908
888	930
888	953
888	959
888	969
888	970
888	975
889	172
889	381
889	429
889	440
889	522
889	544
889	639
889	687
889	712
889	717
889	725
889	728
889	749
889	762
889	768
889	795
889	806
889	808
889	820
889	830
889	849
889	851
889	859
889	861
889	892
889	941
889	967
889	986
889	999
890	55
890	237
890	302
890	327
890	340
890	383
890	405
890	406
890	434
890	468
890	620
890	626
890	687
890	691
890	699
890	702
890	719
890	736
890	745
890	759
890	772
890	778
890	905
890	909
890	923
890	943
890	972
890	976
890	982
890	995
891	17
891	340
891	365
891	476
891	477
891	482
891	600
891	646
891	654
891	661
891	669
891	706
891	734
891	736
891	742
891	748
891	788
891	810
891	819
891	845
891	850
891	904
891	908
891	961
891	971
891	986
891	990
892	284
892	320
892	354
892	511
892	553
892	560
892	588
892	661
892	671
892	704
892	712
892	717
892	718
892	728
892	732
892	752
892	768
892	808
892	811
892	813
892	819
892	820
892	833
892	849
892	861
892	889
892	898
892	927
892	941
892	942
892	986
892	997
892	999
893	105
893	432
893	527
893	537
893	589
893	601
893	626
893	645
893	662
893	690
893	735
893	750
893	758
893	764
893	788
893	795
893	802
893	827
893	829
893	831
893	837
893	850
893	909
893	934
893	949
893	951
893	956
893	971
894	163
894	181
894	233
894	284
894	427
894	442
894	530
894	571
894	634
894	642
894	653
894	654
894	724
894	730
894	760
894	775
894	790
894	795
894	822
894	842
894	868
894	905
894	918
894	925
894	955
894	959
894	993
894	998
894	1000
895	3
895	109
895	267
895	276
895	308
895	313
895	325
895	342
895	374
895	451
895	465
895	477
895	503
895	519
895	539
895	572
895	594
895	610
895	681
895	727
895	773
895	815
895	823
895	840
895	874
895	919
895	922
895	944
895	978
895	995
895	998
896	102
896	305
896	394
896	476
896	507
896	583
896	593
896	619
896	660
896	674
896	682
896	688
896	698
896	712
896	746
896	751
896	756
896	788
896	803
896	805
896	822
896	883
896	888
896	911
896	913
896	914
896	931
896	937
896	958
896	973
896	997
897	277
897	279
897	284
897	406
897	422
897	502
897	510
897	528
897	547
897	568
897	592
897	613
897	658
897	659
897	683
897	691
897	713
897	717
897	733
897	734
897	738
897	744
897	748
897	818
897	852
897	860
897	888
897	901
897	910
897	926
897	946
897	954
897	969
897	984
898	83
898	209
898	328
898	350
898	359
898	383
898	405
898	479
898	508
898	564
898	625
898	640
898	665
898	675
898	678
898	710
898	720
898	770
898	824
898	892
898	914
898	926
898	933
898	940
898	943
898	950
898	960
898	975
898	998
899	76
899	140
899	285
899	299
899	475
899	481
899	486
899	505
899	507
899	541
899	547
899	576
899	597
899	642
899	649
899	676
899	689
899	693
899	768
899	804
899	853
899	874
899	887
899	903
899	906
899	939
899	946
899	947
899	966
899	989
900	218
900	301
900	303
900	372
900	386
900	476
900	496
900	497
900	551
900	568
900	577
900	593
900	660
900	683
900	746
900	751
900	766
900	832
900	843
900	844
900	860
900	876
900	884
900	886
900	931
900	933
900	945
900	964
900	997
900	998
901	57
901	271
901	278
901	345
901	394
901	406
901	444
901	463
901	517
901	525
901	534
901	551
901	613
901	629
901	652
901	658
901	670
901	690
901	691
901	695
901	698
901	713
901	742
901	758
901	897
901	902
901	949
901	969
901	970
901	989
901	991
901	996
902	264
902	481
902	514
902	532
902	575
902	594
902	599
902	630
902	643
902	650
902	655
902	684
902	726
902	731
902	755
902	769
902	776
902	789
902	807
902	825
902	826
902	828
902	887
902	901
902	939
902	945
902	952
902	953
902	960
902	961
903	160
903	290
903	299
903	310
903	388
903	400
903	418
903	428
903	481
903	515
903	516
903	520
903	528
903	531
903	560
903	633
903	672
903	676
903	693
903	757
903	799
903	853
903	899
903	906
903	936
903	946
903	947
903	951
903	966
903	972
903	989
903	990
903	996
904	105
904	185
904	196
904	239
904	280
904	356
904	365
904	371
904	409
904	444
904	459
904	483
904	500
904	573
904	589
904	637
904	641
904	654
904	669
904	674
904	686
904	693
904	734
904	810
904	824
904	850
904	864
904	891
904	907
904	916
904	936
904	942
904	950
904	952
904	961
904	989
905	327
905	434
905	449
905	464
905	487
905	488
905	492
905	500
905	590
905	630
905	661
905	681
905	687
905	699
905	710
905	724
905	731
905	742
905	762
905	781
905	796
905	813
905	818
905	850
905	890
905	894
905	908
905	934
905	957
905	976
905	982
905	993
906	39
906	168
906	193
906	296
906	306
906	402
906	494
906	520
906	549
906	553
906	557
906	604
906	635
906	643
906	647
906	672
906	729
906	731
906	793
906	795
906	814
906	853
906	899
906	903
906	916
906	921
906	934
906	936
906	946
906	950
906	961
906	989
907	3
907	123
907	124
907	134
907	201
907	208
907	287
907	375
907	380
907	452
907	533
907	554
907	558
907	582
907	589
907	637
907	646
907	652
907	661
907	667
907	669
907	697
907	703
907	734
907	805
907	823
907	829
907	869
907	872
907	904
907	916
907	961
908	123
908	227
908	239
908	294
908	332
908	498
908	524
908	557
908	565
908	588
908	668
908	699
908	724
908	727
908	736
908	744
908	762
908	763
908	773
908	778
908	800
908	806
908	813
908	814
908	888
908	891
908	905
908	909
908	928
908	943
908	959
908	971
908	973
908	995
909	27
909	253
909	281
909	327
909	382
909	434
909	492
909	501
909	546
909	584
909	603
909	629
909	668
909	687
909	695
909	702
909	724
909	736
909	749
909	762
909	763
909	778
909	868
909	884
909	890
909	893
909	908
909	915
909	922
909	943
909	957
909	967
909	976
909	981
910	49
910	396
910	415
910	463
910	499
910	502
910	517
910	525
910	528
910	530
910	551
910	578
910	588
910	593
910	632
910	652
910	656
910	684
910	688
910	713
910	719
910	739
910	740
910	742
910	752
910	780
910	810
910	897
910	945
910	948
910	965
910	969
910	970
910	984
910	998
911	102
911	208
911	325
911	346
911	372
911	379
911	394
911	464
911	466
911	476
911	507
911	541
911	631
911	637
911	660
911	746
911	776
911	786
911	788
911	832
911	855
911	860
911	863
911	876
911	883
911	896
911	931
911	951
911	963
911	977
911	997
912	54
912	190
912	269
912	290
912	299
912	317
912	380
912	384
912	411
912	424
912	436
912	503
912	512
912	546
912	559
912	560
912	563
912	593
912	604
912	634
912	666
912	734
912	766
912	788
912	796
912	799
912	825
912	841
912	856
912	858
912	914
912	923
912	936
912	967
912	980
913	60
913	64
913	203
913	358
913	379
913	505
913	570
913	633
913	637
913	649
913	655
913	693
913	704
913	751
913	772
913	791
913	804
913	812
913	825
913	832
913	848
913	851
913	873
913	878
913	896
913	918
913	928
913	947
913	977
913	991
913	992
914	169
914	236
914	393
914	446
914	520
914	566
914	574
914	616
914	625
914	659
914	666
914	674
914	675
914	678
914	710
914	735
914	794
914	867
914	870
914	884
914	896
914	898
914	912
914	940
914	950
914	951
914	960
914	975
914	989
914	996
914	999
915	271
915	423
915	481
915	483
915	545
915	568
915	573
915	612
915	655
915	666
915	694
915	704
915	712
915	748
915	777
915	808
915	830
915	833
915	839
915	850
915	880
915	885
915	909
915	939
915	963
915	980
915	984
915	985
915	990
915	992
916	107
916	117
916	132
916	190
916	356
916	443
916	459
916	478
916	533
916	537
916	548
916	565
916	583
916	599
916	621
916	625
916	641
916	645
916	646
916	654
916	667
916	669
916	686
916	687
916	734
916	782
916	831
916	850
916	871
916	872
916	904
916	906
916	907
916	961
916	985
917	101
917	170
917	258
917	293
917	416
917	455
917	478
917	490
917	497
917	545
917	580
917	597
917	605
917	617
917	631
917	633
917	651
917	665
917	707
917	716
917	725
917	757
917	824
917	831
917	839
917	856
917	878
917	882
917	921
917	958
917	979
917	984
917	987
917	1000
918	178
918	319
918	417
918	422
918	429
918	505
918	578
918	615
918	643
918	655
918	662
918	671
918	683
918	707
918	708
918	732
918	769
918	791
918	804
918	848
918	867
918	873
918	878
918	894
918	913
918	934
918	956
918	977
918	984
918	991
918	992
919	122
919	212
919	323
919	330
919	375
919	403
919	421
919	473
919	474
919	501
919	519
919	525
919	550
919	572
919	590
919	608
919	624
919	673
919	693
919	715
919	761
919	764
919	782
919	847
919	874
919	895
919	936
919	942
919	944
919	949
919	965
919	998
920	217
920	308
920	314
920	336
920	337
920	390
920	399
920	458
920	541
920	546
920	668
920	670
920	681
920	682
920	685
920	707
920	708
920	723
920	726
920	731
920	778
920	780
920	833
920	863
920	864
920	871
920	923
920	927
920	947
920	948
920	949
920	982
921	187
921	335
921	353
921	355
921	489
921	490
921	493
921	539
921	550
921	640
921	647
921	650
921	673
921	680
921	695
921	730
921	741
921	760
921	783
921	813
921	822
921	831
921	835
921	852
921	867
921	869
921	872
921	875
921	885
921	906
921	917
921	941
921	964
921	982
921	995
921	998
922	142
922	210
922	216
922	254
922	267
922	301
922	451
922	459
922	463
922	477
922	518
922	519
922	539
922	558
922	563
922	572
922	639
922	664
922	681
922	696
922	700
922	718
922	720
922	756
922	796
922	815
922	841
922	862
922	895
922	909
922	948
922	978
922	980
922	991
922	994
922	1000
923	70
923	241
923	343
923	492
923	519
923	563
923	611
923	668
923	689
923	702
923	727
923	736
923	738
923	744
923	762
923	778
923	818
923	840
923	890
923	912
923	920
923	934
923	940
923	943
923	948
923	949
923	950
923	973
923	976
923	982
923	985
923	988
924	24
924	311
924	390
924	391
924	431
924	527
924	554
924	599
924	620
924	626
924	627
924	628
924	671
924	702
924	717
924	719
924	740
924	743
924	764
924	797
924	807
924	824
924	834
924	844
924	846
924	884
924	936
924	972
924	974
924	979
924	984
924	992
924	996
924	998
925	103
925	163
925	181
925	233
925	300
925	314
925	331
925	374
925	377
925	379
925	426
925	442
925	474
925	547
925	587
925	645
925	662
925	671
925	747
925	787
925	795
925	842
925	855
925	873
925	885
925	894
925	932
925	950
925	954
925	955
925	980
925	1000
926	207
926	232
926	317
926	324
926	384
926	396
926	406
926	422
926	502
926	510
926	517
926	544
926	578
926	586
926	625
926	658
926	659
926	688
926	691
926	700
926	706
926	742
926	746
926	760
926	777
926	788
926	818
926	829
926	859
926	870
926	897
926	898
926	938
926	942
926	949
926	964
926	969
926	983
927	191
927	314
927	321
927	337
927	385
927	390
927	399
927	418
927	435
927	458
927	495
927	582
927	615
927	660
927	670
927	685
927	690
927	712
927	726
927	740
927	819
927	824
927	825
927	829
927	839
927	863
927	864
927	892
927	920
927	941
927	948
927	956
927	968
928	55
928	132
928	148
928	237
928	279
928	292
928	364
928	393
928	399
928	404
928	466
928	471
928	491
928	532
928	537
928	571
928	592
928	595
928	642
928	685
928	705
928	762
928	783
928	793
928	820
928	836
928	837
928	870
928	877
928	879
928	908
928	913
928	932
928	942
928	944
928	958
928	973
929	2
929	13
929	46
929	65
929	99
929	115
929	155
929	175
929	213
929	218
929	265
929	332
929	352
929	389
929	407
929	438
929	452
929	512
929	535
929	563
929	572
929	576
929	583
929	604
929	632
929	689
929	733
929	755
929	786
929	800
929	801
929	812
929	821
929	834
929	947
929	950
929	954
929	985
930	74
930	79
930	139
930	188
930	291
930	314
930	317
930	331
930	374
930	392
930	413
930	489
930	564
930	624
930	647
930	651
930	692
930	695
930	730
930	753
930	767
930	788
930	799
930	838
930	839
930	852
930	869
930	885
930	886
930	888
930	939
930	964
930	986
930	995
931	25
931	102
931	110
931	202
931	206
931	301
931	303
931	394
931	443
931	464
931	497
931	523
931	565
931	573
931	577
931	586
931	590
931	593
931	619
931	623
931	655
931	682
931	717
931	740
931	746
931	751
931	770
931	843
931	874
931	876
931	883
931	896
931	900
931	911
931	986
931	989
931	996
932	106
932	150
932	242
932	252
932	360
932	362
932	363
932	388
932	395
932	407
932	413
932	435
932	457
932	460
932	468
932	484
932	595
932	602
932	631
932	653
932	654
932	670
932	680
932	691
932	700
932	704
932	717
932	781
932	801
932	805
932	854
932	857
932	865
932	868
932	881
932	925
932	928
932	966
933	127
933	226
933	266
933	274
933	298
933	377
933	395
933	446
933	447
933	498
933	511
933	527
933	534
933	566
933	574
933	596
933	616
933	625
933	671
933	678
933	710
933	716
933	767
933	770
933	801
933	822
933	824
933	867
933	898
933	900
933	940
933	950
933	960
933	975
933	983
934	302
934	453
934	472
934	601
934	633
934	637
934	645
934	665
934	720
934	733
934	796
934	805
934	827
934	829
934	831
934	839
934	843
934	847
934	857
934	880
934	893
934	905
934	906
934	918
934	923
934	949
934	951
934	956
934	971
935	126
935	183
935	276
935	295
935	364
935	401
935	461
935	478
935	492
935	495
935	501
935	556
935	568
935	573
935	584
935	626
935	646
935	659
935	668
935	736
935	767
935	790
935	806
935	811
935	830
935	843
935	855
935	868
935	880
935	937
935	939
935	968
935	988
935	990
935	992
936	76
936	511
936	549
936	552
936	615
936	620
936	648
936	676
936	693
936	720
936	729
936	741
936	783
936	810
936	814
936	849
936	853
936	903
936	904
936	906
936	912
936	919
936	924
936	945
936	946
936	947
936	964
936	966
936	978
936	982
936	989
937	14
937	148
937	214
937	276
937	282
937	291
937	466
937	483
937	493
937	500
937	523
937	531
937	587
937	639
937	692
937	695
937	719
937	748
937	777
937	779
937	811
937	823
937	830
937	833
937	857
937	863
937	868
937	874
937	896
937	935
937	944
937	963
937	990
938	87
938	134
938	235
938	353
938	371
938	389
938	453
938	460
938	484
938	509
938	537
938	550
938	553
938	557
938	606
938	624
938	680
938	695
938	715
938	731
938	752
938	760
938	773
938	852
938	869
938	875
938	885
938	886
938	926
938	940
938	944
938	952
938	962
938	964
938	974
938	995
939	142
939	180
939	271
939	295
939	318
939	328
939	357
939	539
939	564
939	568
939	583
939	584
939	586
939	645
939	671
939	675
939	678
939	694
939	745
939	748
939	757
939	777
939	779
939	830
939	843
939	868
939	899
939	902
939	915
939	930
939	935
939	947
939	982
939	983
939	988
939	990
940	377
940	446
940	447
940	538
940	548
940	574
940	577
940	611
940	616
940	625
940	646
940	675
940	678
940	684
940	693
940	754
940	770
940	777
940	780
940	806
940	824
940	882
940	898
940	914
940	923
940	933
940	938
940	960
940	973
940	975
940	977
940	978
940	990
941	8
941	131
941	171
941	193
941	240
941	256
941	262
941	332
941	378
941	381
941	382
941	433
941	447
941	454
941	490
941	493
941	499
941	501
941	555
941	639
941	671
941	705
941	712
941	718
941	728
941	768
941	819
941	820
941	849
941	868
941	889
941	892
941	921
941	927
941	955
941	975
941	985
941	986
941	999
942	28
942	98
942	101
942	123
942	158
942	187
942	234
942	298
942	323
942	372
942	410
942	425
942	428
942	445
942	474
942	513
942	585
942	697
942	715
942	725
942	750
942	761
942	764
942	770
942	782
942	796
942	810
942	812
942	834
942	847
942	874
942	879
942	892
942	904
942	919
942	926
942	928
942	965
942	966
943	198
943	241
943	273
943	383
943	434
943	462
943	492
943	500
943	590
943	629
943	654
943	691
943	699
943	736
943	742
943	763
943	789
943	809
943	812
943	813
943	839
943	863
943	884
943	890
943	898
943	908
943	909
943	923
943	952
943	957
943	973
943	976
943	978
943	982
943	988
943	998
944	41
944	63
944	200
944	230
944	279
944	334
944	440
944	462
944	466
944	491
944	537
944	571
944	573
944	596
944	608
944	614
944	631
944	663
944	679
944	705
944	739
944	745
944	769
944	783
944	794
944	836
944	860
944	879
944	895
944	919
944	928
944	937
944	938
944	960
944	974
944	981
944	984
945	46
945	85
945	99
945	106
945	115
945	140
945	155
945	175
945	249
945	265
945	332
945	352
945	359
945	378
945	389
945	402
945	405
945	407
945	425
945	597
945	604
945	642
945	675
945	689
945	700
945	705
945	733
945	750
945	782
945	792
945	798
945	800
945	801
945	821
945	860
945	900
945	902
945	910
945	936
945	946
945	970
946	109
946	182
946	259
946	272
946	296
946	306
946	310
946	318
946	325
946	402
946	489
946	493
946	501
946	515
946	520
946	541
946	567
946	617
946	648
946	661
946	664
946	676
946	693
946	708
946	729
946	810
946	814
946	831
946	858
946	861
946	897
946	899
946	903
946	906
946	936
946	945
946	947
946	960
946	989
946	1000
947	39
947	296
947	378
947	402
947	427
947	437
947	450
947	486
947	508
947	511
947	541
947	548
947	634
947	648
947	668
947	672
947	676
947	726
947	729
947	793
947	808
947	842
947	853
947	899
947	903
947	913
947	920
947	929
947	936
947	939
947	946
947	951
947	961
947	966
947	989
947	992
948	203
948	217
948	314
948	336
948	337
948	390
948	399
948	418
948	458
948	477
948	504
948	554
948	615
948	633
948	634
948	653
948	670
948	685
948	711
948	723
948	726
948	766
948	781
948	794
948	806
948	807
948	830
948	833
948	839
948	863
948	864
948	873
948	877
948	910
948	920
948	922
948	923
948	927
949	138
949	190
949	247
949	260
949	299
949	431
949	436
949	444
949	512
949	531
949	546
949	559
949	560
949	571
949	577
949	580
949	582
949	692
949	746
949	749
949	766
949	796
949	803
949	825
949	841
949	856
949	858
949	877
949	885
949	893
949	901
949	919
949	920
949	923
949	926
949	934
949	953
949	967
949	990
950	125
950	177
950	193
950	236
950	289
950	290
950	334
950	377
950	422
950	521
950	526
950	538
950	553
950	566
950	574
950	616
950	630
950	675
950	678
950	710
950	744
950	770
950	777
950	784
950	795
950	824
950	865
950	880
950	898
950	904
950	906
950	914
950	923
950	925
950	929
950	933
950	960
950	975
950	981
950	987
951	50
951	114
951	146
951	165
951	170
951	176
951	302
951	356
951	394
951	422
951	479
951	527
951	529
951	601
951	645
951	662
951	678
951	720
951	735
951	769
951	807
951	827
951	829
951	857
951	866
951	868
951	871
951	876
951	893
951	903
951	911
951	914
951	934
951	947
951	956
951	957
951	969
951	1000
952	112
952	128
952	199
952	215
952	348
952	362
952	391
952	397
952	398
952	404
952	488
952	497
952	514
952	575
952	594
952	595
952	599
952	609
952	620
952	625
952	636
952	643
952	696
952	731
952	755
952	776
952	784
952	789
952	799
952	807
952	861
952	870
952	887
952	902
952	904
952	938
952	943
952	960
952	964
952	975
953	88
953	227
953	269
953	275
953	343
953	344
953	414
953	421
953	475
953	552
953	571
953	579
953	583
953	628
953	644
953	652
953	653
953	677
953	678
953	698
953	707
953	721
953	732
953	797
953	825
953	828
953	837
953	848
953	856
953	857
953	864
953	882
953	888
953	902
953	949
953	959
953	981
953	985
953	994
954	87
954	186
954	216
954	284
954	322
954	369
954	376
954	453
954	470
954	547
954	569
954	579
954	614
954	664
954	684
954	686
954	714
954	729
954	747
954	771
954	775
954	790
954	792
954	795
954	816
954	838
954	842
954	843
954	855
954	884
954	897
954	925
954	929
954	955
954	963
954	980
954	1000
955	103
955	107
955	163
955	219
955	328
955	374
955	398
955	404
955	407
955	426
955	427
955	456
955	503
955	536
955	555
955	569
955	584
955	632
955	633
955	634
955	658
955	672
955	673
955	684
955	720
955	767
955	771
955	775
955	790
955	795
955	798
955	815
955	857
955	894
955	925
955	941
955	954
955	973
955	1000
956	40
956	146
956	202
956	303
956	316
956	338
956	387
956	432
956	444
956	479
956	485
956	518
956	524
956	527
956	544
956	555
956	595
956	622
956	632
956	641
956	661
956	662
956	667
956	711
956	735
956	745
956	829
956	857
956	866
956	871
956	893
956	918
956	927
956	934
956	951
956	958
956	971
956	998
957	40
957	67
957	82
957	84
957	163
957	167
957	194
957	268
957	346
957	349
957	360
957	374
957	498
957	500
957	517
957	550
957	577
957	590
957	662
957	702
957	727
957	736
957	739
957	744
957	749
957	762
957	763
957	773
957	778
957	780
957	813
957	856
957	865
957	871
957	905
957	909
957	943
957	951
957	978
957	986
958	44
958	101
958	161
958	192
958	197
958	250
958	258
958	281
958	282
958	293
958	316
958	318
958	369
958	455
958	457
958	461
958	478
958	497
958	499
958	522
958	532
958	545
958	605
958	651
958	665
958	716
958	725
958	740
958	758
958	771
958	827
958	838
958	842
958	845
958	869
958	882
958	896
958	917
958	928
958	956
958	965
958	987
958	991
959	27
959	53
959	113
959	259
959	269
959	275
959	343
959	344
959	347
959	445
959	465
959	469
959	475
959	512
959	552
959	579
959	618
959	652
959	653
959	658
959	690
959	698
959	707
959	710
959	716
959	721
959	732
959	767
959	797
959	811
959	837
959	888
959	894
959	908
959	953
959	966
959	980
959	985
959	990
959	999
960	43
960	96
960	125
960	151
960	169
960	175
960	236
960	238
960	261
960	290
960	377
960	400
960	447
960	534
960	538
960	560
960	562
960	566
960	574
960	585
960	625
960	638
960	649
960	675
960	771
960	799
960	824
960	840
960	842
960	844
960	898
960	902
960	914
960	933
960	940
960	944
960	946
960	950
960	952
960	975
960	982
960	992
961	86
961	120
961	122
961	150
961	179
961	280
961	356
961	373
961	375
961	405
961	407
961	418
961	493
961	506
961	533
961	589
961	600
961	602
961	637
961	661
961	669
961	677
961	700
961	739
961	764
961	785
961	795
961	810
961	832
961	845
961	850
961	872
961	877
961	891
961	902
961	904
961	906
961	907
961	916
961	947
961	962
961	969
961	976
962	106
962	130
962	234
962	239
962	329
962	348
962	349
962	353
962	433
962	469
962	482
962	550
962	553
962	557
962	564
962	568
962	580
962	584
962	606
962	646
962	673
962	680
962	690
962	695
962	725
962	730
962	757
962	760
962	799
962	822
962	854
962	855
962	867
962	869
962	870
962	872
962	885
962	886
962	938
962	961
962	964
962	974
962	989
963	214
963	271
963	275
963	291
963	295
963	296
963	317
963	401
963	423
963	443
963	493
963	523
963	537
963	540
963	584
963	586
963	602
963	614
963	619
963	648
963	676
963	692
963	728
963	779
963	801
963	806
963	811
963	820
963	833
963	858
963	868
963	871
963	874
963	876
963	880
963	911
963	915
963	937
963	954
963	970
963	980
963	983
963	988
963	990
964	77
964	187
964	257
964	266
964	286
964	292
964	339
964	353
964	355
964	391
964	462
964	493
964	494
964	520
964	528
964	550
964	553
964	557
964	622
964	647
964	654
964	674
964	680
964	730
964	735
964	745
964	767
964	813
964	837
964	852
964	858
964	862
964	886
964	900
964	921
964	926
964	930
964	936
964	938
964	952
964	962
964	980
964	995
965	41
965	67
965	158
965	162
965	182
965	196
965	212
965	230
965	298
965	330
965	333
965	350
965	360
965	371
965	398
965	401
965	403
965	410
965	425
965	445
965	456
965	474
965	525
965	531
965	552
965	576
965	585
965	589
965	700
965	715
965	754
965	761
965	782
965	792
965	835
965	847
965	874
965	886
965	910
965	919
965	942
965	958
965	979
965	1000
966	85
966	131
966	210
966	272
966	306
966	309
966	436
966	450
966	481
966	494
966	511
966	515
966	524
966	540
966	549
966	568
966	640
966	648
966	672
966	696
966	708
966	721
966	729
966	785
966	789
966	802
966	814
966	816
966	819
966	853
966	857
966	873
966	899
966	903
966	932
966	936
966	942
966	947
966	959
966	976
966	989
967	27
967	103
967	109
967	120
967	138
967	185
967	234
967	245
967	247
967	260
967	283
967	289
967	303
967	330
967	353
967	384
967	390
967	392
967	457
967	521
967	546
967	559
967	576
967	610
967	659
967	666
967	688
967	692
967	742
967	759
967	766
967	786
967	796
967	803
967	825
967	841
967	858
967	868
967	885
967	889
967	909
967	912
967	949
967	981
967	988
968	40
968	58
968	71
968	78
968	140
968	178
968	188
968	229
968	256
968	300
968	320
968	334
968	431
968	436
968	448
968	485
968	513
968	514
968	581
968	608
968	635
968	696
968	703
968	738
968	758
968	771
968	778
968	787
968	794
968	808
968	816
968	823
968	838
968	859
968	870
968	880
968	881
968	927
968	935
968	976
968	983
968	993
969	78
969	115
969	174
969	177
969	207
969	232
969	248
969	257
969	270
969	297
969	307
969	332
969	345
969	368
969	400
969	463
969	501
969	502
969	510
969	517
969	586
969	588
969	592
969	597
969	632
969	658
969	690
969	696
969	706
969	713
969	780
969	808
969	810
969	818
969	838
969	881
969	888
969	897
969	901
969	910
969	926
969	951
969	961
969	970
969	979
969	989
970	4
970	72
970	73
970	79
970	165
970	205
970	232
970	237
970	268
970	270
970	287
970	477
970	502
970	510
970	551
970	557
970	571
970	578
970	586
970	603
970	613
970	632
970	659
970	669
970	685
970	690
970	706
970	717
970	735
970	739
970	752
970	753
970	780
970	795
970	800
970	818
970	831
970	836
970	865
970	888
970	901
970	910
970	945
970	963
970	969
970	974
971	114
971	116
971	180
971	310
971	316
971	326
971	329
971	339
971	416
971	432
971	441
971	479
971	485
971	527
971	549
971	575
971	601
971	648
971	662
971	720
971	728
971	733
971	735
971	739
971	746
971	748
971	756
971	776
971	781
971	827
971	829
971	831
971	857
971	860
971	866
971	872
971	884
971	891
971	893
971	908
971	934
971	956
971	997
971	999
972	34
972	104
972	129
972	135
972	294
972	312
972	349
972	353
972	413
972	419
972	431
972	438
972	462
972	479
972	506
972	540
972	595
972	620
972	627
972	683
972	719
972	732
972	740
972	743
972	760
972	761
972	795
972	811
972	844
972	851
972	864
972	879
972	885
972	890
972	903
972	924
972	975
972	979
972	984
972	987
972	994
972	996
972	998
973	121
973	145
973	158
973	194
973	204
973	242
973	274
973	296
973	346
973	359
973	367
973	374
973	397
973	427
973	475
973	492
973	498
973	514
973	569
973	587
973	602
973	681
973	699
973	724
973	727
973	736
973	744
973	770
973	774
973	777
973	778
973	788
973	813
973	821
973	862
973	896
973	908
973	923
973	928
973	940
973	943
973	955
973	976
973	982
974	86
974	220
974	239
974	244
974	248
974	266
974	355
974	361
974	379
974	382
974	413
974	428
974	439
974	489
974	542
974	549
974	557
974	564
974	608
974	622
974	626
974	668
974	695
974	713
974	730
974	734
974	735
974	737
974	757
974	760
974	767
974	779
974	799
974	822
974	832
974	862
974	864
974	869
974	875
974	886
974	924
974	938
974	944
974	962
974	970
974	995
975	96
975	125
975	126
975	151
975	169
975	192
975	193
975	261
975	290
975	299
975	377
975	386
975	391
975	446
975	475
975	497
975	532
975	538
975	566
975	616
975	651
975	675
975	678
975	679
975	710
975	770
975	771
975	774
975	779
975	824
975	825
975	828
975	841
975	864
975	865
975	888
975	898
975	914
975	933
975	940
975	941
975	950
975	952
975	960
975	972
975	979
976	48
976	167
976	209
976	267
976	273
976	294
976	327
976	346
976	374
976	399
976	405
976	467
976	498
976	569
976	603
976	613
976	641
976	647
976	668
976	691
976	699
976	702
976	724
976	744
976	766
976	768
976	773
976	813
976	837
976	839
976	884
976	890
976	905
976	909
976	923
976	943
976	961
976	966
976	968
976	973
976	982
976	985
976	991
976	993
977	38
977	92
977	131
977	213
977	237
977	246
977	280
977	349
977	367
977	370
977	379
977	408
977	431
977	449
977	459
977	562
977	618
977	633
977	639
977	655
977	685
977	687
977	708
977	722
977	772
977	775
977	791
977	804
977	818
977	826
977	832
977	834
977	846
977	848
977	851
977	873
977	878
977	911
977	913
977	918
977	940
977	982
977	988
977	991
977	992
978	12
978	61
978	67
978	96
978	119
978	136
978	172
978	253
978	262
978	298
978	311
978	337
978	342
978	377
978	383
978	423
978	452
978	466
978	489
978	495
978	503
978	518
978	519
978	528
978	539
978	591
978	601
978	640
978	664
978	681
978	696
978	714
978	756
978	773
978	794
978	802
978	816
978	840
978	895
978	922
978	936
978	940
978	943
978	957
978	985
978	987
978	994
979	29
979	58
979	85
979	97
979	147
979	154
979	185
979	213
979	246
979	247
979	265
979	293
979	307
979	326
979	408
979	429
979	431
979	438
979	467
979	540
979	568
979	576
979	620
979	626
979	683
979	691
979	697
979	740
979	743
979	844
979	851
979	854
979	879
979	884
979	917
979	924
979	965
979	969
979	972
979	975
979	984
979	985
979	994
979	996
979	1000
980	10
980	87
980	94
980	98
980	176
980	236
980	255
980	306
980	320
980	357
980	401
980	423
980	469
980	523
980	556
980	568
980	584
980	587
980	634
980	694
980	701
980	702
980	722
980	755
980	765
980	777
980	811
980	814
980	817
980	833
980	840
980	852
980	868
980	872
980	873
980	874
980	880
980	912
980	915
980	922
980	925
980	954
980	959
980	963
980	964
980	988
980	990
981	127
981	164
981	195
981	220
981	228
981	235
981	250
981	267
981	281
981	285
981	305
981	319
981	347
981	368
981	393
981	440
981	453
981	462
981	474
981	484
981	491
981	508
981	537
981	571
981	591
981	624
981	635
981	656
981	684
981	702
981	703
981	705
981	745
981	758
981	783
981	789
981	793
981	798
981	824
981	836
981	877
981	879
981	909
981	944
981	950
981	953
981	967
981	984
982	48
982	84
982	133
982	153
982	241
982	242
982	274
982	294
982	344
982	374
982	418
982	453
982	496
982	500
982	535
982	568
982	584
982	590
982	615
982	617
982	641
982	687
982	702
982	724
982	727
982	736
982	744
982	747
982	762
982	781
982	813
982	815
982	865
982	890
982	905
982	920
982	921
982	923
982	936
982	939
982	943
982	960
982	973
982	976
982	977
983	10
983	17
983	75
983	81
983	176
983	179
983	255
983	280
983	325
983	357
983	401
983	411
983	423
983	483
983	523
983	530
983	568
983	587
983	594
983	748
983	750
983	759
983	777
983	779
983	795
983	796
983	798
983	803
983	806
983	811
983	831
983	833
983	845
983	874
983	878
983	886
983	926
983	933
983	939
983	963
983	968
983	988
983	991
983	995
984	34
984	147
984	209
984	350
984	363
984	426
984	437
984	467
984	507
984	526
984	540
984	544
984	550
984	554
984	576
984	580
984	592
984	598
984	620
984	627
984	628
984	649
984	683
984	714
984	719
984	723
984	740
984	743
984	844
984	851
984	884
984	897
984	910
984	915
984	917
984	918
984	924
984	944
984	972
984	979
984	981
984	996
984	998
985	32
985	53
985	88
985	99
985	269
985	275
985	343
985	344
985	347
985	414
985	461
985	475
985	481
985	552
985	579
985	606
985	618
985	628
985	652
985	653
985	668
985	698
985	707
985	721
985	732
985	738
985	742
985	751
985	773
985	793
985	797
985	819
985	837
985	915
985	916
985	923
985	929
985	941
985	953
985	959
985	976
985	978
985	979
985	994
986	21
986	130
986	151
986	157
986	184
986	338
986	342
986	369
986	378
986	382
986	429
986	454
986	490
986	501
986	504
986	505
986	551
986	557
986	639
986	671
986	709
986	712
986	717
986	718
986	728
986	734
986	741
986	749
986	755
986	759
986	771
986	808
986	819
986	820
986	841
986	849
986	861
986	867
986	889
986	891
986	892
986	930
986	931
986	941
986	957
986	999
986	1000
987	16
987	44
987	83
987	84
987	91
987	101
987	118
987	127
987	170
987	192
987	197
987	199
987	258
987	268
987	282
987	293
987	319
987	388
987	416
987	437
987	455
987	461
987	497
987	532
987	538
987	545
987	597
987	605
987	619
987	637
987	651
987	665
987	682
987	716
987	725
987	761
987	771
987	772
987	789
987	795
987	827
987	848
987	882
987	884
987	917
987	950
987	958
987	972
987	978
988	26
988	58
988	77
988	81
988	179
988	208
988	226
988	236
988	271
988	291
988	397
988	400
988	423
988	469
988	483
988	502
988	556
988	573
988	586
988	587
988	589
988	600
988	694
988	699
988	728
988	732
988	747
988	748
988	755
988	780
988	806
988	833
988	845
988	878
988	880
988	923
988	935
988	939
988	943
988	963
988	967
988	977
988	980
988	983
988	990
988	998
988	1000
989	7
989	35
989	109
989	131
989	155
989	179
989	210
989	226
989	241
989	309
989	327
989	347
989	372
989	450
989	481
989	486
989	494
989	515
989	541
989	565
989	572
989	599
989	648
989	676
989	729
989	730
989	764
989	770
989	799
989	814
989	821
989	836
989	853
989	877
989	899
989	901
989	903
989	904
989	906
989	914
989	931
989	936
989	946
989	947
989	962
989	966
989	969
990	26
990	75
990	143
990	199
990	255
990	264
990	284
990	325
990	333
990	338
990	402
990	445
990	491
990	496
990	514
990	521
990	556
990	584
990	586
990	588
990	659
990	707
990	777
990	783
990	806
990	811
990	833
990	848
990	853
990	868
990	891
990	903
990	915
990	935
990	937
990	939
990	940
990	949
990	959
990	963
990	980
990	988
991	82
991	111
991	117
991	178
991	219
991	246
991	254
991	260
991	314
991	319
991	330
991	341
991	349
991	351
991	367
991	403
991	412
991	419
991	449
991	497
991	505
991	562
991	593
991	598
991	611
991	627
991	655
991	691
991	708
991	730
991	772
991	774
991	791
991	804
991	832
991	848
991	873
991	878
991	901
991	913
991	918
991	922
991	958
991	976
991	977
991	983
991	992
991	998
992	16
992	30
992	100
992	116
992	244
992	245
992	246
992	257
992	309
992	319
992	341
992	349
992	367
992	370
992	379
992	409
992	435
992	445
992	449
992	505
992	537
992	562
992	578
992	598
992	633
992	655
992	695
992	702
992	747
992	772
992	776
992	804
992	823
992	825
992	826
992	832
992	848
992	858
992	873
992	878
992	913
992	915
992	918
992	924
992	935
992	947
992	960
992	977
992	991
993	30
993	44
993	47
993	50
993	58
993	64
993	149
993	166
993	201
993	214
993	229
993	246
993	251
993	256
993	300
993	320
993	398
993	448
993	458
993	511
993	513
993	534
993	567
993	581
993	593
993	608
993	612
993	648
993	703
993	717
993	738
993	746
993	758
993	800
993	815
993	823
993	838
993	845
993	859
993	866
993	870
993	885
993	894
993	905
993	968
993	976
993	999
994	14
994	24
994	43
994	111
994	161
994	164
994	216
994	223
994	243
994	253
994	258
994	259
994	262
994	267
994	286
994	288
994	302
994	342
994	383
994	451
994	478
994	518
994	535
994	588
994	615
994	625
994	664
994	670
994	696
994	736
994	749
994	764
994	773
994	775
994	782
994	794
994	801
994	802
994	815
994	834
994	848
994	922
994	953
994	972
994	978
994	979
994	985
995	104
995	115
995	139
995	215
995	235
995	247
995	277
995	292
995	335
995	348
995	378
995	442
995	489
995	499
995	537
995	553
995	558
995	564
995	594
995	606
995	622
995	630
995	647
995	700
995	713
995	735
995	737
995	757
995	799
995	803
995	822
995	839
995	850
995	862
995	867
995	875
995	886
995	887
995	890
995	895
995	908
995	921
995	930
995	938
995	964
995	974
995	983
996	90
996	121
996	129
996	135
996	149
996	152
996	154
996	159
996	166
996	185
996	213
996	272
996	273
996	297
996	312
996	326
996	373
996	408
996	429
996	438
996	526
996	540
996	554
996	585
996	626
996	627
996	634
996	645
996	663
996	702
996	743
996	762
996	792
996	802
996	807
996	824
996	851
996	862
996	881
996	884
996	885
996	901
996	903
996	914
996	924
996	931
996	972
996	979
996	984
996	998
997	53
997	104
997	108
997	156
997	157
997	158
997	160
997	183
997	184
997	205
997	218
997	245
997	301
997	303
997	307
997	350
997	355
997	372
997	386
997	394
997	443
997	447
997	464
997	513
997	577
997	589
997	631
997	674
997	682
997	734
997	743
997	746
997	763
997	806
997	812
997	835
997	837
997	844
997	850
997	860
997	872
997	876
997	883
997	892
997	896
997	900
997	911
997	971
998	90
998	104
998	129
998	135
998	149
998	194
998	213
998	297
998	312
998	326
998	429
998	433
998	438
998	554
998	620
998	627
998	632
998	683
998	717
998	719
998	743
998	797
998	813
998	821
998	835
998	844
998	851
998	862
998	873
998	884
998	894
998	895
998	898
998	900
998	910
998	919
998	921
998	924
998	943
998	956
998	972
998	984
998	988
998	991
998	996
999	64
999	126
999	129
999	152
999	157
999	171
999	188
999	263
999	272
999	273
999	274
999	289
999	326
999	338
999	382
999	408
999	412
999	433
999	488
999	490
999	491
999	501
999	598
999	618
999	644
999	671
999	694
999	712
999	717
999	728
999	735
999	749
999	768
999	808
999	819
999	820
999	847
999	849
999	875
999	889
999	892
999	914
999	941
999	959
999	971
999	986
999	993
1000	49
1000	51
1000	133
1000	169
1000	186
1000	270
1000	313
1000	417
1000	427
1000	441
1000	442
1000	456
1000	523
1000	527
1000	569
1000	571
1000	572
1000	586
1000	634
1000	656
1000	673
1000	696
1000	736
1000	747
1000	754
1000	771
1000	775
1000	780
1000	790
1000	795
1000	820
1000	823
1000	842
1000	843
1000	844
1000	854
1000	878
1000	894
1000	917
1000	922
1000	925
1000	946
1000	951
1000	954
1000	955
1000	965
1000	979
1000	986
1000	988
