1	947
1	950
2	988
3	837
5	965
5	971
6	928
6	963
7	994
9	933
9	991
10	936
10	1000
11	963
12	940
12	957
13	966
14	870
14	956
15	981
15	986
16	980
16	989
16	991
18	969
19	770
19	966
20	918
21	910
21	917
22	999
23	936
23	993
24	922
24	952
26	946
26	967
27	989
27	990
27	999
28	915
28	930
28	972
29	917
30	957
31	994
32	957
33	985
34	990
36	929
36	963
37	835
38	921
38	939
38	945
40	980
40	981
41	997
42	958
43	961
43	986
44	965
44	996
45	941
45	942
46	788
46	818
47	833
49	835
49	969
51	779
51	867
52	958
53	971
54	958
54	993
55	902
55	996
55	999
56	779
56	851
56	859
57	998
59	975
60	753
60	848
60	994
61	904
61	971
64	960
65	955
66	755
66	957
67	962
68	934
70	995
71	935
72	970
72	973
73	958
74	933
74	965
74	976
76	955
76	963
78	824
78	983
79	842
80	955
81	929
81	967
82	935
82	983
84	979
84	987
85	962
85	999
86	957
86	969
86	974
88	980
89	889
90	955
91	953
91	969
91	995
92	915
92	987
94	926
94	974
94	990
95	926
95	956
95	998
96	983
97	963
98	925
99	957
99	985
99	997
100	961
100	979
100	992
101	989
101	991
102	972
102	982
103	969
103	975
104	934
105	965
106	971
107	862
107	963
107	995
108	929
108	954
108	961
108	995
109	900
109	957
109	989
110	999
111	900
111	985
111	988
112	935
112	971
112	978
113	833
113	862
113	963
114	972
115	914
115	919
115	951
115	971
116	932
117	965
117	976
118	967
118	992
119	958
119	983
120	970
120	973
121	945
121	963
122	926
122	974
123	733
123	952
123	982
123	984
124	874
124	957
125	954
126	958
127	925
127	950
128	818
128	824
128	917
129	960
129	998
129	999
130	987
130	997
131	942
131	955
131	960
131	989
132	928
132	956
132	982
133	974
134	933
134	977
135	923
135	952
135	972
135	983
136	958
137	959
137	981
138	862
138	963
139	965
139	990
139	999
140	926
140	968
140	990
141	904
141	961
142	914
142	919
143	970
144	988
145	948
145	968
146	824
146	996
147	897
147	940
148	990
148	998
149	863
149	900
149	960
151	933
151	938
151	966
152	972
152	984
152	987
153	984
154	958
154	993
155	934
156	962
156	968
156	993
156	994
157	981
158	898
158	970
159	949
160	979
161	966
161	980
162	856
162	955
162	968
163	976
164	826
164	998
164	999
165	971
165	994
166	942
166	968
166	982
166	998
167	958
167	994
167	997
168	951
168	965
169	976
169	985
169	987
169	997
170	817
170	983
171	923
171	942
172	863
172	900
172	940
172	969
173	967
174	789
175	975
175	995
175	1000
176	835
176	964
177	908
177	958
177	989
178	977
178	988
179	917
179	945
179	967
179	1000
180	856
180	867
180	933
181	953
181	967
181	988
181	995
181	1000
182	895
182	958
183	895
183	993
183	994
184	825
184	840
184	881
184	943
185	856
185	867
185	946
186	863
186	900
186	929
187	863
187	978
188	926
189	901
189	940
189	956
190	929
190	961
190	975
190	988
191	943
191	952
191	972
192	504
192	890
193	933
193	954
193	980
193	992
194	934
194	978
195	722
195	981
196	917
197	870
197	897
197	940
197	957
198	933
198	934
198	967
198	976
198	992
199	961
199	994
200	912
200	914
200	950
201	955
201	967
201	983
202	929
202	961
202	968
202	976
202	991
203	993
203	994
204	969
204	970
204	973
205	850
205	874
206	921
206	927
206	939
206	945
206	999
207	965
207	976
208	865
208	994
209	993
209	994
210	967
211	931
211	985
211	987
212	894
212	914
212	919
213	909
213	969
214	951
214	967
214	975
215	924
216	863
216	977
216	998
217	860
217	994
218	837
218	838
218	981
219	951
219	996
220	870
220	995
221	969
221	995
221	1000
222	934
223	952
223	971
223	972
223	984
224	875
224	910
224	917
225	933
225	938
225	954
225	978
226	888
226	995
226	1000
227	860
227	970
227	973
227	1000
228	862
228	968
229	902
229	990
229	996
229	1000
230	907
230	946
230	965
231	875
231	910
231	917
232	977
232	996
233	914
233	919
233	1000
234	848
234	884
234	887
234	986
235	897
235	940
235	956
235	957
236	923
236	952
236	972
237	833
237	963
237	977
238	871
238	917
238	945
238	961
239	900
239	979
239	985
239	987
240	964
240	971
241	719
241	807
242	915
242	947
242	961
243	874
243	875
243	910
243	917
244	836
244	950
244	992
244	996
245	967
245	975
246	929
246	942
246	961
247	843
247	862
247	963
248	894
248	986
249	879
249	891
249	908
250	958
250	974
250	991
250	998
251	914
251	919
252	753
252	882
252	935
252	989
253	851
253	984
254	856
254	970
254	973
254	994
255	831
255	942
255	960
255	968
256	969
256	995
256	1000
257	981
257	986
258	928
258	970
258	987
259	969
259	970
259	973
260	841
260	899
261	902
261	926
261	981
261	998
262	895
262	912
262	985
262	993
263	903
263	925
263	980
263	981
264	958
264	974
264	993
265	871
265	905
265	908
265	978
265	992
266	842
266	977
266	988
267	962
267	966
267	990
268	932
269	933
269	966
269	980
269	998
270	998
271	863
271	900
271	958
271	970
272	864
272	877
272	963
273	930
273	944
273	955
273	970
273	971
273	1000
274	837
274	902
274	965
274	976
275	917
276	974
276	983
276	995
277	856
277	867
278	896
278	921
278	927
278	945
278	986
279	898
279	941
279	996
280	971
280	978
280	989
281	841
281	900
282	946
283	851
283	870
283	956
283	957
284	942
284	960
285	871
285	890
285	905
286	895
286	923
286	928
286	958
287	850
287	891
287	910
287	917
287	925
288	963
288	967
288	992
289	916
289	967
289	968
290	907
290	941
290	951
290	955
290	960
291	878
291	980
292	956
292	957
292	969
293	949
293	974
294	907
294	979
294	997
295	873
295	941
295	962
295	973
296	926
296	977
296	988
297	835
297	860
297	924
298	824
298	878
298	956
299	989
300	873
300	942
300	970
300	973
301	776
301	940
301	956
302	856
302	949
302	952
302	972
302	985
302	989
303	914
303	977
303	979
303	987
303	988
304	871
304	931
304	938
304	967
304	999
305	707
305	734
305	979
305	997
306	892
306	900
306	901
306	961
306	996
307	639
307	911
307	979
307	985
307	987
308	753
308	822
308	871
308	886
308	905
309	940
309	955
309	956
309	957
309	973
310	712
310	875
310	910
310	917
310	952
311	875
311	910
311	917
311	933
311	990
312	863
312	946
312	982
313	784
313	896
313	926
313	998
314	687
314	946
314	983
315	888
315	953
315	995
315	1000
316	880
316	884
316	942
316	960
316	968
317	822
317	887
317	927
318	979
319	664
319	788
319	818
319	928
320	889
320	949
320	982
320	986
321	914
321	918
321	919
321	997
322	913
322	966
322	976
322	987
323	878
323	925
323	947
323	959
323	996
324	872
324	906
324	951
324	975
325	925
325	964
325	999
326	843
326	856
326	873
326	928
326	964
327	851
327	927
327	932
327	948
327	967
327	989
327	991
328	762
328	975
328	995
329	900
329	1000
330	864
330	877
330	918
330	963
331	923
331	932
331	975
331	991
332	787
332	926
332	935
333	902
333	970
333	988
333	990
333	996
333	998
333	999
334	838
334	920
334	977
335	772
335	818
335	840
336	907
336	964
336	971
336	978
336	988
337	787
337	975
338	907
338	932
338	950
338	965
338	976
338	996
339	914
339	919
339	996
340	934
340	967
340	968
340	988
341	743
341	943
341	972
341	984
342	907
342	935
342	965
343	825
343	849
343	881
343	953
343	996
344	916
344	941
344	997
345	969
345	970
345	985
345	995
345	1000
346	788
346	818
346	975
347	971
347	981
348	809
348	889
348	934
348	994
349	755
349	833
349	864
349	878
349	997
350	789
350	841
350	863
351	920
351	977
351	981
351	988
352	796
352	852
352	929
352	961
352	980
353	845
353	859
353	891
353	898
353	926
353	937
353	938
354	847
354	880
354	898
354	991
355	826
355	884
355	952
355	972
355	984
356	624
356	676
356	721
356	786
356	892
357	970
357	973
357	993
358	958
358	959
358	981
358	986
358	996
359	825
359	849
359	933
359	934
359	949
360	921
360	927
360	938
360	939
360	945
360	946
361	978
362	421
362	940
362	946
362	965
362	983
363	834
363	841
363	863
363	900
363	950
363	964
364	868
364	905
364	915
364	920
364	977
365	920
365	989
366	900
366	904
366	916
366	979
366	987
366	997
367	917
367	929
367	937
367	981
367	986
368	856
368	867
368	914
368	926
368	968
369	871
369	887
369	908
369	918
369	931
369	951
369	983
370	888
370	904
370	953
370	977
370	995
370	1000
371	767
371	928
371	967
371	991
372	856
372	867
372	877
372	934
373	871
374	873
374	879
374	885
374	912
374	935
374	944
374	960
374	983
374	992
375	955
376	941
376	954
376	956
376	983
377	856
377	867
377	888
377	903
378	970
378	973
378	983
379	807
379	863
379	941
379	960
380	905
380	934
380	964
381	902
381	955
381	958
381	999
382	930
382	958
382	975
382	993
383	870
383	907
383	946
383	965
383	971
383	972
383	976
383	999
384	836
384	891
384	943
384	954
384	972
384	984
385	900
385	941
385	960
385	980
386	851
386	940
386	969
386	972
386	974
386	991
387	817
387	849
387	881
387	934
387	946
387	985
387	989
388	926
388	990
389	911
389	926
389	951
390	902
390	908
390	990
390	998
390	999
391	811
391	893
391	951
391	992
392	889
392	897
392	940
392	956
392	957
392	971
392	989
393	894
393	914
393	919
393	984
393	997
394	913
394	960
395	947
395	950
395	994
395	996
396	965
396	977
396	988
397	753
397	896
397	904
397	927
397	939
397	945
397	989
398	895
398	912
398	994
399	920
399	922
399	942
399	946
399	968
400	725
400	771
400	959
400	979
400	985
400	987
400	997
401	948
401	975
401	999
402	825
402	849
402	881
402	897
402	928
402	934
402	955
402	974
403	902
403	930
403	976
403	990
403	998
403	999
404	693
404	938
404	994
405	671
405	673
405	762
406	823
406	832
406	851
406	913
406	938
406	978
406	980
407	804
407	957
407	963
408	845
408	856
408	920
408	977
408	979
408	988
409	861
409	883
409	893
409	953
409	964
409	993
410	686
410	693
410	852
410	929
410	951
411	812
411	890
411	953
411	954
411	969
411	1000
412	490
412	865
412	872
412	905
412	908
412	911
412	931
413	848
413	860
413	921
413	927
413	939
413	945
413	970
414	837
414	863
414	958
414	965
414	990
415	945
415	952
415	969
415	972
415	984
415	992
416	693
416	847
416	848
416	943
416	984
417	567
417	715
417	937
417	959
418	455
418	816
418	974
418	989
418	991
419	787
419	794
419	803
419	839
419	928
419	944
420	759
420	788
420	789
420	818
420	834
420	839
420	979
420	991
421	362
421	441
421	981
421	986
422	843
422	858
422	871
422	889
422	897
422	953
423	837
423	885
423	903
423	946
423	976
423	978
423	979
424	782
424	786
424	852
424	902
424	904
424	929
424	936
424	961
424	965
425	640
425	784
425	947
425	950
425	996
426	852
426	929
426	940
426	961
426	967
426	992
427	903
427	907
427	922
427	946
427	965
427	971
427	976
428	738
428	784
428	789
428	863
428	900
428	965
429	874
429	884
429	920
429	955
429	972
429	973
429	977
429	988
430	874
430	883
430	884
430	886
430	945
430	988
431	902
431	990
431	996
431	999
432	786
432	871
432	878
432	908
432	950
432	990
432	991
433	833
433	862
433	864
433	910
433	913
433	962
433	963
434	638
434	711
434	911
434	925
435	865
435	871
435	887
435	905
435	908
435	917
435	931
435	941
435	988
436	749
436	849
436	890
436	905
436	953
436	969
436	1000
437	809
437	889
437	922
437	938
438	814
438	890
438	893
438	918
438	964
438	986
439	687
439	711
439	837
439	960
440	779
440	909
440	949
440	959
440	981
440	997
441	421
441	803
441	830
441	849
441	862
441	910
441	993
441	994
442	700
442	714
442	864
442	942
442	955
442	960
442	968
442	994
443	735
443	887
443	925
443	982
444	887
444	908
444	913
444	931
444	943
444	955
445	577
445	715
445	926
446	808
446	880
446	890
446	928
446	940
446	953
446	969
447	855
447	879
447	967
447	983
448	953
448	969
448	995
448	1000
449	759
449	788
449	818
449	917
449	923
449	974
449	976
450	722
450	845
450	859
450	962
451	835
451	887
451	905
451	931
451	949
451	964
452	715
452	807
452	864
452	881
452	988
453	667
453	898
453	901
453	925
453	947
453	950
453	996
454	860
454	861
454	879
454	935
454	948
454	983
454	995
455	418
455	780
455	817
455	835
455	838
455	860
455	895
455	994
456	898
456	912
456	932
456	958
456	993
456	994
457	634
457	782
457	861
457	891
457	967
457	982
457	984
458	624
458	686
458	726
458	730
458	961
459	739
459	752
459	776
459	837
459	877
459	940
459	956
459	957
460	943
460	952
460	972
460	981
460	982
460	984
460	991
461	873
461	949
461	967
461	975
461	982
461	990
461	992
462	814
462	848
462	889
462	915
462	972
462	980
463	804
463	949
463	967
463	975
463	989
463	992
464	782
464	811
464	865
464	866
464	871
464	887
465	873
465	885
465	935
465	946
465	980
465	983
466	753
466	846
466	948
466	959
466	978
466	981
466	986
467	762
467	837
467	915
467	930
467	958
468	687
468	711
468	892
468	946
469	820
469	840
469	888
469	923
469	948
469	949
469	975
470	759
470	788
470	818
470	885
470	914
470	967
470	984
470	996
471	739
471	789
471	868
471	896
471	903
471	946
471	965
471	976
472	707
472	853
472	921
472	927
472	944
472	978
473	841
473	880
473	900
473	916
473	947
474	807
474	813
474	955
474	960
474	972
474	987
475	703
475	797
475	894
475	914
475	919
475	936
476	801
476	873
476	878
476	887
476	917
476	930
476	970
476	973
477	902
477	908
477	926
477	933
477	945
477	981
477	998
477	999
478	826
478	912
478	938
478	982
478	995
479	813
479	833
479	862
479	864
479	877
479	880
479	934
479	954
480	787
480	802
480	817
480	845
480	847
480	888
480	906
480	925
480	969
480	995
480	1000
481	820
481	836
481	869
481	872
481	943
481	948
481	954
481	967
482	755
482	789
482	834
482	841
482	863
482	900
482	979
482	981
482	996
483	736
483	783
483	875
483	910
483	917
483	932
483	941
483	951
484	771
484	814
484	842
484	916
484	959
484	979
484	984
484	987
484	997
485	684
485	702
485	740
485	780
485	860
485	901
485	958
485	980
485	993
486	792
486	858
486	863
486	879
486	885
486	935
486	965
486	976
486	983
487	909
487	977
487	981
487	986
487	987
487	989
488	656
488	739
488	848
488	916
488	917
488	930
488	982
488	987
489	857
489	880
489	892
489	931
489	959
489	962
489	981
489	982
489	986
490	412
490	768
490	845
490	878
490	952
491	748
491	808
491	890
491	927
491	942
491	953
491	969
492	772
492	798
492	902
492	915
492	926
492	962
492	990
492	998
492	999
493	649
493	817
493	825
493	840
493	849
493	908
493	947
493	957
494	841
494	895
494	959
494	986
494	997
495	700
495	875
495	877
495	910
495	917
495	970
495	977
496	707
496	784
496	910
496	911
496	924
496	925
496	947
496	950
496	996
497	548
497	665
497	718
497	920
497	922
497	961
497	977
497	988
498	824
498	827
498	885
498	913
498	935
498	946
498	954
498	983
499	722
499	821
499	854
499	872
499	909
499	959
499	981
499	986
499	996
500	741
500	789
500	841
500	863
500	884
500	900
500	959
500	992
500	998
501	815
501	859
501	863
501	899
501	900
501	953
502	768
502	808
502	860
502	879
502	895
502	912
502	969
503	567
503	577
503	607
503	614
503	715
503	873
503	885
503	932
503	963
503	980
504	192
504	585
504	593
504	632
504	655
504	785
504	875
504	910
504	917
505	651
505	707
505	770
505	775
505	903
505	933
505	954
505	962
505	966
505	980
506	804
506	811
506	856
506	862
506	867
506	909
506	953
507	746
507	834
507	951
507	970
507	971
507	975
507	980
507	992
508	564
508	669
508	766
508	958
508	960
508	993
508	994
509	858
509	865
509	900
509	903
509	908
509	931
509	942
509	944
509	946
510	814
510	886
510	902
510	915
510	953
510	964
510	965
510	990
511	888
511	941
511	953
511	969
511	973
511	978
511	991
511	995
511	1000
512	732
512	796
512	824
512	827
512	830
512	885
512	980
512	989
513	579
513	651
513	671
513	762
513	907
513	930
513	948
513	950
514	716
514	721
514	787
514	852
514	862
514	877
514	883
514	929
514	964
515	903
515	907
515	918
515	946
515	958
515	976
515	987
515	1000
516	523
516	681
516	718
516	770
516	816
516	902
517	765
517	817
517	849
517	881
517	896
517	906
517	922
517	934
518	632
518	674
518	681
518	687
518	711
518	797
518	854
518	977
518	993
519	695
519	735
519	756
519	769
519	858
519	878
519	900
519	931
519	934
519	998
520	687
520	829
520	901
520	924
520	974
521	807
521	837
521	841
521	861
521	863
521	900
521	926
521	976
522	537
522	593
522	654
522	672
522	916
522	946
522	965
522	976
523	516
523	707
523	796
523	819
523	823
523	831
523	851
523	913
523	930
524	837
524	870
524	897
524	948
524	956
524	957
524	971
524	987
525	686
525	716
525	900
525	907
525	929
525	961
525	965
526	719
526	780
526	835
526	870
526	886
526	895
526	907
526	958
526	964
526	993
527	807
527	813
527	886
527	912
527	922
527	932
527	941
527	955
527	960
527	967
528	814
528	841
528	916
528	968
528	979
528	981
528	985
528	987
528	995
529	803
529	836
529	880
529	892
529	933
529	954
529	962
529	969
530	721
530	722
530	775
530	852
530	929
530	949
530	976
530	992
531	834
531	845
531	868
531	874
531	876
531	882
531	899
531	903
531	977
531	988
531	993
532	684
532	720
532	746
532	888
532	926
532	927
532	998
533	633
533	804
533	811
533	856
533	860
533	867
533	875
533	999
534	749
534	782
534	812
534	818
534	842
534	850
534	915
534	985
534	987
534	997
535	751
535	775
535	819
535	823
535	831
535	861
535	883
535	913
535	928
535	996
536	802
536	845
536	859
536	873
536	877
536	945
536	982
537	522
537	718
537	770
537	810
537	852
537	893
537	898
537	998
538	651
538	671
538	677
538	762
538	819
538	880
538	920
539	720
539	767
539	810
539	885
539	974
539	990
539	992
540	678
540	714
540	751
540	787
540	850
540	912
540	958
540	979
540	982
541	758
541	780
541	822
541	937
541	967
541	990
541	991
542	728
542	836
542	862
542	864
542	877
542	961
542	963
542	968
543	854
543	897
543	918
543	928
543	930
543	933
543	964
543	967
543	978
544	898
544	918
544	926
544	930
544	945
544	949
544	953
544	955
544	964
544	971
545	581
545	698
545	773
545	833
545	877
545	905
545	963
545	993
546	693
546	704
546	715
546	717
546	734
546	737
546	789
546	834
546	970
546	973
547	579
547	651
547	671
547	673
547	762
547	898
547	955
547	961
547	995
548	497
548	752
548	789
548	841
548	891
548	900
548	919
549	755
549	828
549	843
549	848
549	916
549	958
549	983
549	985
549	994
550	767
550	796
550	838
550	839
550	961
550	990
550	998
550	999
551	761
551	822
551	854
551	903
551	920
551	946
551	965
551	976
551	987
552	659
552	753
552	787
552	861
552	912
552	933
552	935
552	958
553	644
553	659
553	804
553	889
553	892
553	901
553	924
553	925
553	947
553	950
553	996
554	871
554	885
554	887
554	905
554	908
554	934
554	987
554	995
555	861
555	884
555	891
555	918
555	952
555	963
555	972
555	996
556	870
556	887
556	897
556	920
556	940
556	956
556	957
556	968
557	704
557	717
557	866
557	873
557	891
557	897
557	948
557	965
557	970
557	973
558	737
558	759
558	801
558	850
558	861
558	873
558	903
558	970
559	703
559	802
559	916
559	921
559	922
559	941
559	942
559	960
559	982
560	803
560	888
560	944
560	953
560	959
560	969
560	971
560	995
560	1000
561	830
561	882
561	901
561	906
561	911
561	924
561	925
561	932
561	947
561	950
561	984
562	582
562	804
562	811
562	851
562	856
562	962
562	966
563	753
563	802
563	855
563	866
563	923
563	949
563	960
563	965
563	968
564	508
564	679
564	726
564	894
564	902
564	914
564	919
564	979
565	765
565	817
565	825
565	840
565	881
565	883
565	899
565	925
565	934
565	952
565	967
565	973
566	769
566	814
566	828
566	842
566	903
566	909
566	915
566	953
566	997
567	417
567	503
567	577
567	588
567	607
567	614
567	715
567	856
567	879
567	885
567	910
567	944
567	988
568	755
568	797
568	824
568	894
568	911
568	914
568	919
568	956
568	992
569	779
569	785
569	830
569	872
569	892
569	893
569	937
569	954
569	978
569	981
569	986
570	756
570	839
570	858
570	887
570	905
570	908
570	959
570	964
570	971
571	725
571	756
571	839
571	860
571	875
571	887
571	900
571	989
572	803
572	830
572	896
572	906
572	921
572	927
572	939
572	945
572	986
572	993
573	837
573	857
573	858
573	886
573	899
573	917
573	922
573	931
573	933
573	954
573	980
574	640
574	783
574	832
574	875
574	910
574	911
574	917
574	976
574	984
575	798
575	815
575	821
575	917
575	937
575	959
575	981
575	982
575	986
576	698
576	807
576	848
576	879
576	881
576	892
576	911
576	925
576	947
576	948
576	950
576	996
577	445
577	503
577	567
577	588
577	607
577	614
577	715
577	741
577	822
577	829
577	830
577	962
578	586
578	653
578	759
578	788
578	818
578	860
578	921
578	923
578	933
578	938
579	513
579	547
579	598
579	651
579	671
579	673
579	762
579	845
579	945
579	952
580	763
580	806
580	870
580	896
580	897
580	921
580	927
580	930
580	939
580	945
580	984
581	545
581	606
581	858
581	862
581	864
581	877
581	920
581	936
581	963
581	970
582	562
582	583
582	635
582	804
582	811
582	867
582	909
582	923
582	946
582	960
583	582
583	667
583	736
583	804
583	811
583	856
583	867
583	878
583	909
583	993
584	662
584	801
584	833
584	862
584	864
584	877
584	883
584	897
584	921
584	963
584	981
585	504
585	739
585	782
585	802
585	836
585	841
585	864
585	866
585	882
585	922
585	941
585	944
585	955
586	578
586	642
586	653
586	685
586	721
586	730
586	759
586	807
586	818
586	911
587	700
587	750
587	771
587	786
587	851
587	903
587	914
587	976
587	993
588	567
588	577
588	607
588	614
588	707
588	715
588	723
588	842
588	889
588	910
588	926
589	604
589	612
589	647
589	689
589	857
589	904
589	918
589	944
589	964
589	978
590	672
590	768
590	796
590	819
590	824
590	827
590	881
590	911
590	963
590	982
590	983
591	709
591	716
591	722
591	839
591	858
591	868
591	887
591	905
591	908
591	921
591	931
591	998
592	669
592	703
592	746
592	816
592	872
592	898
592	909
592	940
592	951
592	975
592	985
593	504
593	522
593	815
593	855
593	861
593	924
593	928
593	929
593	944
593	949
593	978
593	985
594	667
594	773
594	847
594	868
594	876
594	910
594	915
594	932
594	936
594	948
594	974
594	989
594	994
595	803
595	842
595	848
595	955
595	975
595	979
595	987
595	990
595	997
596	796
596	892
596	901
596	911
596	924
596	940
596	950
596	956
596	966
596	982
596	996
596	998
597	704
597	707
597	717
597	753
597	801
597	873
597	887
597	889
597	941
597	970
597	973
598	579
598	651
598	671
598	673
598	749
598	762
598	852
598	865
598	885
598	928
598	979
599	645
599	776
599	784
599	837
599	870
599	937
599	940
599	956
599	957
599	958
599	962
599	982
600	869
600	903
600	904
600	906
600	907
600	942
600	946
600	965
600	976
600	992
601	620
601	624
601	737
601	796
601	845
601	860
601	867
601	891
601	943
601	952
601	961
601	982
601	984
602	682
602	755
602	797
602	799
602	838
602	894
602	914
602	919
602	941
602	947
603	753
603	791
603	802
603	817
603	851
603	866
603	868
603	922
603	938
603	942
603	955
603	976
604	589
604	738
604	816
604	820
604	869
604	893
604	898
604	923
604	950
604	951
604	981
604	988
604	992
605	730
605	826
605	842
605	915
605	931
605	975
605	979
605	989
605	997
606	581
606	643
606	669
606	776
606	786
606	809
606	833
606	862
606	877
606	900
607	503
607	567
607	577
607	588
607	614
607	715
607	896
607	899
607	945
607	986
608	624
608	627
608	721
608	792
608	843
608	852
608	862
608	929
608	930
608	961
608	990
608	997
609	718
609	737
609	790
609	902
609	920
609	923
609	961
609	990
609	998
609	999
610	645
610	668
610	720
610	727
610	729
610	750
610	834
610	836
610	852
610	868
610	882
610	884
610	932
610	952
611	836
611	842
611	863
611	868
611	874
611	882
611	884
611	920
611	950
611	957
611	988
611	998
612	589
612	786
612	804
612	811
612	856
612	862
612	867
612	913
612	920
612	924
612	985
613	706
613	865
613	867
613	871
613	879
613	887
613	908
613	928
613	972
613	991
614	503
614	567
614	577
614	588
614	607
614	715
614	779
614	794
614	799
614	828
614	869
614	873
614	923
615	650
615	717
615	796
615	922
615	941
615	942
615	943
615	947
615	961
615	968
616	657
616	697
616	727
616	815
616	861
616	878
616	883
616	921
616	944
616	956
616	978
617	692
617	722
617	726
617	790
617	800
617	846
617	889
617	891
617	979
617	984
618	656
618	755
618	814
618	848
618	912
618	926
618	944
618	973
618	982
618	985
618	997
619	697
619	837
619	859
619	877
619	884
619	888
619	943
619	950
619	953
619	967
619	972
619	988
620	601
620	746
620	837
620	888
620	953
620	969
620	973
620	995
620	1000
621	727
621	776
621	792
621	854
621	892
621	901
621	911
621	912
621	924
621	950
621	988
621	996
622	639
622	737
622	794
622	846
622	910
622	938
622	962
622	964
622	966
622	980
622	988
623	741
623	782
623	798
623	809
623	811
623	822
623	838
623	843
623	846
623	871
623	889
623	907
623	984
624	356
624	458
624	601
624	608
624	686
624	700
624	721
624	733
624	737
624	822
624	832
624	852
624	916
624	929
624	961
625	733
625	735
625	755
625	756
625	769
625	839
625	858
625	871
625	889
625	908
625	946
626	748
626	798
626	809
626	822
626	843
626	846
626	862
626	889
626	893
626	913
626	942
626	952
626	982
627	608
627	676
627	686
627	716
627	852
627	894
627	896
627	927
627	929
627	936
627	939
627	974
627	978
628	811
628	835
628	848
628	850
628	916
628	934
628	940
628	972
628	976
628	979
628	985
628	987
628	994
628	997
629	767
629	770
629	882
629	883
629	896
629	926
629	927
629	960
629	980
629	990
629	998
629	999
630	832
630	845
630	872
630	899
630	913
630	933
630	938
630	951
630	954
630	962
630	966
631	683
631	748
631	779
631	798
631	822
631	843
631	845
631	846
631	856
631	889
631	963
631	988
632	504
632	518
632	638
632	639
632	681
632	687
632	711
632	746
632	809
632	901
632	967
632	988
633	533
633	659
633	692
633	732
633	769
633	780
633	787
633	791
633	855
633	860
633	895
633	924
633	985
634	457
634	640
634	684
634	737
634	743
634	782
634	873
634	880
634	919
634	970
634	973
635	582
635	768
635	804
635	811
635	850
635	856
635	867
635	869
635	937
635	944
636	739
636	794
636	851
636	886
636	932
636	938
636	954
636	964
636	966
636	980
636	997
637	782
637	816
637	820
637	840
637	872
637	898
637	930
637	942
637	949
637	967
637	977
637	995
638	434
638	632
638	674
638	681
638	687
638	711
638	848
638	882
638	904
638	971
638	978
639	307
639	622
639	632
639	687
639	809
639	822
639	843
639	846
639	855
639	870
639	889
640	425
640	574
640	634
640	679
640	744
640	775
640	835
640	909
640	912
640	958
640	993
640	994
640	996
641	661
641	718
641	767
641	770
641	844
641	926
641	933
641	943
641	956
641	990
641	998
641	999
642	586
642	653
642	759
642	788
642	818
642	859
642	878
642	881
642	910
642	991
643	606
643	799
643	849
643	862
643	864
643	875
643	877
643	878
643	896
643	912
643	963
643	1000
644	553
644	668
644	679
644	705
644	710
644	726
644	777
644	826
644	828
644	876
644	944
644	964
644	982
645	599
645	610
645	669
645	674
645	702
645	756
645	766
645	787
645	834
645	839
645	874
645	882
645	884
645	935
645	977
646	746
646	808
646	812
646	826
646	847
646	890
646	920
646	938
646	949
646	953
646	969
646	1000
647	589
647	703
647	738
647	755
647	787
647	844
647	850
647	880
647	893
647	898
647	923
647	949
647	960
647	992
648	732
648	790
648	794
648	815
648	824
648	849
648	872
648	876
648	928
648	930
648	971
648	974
648	975
649	493
649	652
649	713
649	714
649	765
649	769
649	817
649	825
649	864
649	881
649	934
649	983
650	615
650	753
650	841
650	907
650	920
650	922
650	942
650	947
650	955
650	982
650	994
651	505
651	513
651	538
651	547
651	579
651	598
651	671
651	673
651	752
651	762
651	796
651	831
651	912
651	971
651	991
652	649
652	709
652	725
652	751
652	775
652	779
652	819
652	823
652	832
652	851
652	855
652	888
652	891
652	910
652	913
652	947
653	578
653	586
653	642
653	759
653	788
653	818
653	830
653	835
653	848
653	857
653	898
653	911
653	963
653	989
654	522
654	698
654	741
654	789
654	795
654	797
654	823
654	857
654	863
654	900
654	928
654	948
654	949
655	504
655	664
655	702
655	801
655	854
655	873
655	892
655	901
655	924
655	925
655	943
655	947
655	965
655	967
655	996
656	488
656	618
656	730
656	783
656	834
656	915
656	944
656	956
656	984
656	987
656	997
657	616
657	661
657	672
657	736
657	755
657	783
657	825
657	832
657	870
657	880
657	891
657	910
657	917
657	921
658	692
658	755
658	773
658	786
658	869
658	874
658	890
658	898
658	923
658	936
658	948
658	951
658	975
658	991
658	992
659	552
659	553
659	633
659	745
659	787
659	791
659	857
659	912
659	964
659	985
659	991
659	993
659	994
660	722
660	730
660	736
660	742
660	764
660	821
660	845
660	891
660	943
660	952
660	961
660	967
661	641
661	657
661	736
661	783
661	855
661	875
661	880
661	910
661	917
661	921
661	934
661	972
662	584
662	753
662	772
662	802
662	824
662	853
662	873
662	921
662	922
662	935
662	941
662	942
662	955
662	968
663	772
663	805
663	828
663	838
663	844
663	847
663	856
663	880
663	891
663	918
663	919
663	932
663	948
663	978
663	989
663	991
664	319
664	655
664	697
664	716
664	742
664	790
664	800
664	851
664	853
664	891
664	952
664	956
664	982
664	985
664	991
665	497
665	747
665	774
665	792
665	808
665	888
665	890
665	940
665	953
665	969
665	984
665	995
665	1000
666	679
666	726
666	755
666	792
666	797
666	857
666	889
666	894
666	905
666	913
666	914
666	919
666	959
666	962
667	453
667	583
667	594
667	709
667	751
667	775
667	819
667	831
667	832
667	851
667	889
667	913
667	950
667	968
668	610
668	644
668	729
668	771
668	830
668	833
668	909
668	937
668	959
668	981
668	986
668	987
668	988
669	508
669	592
669	606
669	645
669	763
669	803
669	806
669	868
669	917
669	921
669	927
669	939
669	945
669	983
670	735
670	738
670	784
670	785
670	821
670	830
670	848
670	857
670	909
670	927
670	937
670	959
670	962
670	986
671	405
671	513
671	538
671	547
671	579
671	598
671	651
671	672
671	673
671	742
671	762
671	794
671	927
671	943
671	977
671	993
672	522
672	590
672	657
672	671
672	694
672	696
672	758
672	761
672	824
672	855
672	929
672	935
672	939
672	983
673	405
673	547
673	579
673	598
673	651
673	671
673	748
673	762
673	789
673	792
673	863
673	904
673	924
673	929
673	984
674	518
674	638
674	645
674	681
674	687
674	711
674	736
674	768
674	849
674	858
674	865
674	895
674	952
675	723
675	763
675	798
675	852
675	876
675	886
675	899
675	933
675	952
675	962
675	966
675	989
676	356
676	627
676	686
676	759
676	852
676	872
676	885
676	916
676	929
676	954
676	961
676	964
676	991
676	999
677	538
677	732
677	796
677	801
677	855
677	865
677	867
677	868
677	879
677	885
677	892
677	935
677	956
677	983
678	540
678	787
678	788
678	791
678	835
678	895
678	908
678	912
678	919
678	984
678	987
678	994
678	997
679	564
679	640
679	644
679	666
679	717
679	726
679	738
679	755
679	778
679	894
679	901
679	914
679	919
679	971
679	985
680	841
680	863
680	877
680	878
680	916
680	966
680	985
680	987
680	995
680	997
681	516
681	518
681	632
681	638
681	674
681	687
681	711
681	732
681	828
681	879
681	899
681	920
681	955
681	987
682	602
682	850
682	858
682	865
682	887
682	905
682	916
682	964
682	966
683	631
683	719
683	748
683	783
683	792
683	798
683	843
683	846
683	874
683	889
683	938
683	959
683	984
683	990
684	485
684	532
684	634
684	704
684	717
684	737
684	749
684	801
684	877
684	954
684	970
684	972
684	973
685	586
685	708
685	762
685	802
685	835
685	895
685	912
685	948
685	958
685	987
685	993
685	994
686	410
686	458
686	525
686	624
686	627
686	676
686	710
686	716
686	717
686	877
686	922
686	929
686	961
686	962
687	314
687	439
687	468
687	518
687	520
687	632
687	638
687	639
687	674
687	681
687	711
687	840
687	872
687	906
687	948
687	967
687	986
688	691
688	722
688	766
688	769
688	845
688	902
688	906
688	925
688	943
688	952
688	958
688	972
688	983
688	984
689	589
689	722
689	737
689	738
689	812
689	844
689	845
689	872
689	891
689	943
689	972
689	982
689	984
689	988
689	993
689	999
690	693
690	740
690	886
690	893
690	899
690	911
690	915
690	933
690	954
690	962
690	963
690	969
690	974
690	980
691	688
691	692
691	758
691	761
691	805
691	807
691	813
691	856
691	859
691	866
691	899
691	906
691	922
691	930
691	941
691	942
691	960
691	968
692	617
692	633
692	658
692	691
692	762
692	773
692	796
692	830
692	844
692	850
692	881
692	893
692	920
692	951
692	967
692	975
692	992
693	404
693	410
693	416
693	546
693	690
693	703
693	711
693	803
693	806
693	892
693	901
693	911
693	924
693	925
693	947
693	950
693	996
694	672
694	732
694	761
694	765
694	819
694	827
694	842
694	855
694	869
694	875
694	879
694	935
694	953
694	990
695	519
695	730
695	735
695	756
695	760
695	791
695	871
695	905
695	931
695	970
695	972
695	993
696	672
696	722
696	758
696	768
696	769
696	796
696	807
696	824
696	827
696	847
696	863
696	885
696	934
696	935
696	938
696	955
696	963
697	616
697	619
697	664
697	722
697	742
697	757
697	764
697	769
697	829
697	834
697	845
697	858
697	867
697	943
697	973
697	975
697	982
698	545
698	576
698	654
698	721
698	741
698	752
698	795
698	841
698	863
698	892
698	893
698	900
698	924
699	742
699	763
699	771
699	773
699	800
699	842
699	845
699	854
699	859
699	911
699	943
699	972
699	982
699	984
699	992
700	442
700	495
700	587
700	624
700	702
700	750
700	771
700	831
700	873
700	895
700	901
700	907
700	946
700	976
701	722
701	752
701	791
701	812
701	813
701	823
701	886
701	899
701	924
701	933
701	938
701	954
701	955
701	962
701	966
701	970
701	980
702	485
702	645
702	655
702	700
702	740
702	797
702	865
702	920
702	923
702	946
702	965
702	976
702	992
703	475
703	559
703	592
703	647
703	693
703	763
703	788
703	803
703	806
703	885
703	886
703	896
703	921
703	927
703	939
703	945
703	992
704	546
704	557
704	597
704	684
704	709
704	755
704	768
704	801
704	833
704	839
704	852
704	873
704	885
704	904
704	970
704	971
704	973
705	644
705	770
705	793
705	815
705	826
705	830
705	845
705	860
705	861
705	878
705	883
705	898
705	909
705	918
705	930
705	974
705	998
706	613
706	708
706	710
706	733
706	735
706	756
706	769
706	792
706	839
706	858
706	931
706	940
706	956
707	305
707	472
707	496
707	505
707	523
707	588
707	597
707	771
707	773
707	786
707	820
707	844
707	898
707	906
707	951
707	967
707	975
707	992
708	685
708	706
708	747
708	774
708	791
708	813
708	837
708	870
708	879
708	897
708	940
708	956
708	957
708	961
708	1000
709	591
709	652
709	667
709	704
709	733
709	751
709	775
709	807
709	819
709	823
709	825
709	829
709	831
709	832
709	912
709	913
709	934
710	644
710	686
710	706
710	731
710	783
710	784
710	798
710	826
710	831
710	855
710	862
710	876
710	908
710	918
710	928
710	937
710	942
710	944
710	971
710	981
711	434
711	439
711	468
711	518
711	632
711	638
711	674
711	681
711	687
711	693
711	799
711	814
711	935
711	959
711	970
711	978
711	981
711	988
712	310
712	742
712	754
712	768
712	808
712	818
712	857
712	883
712	888
712	890
712	927
712	960
712	969
712	995
712	1000
713	649
713	794
713	873
713	899
713	911
713	933
713	938
713	954
713	962
713	963
713	965
713	966
713	980
713	982
714	442
714	540
714	649
714	765
714	769
714	778
714	788
714	800
714	817
714	825
714	840
714	844
714	849
714	881
714	890
714	934
714	994
715	417
715	445
715	452
715	503
715	546
715	567
715	577
715	588
715	607
715	614
715	721
715	780
715	826
715	878
715	970
715	976
716	514
716	525
716	591
716	627
716	664
716	686
716	721
716	808
716	845
716	852
716	859
716	929
716	941
716	961
716	993
717	546
717	557
717	597
717	615
717	679
717	684
717	686
717	793
717	801
717	873
717	887
717	938
717	945
717	970
717	971
717	973
718	497
718	516
718	537
718	609
718	641
718	767
718	809
718	810
718	846
718	914
718	980
718	981
718	990
718	993
718	998
719	241
719	526
719	683
719	721
719	748
719	757
719	792
719	798
719	809
719	822
719	843
719	846
719	862
719	889
719	899
719	926
719	931
720	532
720	539
720	610
720	738
720	810
720	842
720	855
720	875
720	876
720	882
720	926
720	998
721	356
721	514
721	530
721	586
721	608
721	624
721	698
721	715
721	716
721	719
721	852
721	853
721	910
721	925
721	928
721	929
721	935
721	961
722	195
722	450
722	499
722	530
722	591
722	617
722	660
722	688
722	689
722	696
722	697
722	701
722	732
722	764
722	790
722	800
722	828
722	883
723	588
723	675
723	808
723	886
723	899
723	909
723	910
723	911
723	914
723	933
723	947
723	949
723	954
723	962
723	966
724	734
724	805
724	817
724	861
724	877
724	904
724	932
724	936
724	943
724	945
724	948
724	974
724	976
724	989
724	991
724	995
725	400
725	571
725	652
725	794
725	800
725	846
725	865
725	885
725	888
725	893
725	899
725	933
725	954
725	962
725	966
725	974
725	980
726	458
726	564
726	617
726	644
726	666
726	679
726	732
726	755
726	797
726	869
726	894
726	903
726	907
726	914
726	919
726	951
726	981
727	610
727	616
727	621
727	734
727	798
727	834
727	836
727	859
727	863
727	868
727	874
727	882
727	912
727	915
727	920
727	957
727	980
727	988
728	542
728	733
728	754
728	761
728	779
728	785
728	794
728	821
728	830
728	855
728	890
728	894
728	909
728	937
728	959
728	976
728	981
728	982
728	983
728	986
729	610
729	668
729	733
729	765
729	766
729	792
729	799
729	815
729	836
729	868
729	872
729	874
729	882
729	884
729	897
729	920
729	945
729	977
729	988
730	458
730	586
730	605
730	656
730	660
730	695
730	806
730	842
730	848
730	875
730	916
730	942
730	979
730	985
730	987
730	988
731	710
731	748
731	770
731	788
731	809
731	829
731	857
731	859
731	878
731	883
731	918
731	928
731	930
731	938
731	942
731	944
731	978
732	512
732	633
732	648
732	677
732	681
732	694
732	722
732	726
732	761
732	768
732	793
732	796
732	827
732	828
732	855
732	863
732	867
732	868
732	940
732	983
733	123
733	624
733	625
733	706
733	709
733	728
733	729
733	755
733	839
733	858
733	871
733	905
733	908
733	912
733	918
733	959
734	305
734	546
734	724
734	727
734	777
734	778
734	805
734	811
734	904
734	926
734	936
734	937
734	948
734	974
734	979
734	989
734	991
735	443
735	519
735	625
735	670
735	695
735	706
735	746
735	759
735	839
735	858
735	865
735	868
735	892
735	905
735	937
735	951
736	483
736	583
736	657
736	660
736	661
736	674
736	764
736	770
736	783
736	788
736	809
736	875
736	890
736	910
736	912
736	917
736	921
736	940
737	546
737	558
737	601
737	609
737	622
737	624
737	634
737	684
737	689
737	763
737	801
737	818
737	832
737	860
737	873
737	918
737	970
737	973
738	428
738	604
738	647
738	670
738	679
738	689
738	720
738	767
738	770
738	786
738	859
738	886
738	902
738	926
738	927
738	939
738	998
738	999
739	459
739	471
739	488
739	585
739	636
739	761
739	799
739	854
739	876
739	890
739	909
739	911
739	924
739	925
739	947
739	960
739	996
740	485
740	690
740	702
740	750
740	779
740	823
740	832
740	903
740	908
740	946
740	953
740	959
740	965
740	976
740	1000
741	500
741	577
741	623
741	654
741	698
741	746
741	752
741	778
741	789
741	803
741	841
741	844
741	865
741	894
741	895
741	900
741	926
742	660
742	664
742	671
742	697
742	699
742	712
742	774
742	800
742	809
742	812
742	866
742	910
742	911
742	938
742	952
742	972
742	982
743	341
743	634
743	794
743	821
743	828
743	849
743	886
743	932
743	933
743	938
743	954
743	962
743	964
743	969
743	980
743	988
744	640
744	747
744	749
744	801
744	805
744	838
744	847
744	874
744	880
744	894
744	904
744	910
744	916
744	922
744	931
744	936
744	947
744	948
744	974
744	989
745	659
745	771
745	776
745	821
745	870
745	873
745	897
745	913
745	914
745	940
745	956
745	957
745	971
745	995
746	507
746	532
746	592
746	620
746	632
746	646
746	735
746	741
746	808
746	812
746	813
746	823
746	844
746	888
746	890
746	931
746	969
746	975
746	995
747	665
747	708
747	744
747	749
747	778
747	794
747	802
747	831
747	838
747	849
747	904
747	929
747	932
747	936
747	948
747	974
747	989
747	991
747	993
747	998
748	491
748	626
748	631
748	673
748	683
748	719
748	731
748	764
748	792
748	798
748	822
748	836
748	843
748	846
748	889
748	902
748	999
749	436
749	534
749	598
749	684
749	744
749	747
749	777
749	778
749	819
749	838
749	880
749	881
749	895
749	904
749	924
749	932
749	936
749	962
749	989
749	991
750	587
750	610
750	700
750	740
750	771
750	826
750	875
750	896
750	907
750	937
750	940
750	946
750	976
750	995
751	535
751	540
751	652
751	667
751	709
751	754
751	764
751	768
751	775
751	778
751	787
751	819
751	823
751	831
751	832
751	851
751	852
751	861
751	913
751	958
751	970
752	459
752	548
752	651
752	698
752	701
752	741
752	785
752	789
752	795
752	841
752	853
752	863
752	876
752	900
752	960
752	976
752	991
753	60
753	252
753	308
753	397
753	466
753	552
753	563
753	597
753	603
753	650
753	662
753	802
753	942
753	948
753	955
753	960
753	968
753	975
754	712
754	728
754	751
754	760
754	781
754	791
754	830
754	859
754	891
754	898
754	909
754	923
754	931
754	937
754	959
754	981
754	986
754	996
755	66
755	349
755	482
755	549
755	568
755	602
755	618
755	625
755	647
755	657
755	658
755	666
755	679
755	704
755	726
755	733
755	794
755	797
755	894
755	914
755	919
755	924
756	519
756	570
756	571
756	625
756	645
756	695
756	706
756	788
756	849
756	865
756	893
756	905
756	908
756	917
756	931
756	933
756	935
756	947
756	955
756	970
757	697
757	719
757	784
757	787
757	793
757	828
757	847
757	861
757	876
757	877
757	878
757	883
757	904
757	919
757	920
757	928
757	951
757	960
757	964
757	971
758	541
758	672
758	691
758	696
758	761
758	763
758	768
758	827
758	836
758	852
758	879
758	885
758	890
758	902
758	924
758	935
758	977
758	983
759	420
759	449
759	470
759	558
759	578
759	586
759	642
759	653
759	676
759	735
759	788
759	818
759	820
759	873
759	921
759	926
759	937
759	977
760	695
760	754
760	779
760	781
760	784
760	785
760	787
760	821
760	825
760	852
760	871
760	880
760	924
760	937
760	941
760	959
760	977
760	981
760	986
760	998
761	551
761	672
761	691
761	694
761	728
761	732
761	739
761	758
761	768
761	776
761	796
761	798
761	824
761	833
761	855
761	879
761	934
761	935
761	983
761	999
762	328
762	405
762	467
762	513
762	538
762	547
762	579
762	598
762	651
762	671
762	673
762	685
762	692
762	763
762	814
762	893
762	898
762	899
762	913
762	973
762	995
763	580
763	669
763	675
763	699
763	703
763	737
763	758
763	762
763	803
763	806
763	826
763	864
763	896
763	903
763	906
763	921
763	923
763	927
763	932
763	939
763	945
763	985
764	660
764	697
764	722
764	736
764	748
764	751
764	774
764	800
764	812
764	845
764	913
764	942
764	943
764	952
764	956
764	968
764	971
764	982
764	984
764	990
765	517
765	565
765	649
765	694
765	714
765	729
765	769
765	772
765	817
765	840
765	849
765	863
765	881
765	882
765	905
765	934
765	942
766	508
766	645
766	688
766	729
766	781
766	819
766	820
766	824
766	834
766	836
766	841
766	846
766	868
766	874
766	882
766	884
766	887
766	912
766	920
766	977
766	988
766	999
767	371
767	539
767	550
767	629
767	641
767	718
767	738
767	774
767	781
767	786
767	810
767	839
767	841
767	857
767	884
767	902
767	931
767	975
767	999
768	490
768	502
768	590
768	635
768	674
768	696
768	704
768	712
768	732
768	751
768	758
768	761
768	803
768	824
768	826
768	827
768	855
768	879
768	893
768	935
768	963
768	994
769	519
769	566
769	625
769	633
769	649
769	688
769	696
769	697
769	706
769	714
769	765
769	809
769	817
769	825
769	840
769	881
769	934
769	951
770	19
770	505
770	516
770	537
770	629
770	641
770	705
770	731
770	736
770	738
770	772
770	780
770	810
770	819
770	855
770	879
770	926
770	929
770	960
770	990
771	400
771	484
771	587
771	668
771	699
771	700
771	707
771	745
771	750
771	800
771	825
771	903
771	906
771	907
771	946
771	965
771	976
771	978
772	335
772	492
772	662
772	663
772	765
772	770
772	773
772	782
772	816
772	893
772	898
772	906
772	923
772	949
772	951
772	966
772	972
772	989
772	992
773	545
773	594
773	658
773	692
773	699
773	707
773	772
773	782
773	816
773	820
773	869
773	884
773	897
773	923
773	939
773	944
773	974
773	975
773	992
774	665
774	708
774	742
774	764
774	767
774	790
774	805
774	833
774	844
774	845
774	887
774	891
774	925
774	930
774	939
774	943
774	972
774	982
774	984
774	998
775	505
775	530
775	535
775	640
775	652
775	667
775	709
775	751
775	811
775	819
775	831
775	832
775	850
775	851
775	894
775	913
775	942
775	999
776	301
776	459
776	599
776	606
776	621
776	745
776	761
776	817
776	837
776	877
776	897
776	926
776	940
776	945
776	947
776	956
776	957
776	961
776	965
777	644
777	734
777	749
777	784
777	785
777	791
777	793
777	802
777	820
777	832
777	861
777	878
777	918
777	930
777	941
777	944
777	949
777	968
777	971
777	978
778	679
778	714
778	734
778	741
778	747
778	749
778	751
778	799
778	805
778	812
778	864
778	880
778	904
778	910
778	919
778	932
778	933
778	936
778	948
778	974
778	989
778	991
779	51
779	56
779	440
779	569
779	614
779	631
779	652
779	728
779	740
779	760
779	796
779	823
779	830
779	859
779	866
779	937
779	959
779	981
780	455
780	485
780	526
780	541
780	633
780	715
780	770
780	789
780	791
780	835
780	846
780	893
780	910
780	912
780	950
780	972
780	993
780	994
781	754
781	760
781	766
781	767
781	785
781	793
781	794
781	812
781	814
781	818
781	830
781	909
781	918
781	937
781	959
781	964
781	981
781	985
781	986
781	999
782	424
782	457
782	464
782	534
782	585
782	623
782	634
782	637
782	772
782	773
782	800
782	816
782	820
782	869
782	906
782	916
782	923
782	951
782	958
783	483
783	574
783	656
783	657
783	661
783	683
783	710
783	736
783	808
783	824
783	875
783	880
783	892
783	908
783	910
783	916
783	917
783	921
783	974
784	313
784	425
784	428
784	496
784	599
784	670
784	710
784	757
784	760
784	777
784	785
784	810
784	821
784	826
784	828
784	829
784	863
784	876
784	883
784	884
784	928
784	944
784	978
785	504
785	569
785	670
785	728
785	752
785	760
785	777
785	781
785	784
785	786
785	802
785	815
785	821
785	830
785	875
785	880
785	937
785	940
785	959
785	963
785	986
786	356
786	424
786	432
786	587
786	606
786	612
786	658
786	707
786	738
786	767
786	785
786	810
786	847
786	877
786	926
786	939
786	990
786	998
786	999
787	332
787	337
787	419
787	480
787	514
787	540
787	552
787	633
787	645
787	647
787	659
787	678
787	751
787	757
787	760
787	791
787	895
787	912
787	958
787	993
787	998
788	46
788	319
788	346
788	420
788	449
788	470
788	578
788	642
788	653
788	678
788	703
788	714
788	731
788	736
788	756
788	759
788	818
788	824
788	951
788	968
788	985
789	174
789	350
789	420
789	428
789	471
789	482
789	500
789	546
789	548
789	654
789	673
789	741
789	752
789	780
789	795
789	825
789	841
789	883
789	895
789	918
789	924
789	964
790	609
790	617
790	648
790	664
790	722
790	774
790	825
790	845
790	859
790	870
790	871
790	876
790	943
790	948
790	952
790	959
790	967
790	972
790	982
790	986
790	994
791	603
791	633
791	659
791	678
791	695
791	701
791	708
791	754
791	777
791	780
791	787
791	855
791	860
791	869
791	895
791	901
791	912
791	991
791	993
791	994
792	486
792	608
792	621
792	665
792	666
792	673
792	683
792	706
792	719
792	729
792	748
792	798
792	809
792	822
792	843
792	846
792	853
792	888
792	889
792	929
792	958
792	999
793	705
793	717
793	732
793	757
793	777
793	781
793	827
793	828
793	857
793	861
793	878
793	884
793	928
793	929
793	930
793	944
793	964
793	973
793	978
793	980
793	994
793	1000
794	419
794	614
794	622
794	636
794	648
794	671
794	713
794	725
794	728
794	743
794	747
794	755
794	781
794	868
794	886
794	899
794	938
794	962
794	966
794	977
794	980
795	654
795	698
795	752
795	789
795	837
795	841
795	863
795	883
795	900
795	901
795	931
795	940
795	943
795	947
795	979
796	352
796	512
796	523
796	550
796	590
796	596
796	601
796	615
796	651
796	677
796	692
796	696
796	732
796	761
796	779
796	827
796	839
796	855
796	879
796	885
796	923
796	985
797	475
797	518
797	568
797	602
797	654
797	666
797	702
797	726
797	755
797	854
797	863
797	894
797	914
797	919
797	929
797	988
797	998
798	492
798	575
798	623
798	626
798	631
798	675
798	683
798	710
798	719
798	727
798	748
798	761
798	792
798	809
798	822
798	836
798	843
798	846
798	871
798	880
798	889
798	907
798	932
798	941
799	602
799	614
799	643
799	711
799	729
799	739
799	778
799	829
799	853
799	854
799	885
799	892
799	901
799	911
799	924
799	925
799	934
799	947
799	950
799	959
799	974
799	996
800	617
800	664
800	699
800	714
800	722
800	725
800	742
800	764
800	771
800	782
800	829
800	841
800	859
800	888
800	918
800	935
800	952
800	968
800	982
800	984
800	990
801	476
801	558
801	584
801	597
801	655
801	677
801	684
801	704
801	717
801	737
801	744
801	830
801	873
801	906
801	908
801	929
801	935
801	941
801	949
801	954
801	970
801	973
802	480
802	536
802	559
802	563
802	585
802	603
802	662
802	685
802	747
802	753
802	777
802	785
802	814
802	874
802	913
802	922
802	939
802	941
802	942
802	968
803	419
803	441
803	529
803	560
803	572
803	595
803	669
803	693
803	703
803	741
803	763
803	768
803	806
803	821
803	831
803	896
803	921
803	927
803	939
803	945
803	947
804	407
804	463
804	506
804	533
804	553
804	562
804	582
804	583
804	612
804	635
804	811
804	843
804	856
804	867
804	884
804	891
804	954
804	965
804	978
804	985
805	663
805	691
805	724
805	734
805	744
805	774
805	778
805	807
805	838
805	845
805	880
805	899
805	904
805	933
805	936
805	938
805	948
805	957
805	974
805	989
805	991
805	1000
806	580
806	669
806	693
806	703
806	730
806	763
806	803
806	823
806	828
806	854
806	859
806	866
806	882
806	896
806	903
806	921
806	927
806	939
806	945
806	980
806	986
807	241
807	379
807	452
807	474
807	521
807	527
807	576
807	586
807	691
807	696
807	709
807	805
807	813
807	821
807	853
807	866
807	932
807	941
807	955
807	968
807	981
808	446
808	491
808	502
808	646
808	665
808	712
808	716
808	723
808	746
808	783
808	812
808	814
808	890
808	953
808	965
808	980
808	990
808	995
808	997
808	999
808	1000
809	348
809	437
809	606
809	623
809	626
809	632
809	639
809	718
809	719
809	731
809	736
809	742
809	769
809	792
809	798
809	822
809	827
809	843
809	846
809	871
809	889
809	896
809	902
809	955
810	537
810	539
810	718
810	720
810	767
810	770
810	784
810	786
810	841
810	902
810	905
810	908
810	924
810	941
810	952
810	965
810	966
810	975
810	990
810	993
810	998
810	999
811	391
811	464
811	506
811	533
811	562
811	582
811	583
811	612
811	623
811	628
811	635
811	734
811	775
811	804
811	836
811	856
811	867
811	881
811	891
811	964
811	1000
812	411
812	534
812	646
812	689
812	701
812	742
812	746
812	764
812	778
812	781
812	808
812	867
812	888
812	890
812	921
812	953
812	969
812	973
812	976
812	979
812	995
812	1000
813	474
813	479
813	527
813	691
813	701
813	708
813	746
813	807
813	816
813	820
813	826
813	853
813	875
813	886
813	922
813	930
813	955
813	960
813	968
813	986
814	438
814	462
814	484
814	510
814	528
814	566
814	618
814	711
814	762
814	781
814	802
814	808
814	817
814	842
814	850
814	874
814	886
814	899
814	912
814	915
814	916
814	977
814	979
814	985
814	987
815	501
815	575
815	593
815	616
815	648
815	705
815	729
815	785
815	840
815	845
815	865
815	901
815	918
815	920
815	928
815	932
815	944
815	964
815	971
815	978
815	995
816	418
816	516
816	592
816	604
816	637
816	772
816	773
816	782
816	813
816	844
816	850
816	906
816	917
816	923
816	937
816	938
816	949
816	957
816	959
816	960
816	968
816	978
816	992
817	170
817	387
817	455
817	480
817	493
817	517
817	565
817	603
817	649
817	714
817	724
817	765
817	769
817	776
817	814
817	840
817	849
817	876
817	881
817	884
817	887
817	895
817	934
817	977
818	46
818	128
818	319
818	335
818	346
818	420
818	449
818	470
818	534
818	578
818	586
818	642
818	653
818	712
818	737
818	759
818	781
818	788
818	832
818	844
818	877
818	894
818	941
818	952
818	994
819	523
819	535
819	538
819	590
819	652
819	667
819	694
819	709
819	749
819	751
819	766
819	770
819	775
819	823
819	825
819	831
819	832
819	851
819	866
819	868
819	903
819	907
819	913
819	968
820	469
820	481
820	604
820	637
820	707
820	759
820	766
820	773
820	777
820	782
820	813
820	844
820	851
820	861
820	869
820	870
820	893
820	923
820	936
820	949
820	962
820	984
820	1000
821	499
821	575
821	660
821	670
821	728
821	743
821	745
821	760
821	784
821	785
821	803
821	807
821	830
821	831
821	859
821	909
821	921
821	924
821	937
821	959
821	981
821	986
822	308
822	317
822	541
822	551
822	577
822	623
822	624
822	626
822	631
822	639
822	719
822	748
822	792
822	798
822	809
822	843
822	846
822	866
822	889
822	893
822	905
822	966
822	980
822	999
823	406
823	523
823	535
823	652
823	654
823	701
823	709
823	740
823	746
823	751
823	779
823	806
823	819
823	831
823	832
823	851
823	854
823	910
823	913
823	919
823	948
823	969
823	997
824	78
824	128
824	146
824	298
824	498
824	512
824	568
824	590
824	648
824	662
824	672
824	696
824	761
824	766
824	768
824	783
824	788
824	879
824	924
824	935
824	974
824	983
825	184
825	343
825	359
825	402
825	493
825	565
825	649
825	657
825	709
825	714
825	760
825	769
825	771
825	789
825	790
825	819
825	838
825	840
825	844
825	849
825	914
825	934
825	966
825	980
826	164
826	355
826	478
826	605
826	644
826	646
826	705
826	710
826	715
826	750
826	763
826	768
826	784
826	813
826	828
826	829
826	837
826	876
826	928
826	930
826	944
826	964
826	971
826	997
827	498
827	512
827	590
827	694
827	696
827	732
827	758
827	768
827	793
827	796
827	809
827	831
827	846
827	882
827	885
827	908
827	935
827	937
827	939
827	953
827	964
827	973
827	983
827	995
828	549
828	566
828	614
828	644
828	663
828	681
828	722
828	732
828	743
828	757
828	784
828	793
828	806
828	826
828	829
828	845
828	857
828	859
828	861
828	918
828	944
828	957
828	964
828	997
829	520
829	577
829	697
829	709
829	731
829	784
829	799
829	800
829	826
829	828
829	848
829	861
829	876
829	883
829	908
829	914
829	918
829	928
829	934
829	944
829	950
829	961
829	964
829	971
829	978
830	441
830	512
830	561
830	569
830	572
830	577
830	653
830	668
830	670
830	692
830	705
830	728
830	754
830	779
830	781
830	785
830	801
830	821
830	847
830	892
830	909
830	944
830	957
830	959
830	986
831	255
831	523
831	535
831	651
831	667
831	700
831	709
831	710
831	747
831	751
831	775
831	803
831	819
831	821
831	823
831	827
831	832
831	850
831	851
831	862
831	913
831	964
831	966
832	406
832	574
832	624
832	630
832	652
832	657
832	667
832	709
832	737
832	740
832	751
832	775
832	777
832	818
832	819
832	823
832	831
832	834
832	838
832	851
832	895
832	913
832	952
832	995
833	47
833	113
833	237
833	349
833	433
833	479
833	545
833	584
833	606
833	668
833	704
833	761
833	774
833	863
833	864
833	877
833	922
833	937
833	963
833	965
833	974
833	986
834	363
834	420
834	482
834	507
834	531
834	546
834	610
834	645
834	656
834	697
834	727
834	766
834	832
834	836
834	841
834	865
834	866
834	868
834	874
834	882
834	887
834	890
834	920
834	975
834	977
834	978
834	988
835	37
835	49
835	176
835	297
835	451
835	455
835	526
835	628
835	640
835	653
835	678
835	685
835	780
835	860
835	864
835	899
835	948
835	965
835	986
835	987
835	993
835	994
836	244
836	384
836	481
836	529
836	542
836	585
836	610
836	611
836	727
836	729
836	748
836	758
836	766
836	798
836	811
836	834
836	861
836	882
836	884
836	920
836	975
836	977
836	987
836	988
837	3
837	218
837	274
837	414
837	423
837	439
837	459
837	467
837	521
837	524
837	573
837	599
837	619
837	620
837	708
837	776
837	795
837	826
837	870
837	897
837	904
837	940
837	956
837	957
837	976
838	218
838	334
838	455
838	550
838	602
838	623
838	663
838	744
838	747
838	749
838	805
838	825
838	832
838	847
838	880
838	904
838	932
838	936
838	970
838	974
838	987
838	989
838	990
838	991
839	419
839	420
839	550
839	570
839	571
839	591
839	625
839	645
839	704
839	706
839	733
839	735
839	767
839	796
839	865
839	866
839	879
839	887
839	908
839	909
839	927
839	931
839	954
839	985
840	184
840	335
840	469
840	493
840	565
840	637
840	687
840	714
840	765
840	769
840	815
840	817
840	825
840	848
840	849
840	861
840	864
840	881
840	883
840	891
840	907
840	934
840	943
840	966
841	260
841	281
841	350
841	363
841	473
841	482
841	494
841	500
841	521
841	528
841	548
841	585
841	650
841	680
841	698
841	741
841	752
841	766
841	767
841	789
841	795
841	800
841	810
841	834
841	863
841	875
841	890
841	900
841	916
841	942
842	79
842	266
842	484
842	534
842	566
842	588
842	595
842	605
842	611
842	694
842	699
842	720
842	730
842	814
842	848
842	869
842	915
842	916
842	927
842	941
842	944
842	979
842	985
842	994
842	997
843	247
843	326
843	422
843	549
843	608
843	623
843	626
843	631
843	639
843	683
843	719
843	748
843	792
843	798
843	804
843	809
843	822
843	846
843	874
843	889
843	896
843	922
843	974
843	991
843	1000
844	641
844	647
844	663
844	689
844	692
844	707
844	714
844	741
844	746
844	774
844	816
844	818
844	820
844	825
844	850
844	864
844	867
844	869
844	893
844	898
844	902
844	906
844	932
844	933
844	941
844	949
844	975
844	989
844	992
845	353
845	408
845	450
845	480
845	490
845	531
845	536
845	579
845	601
845	630
845	631
845	660
845	688
845	689
845	697
845	699
845	705
845	716
845	764
845	774
845	790
845	805
845	815
845	828
845	891
845	898
845	916
845	943
845	961
845	984
846	466
846	617
846	622
846	623
846	626
846	631
846	639
846	683
846	718
846	719
846	725
846	748
846	766
846	780
846	792
846	798
846	809
846	822
846	827
846	843
846	889
846	917
846	918
846	922
846	950
846	994
847	354
847	416
847	480
847	594
847	646
847	663
847	696
847	744
847	757
847	786
847	830
847	838
847	860
847	880
847	904
847	909
847	927
847	932
847	936
847	948
847	958
847	974
847	989
847	1000
848	60
848	234
848	413
848	416
848	462
848	488
848	549
848	576
848	595
848	618
848	628
848	638
848	653
848	670
848	730
848	829
848	840
848	842
848	856
848	899
848	915
848	916
848	935
848	979
848	983
848	995
848	997
849	343
849	359
849	387
849	402
849	436
849	441
849	493
849	517
849	643
849	648
849	674
849	714
849	743
849	747
849	756
849	765
849	817
849	825
849	840
849	856
849	867
849	876
849	881
849	901
849	907
849	934
849	989
850	205
850	287
850	534
850	540
850	558
850	628
850	635
850	647
850	682
850	692
850	775
850	814
850	816
850	831
850	844
850	872
850	879
850	885
850	898
850	906
850	918
850	923
850	934
850	949
850	967
850	975
850	992
851	56
851	253
851	283
851	327
851	386
851	406
851	523
851	562
851	587
851	603
851	636
851	652
851	664
851	667
851	751
851	775
851	819
851	820
851	823
851	831
851	832
851	868
851	913
851	992
852	352
852	410
852	424
852	426
852	514
852	530
852	537
852	598
852	608
852	610
852	624
852	627
852	675
852	676
852	704
852	716
852	721
852	751
852	758
852	760
852	898
852	903
852	911
852	929
852	936
852	940
852	961
852	968
853	472
853	662
853	664
853	721
853	752
853	792
853	799
853	807
853	813
853	866
853	882
853	936
853	941
853	942
853	947
853	955
853	960
853	966
853	968
853	994
853	996
853	997
854	499
854	518
854	543
854	551
854	621
854	655
854	699
854	739
854	797
854	799
854	806
854	823
854	872
854	874
854	875
854	892
854	901
854	904
854	911
854	924
854	947
854	949
854	950
854	969
854	996
855	447
855	563
855	593
855	633
855	639
855	652
855	661
855	672
855	677
855	694
855	710
855	720
855	728
855	732
855	761
855	768
855	770
855	791
855	796
855	879
855	885
855	889
855	899
855	922
855	935
855	983
856	162
856	180
856	185
856	254
856	277
856	302
856	326
856	368
856	372
856	377
856	408
856	506
856	533
856	562
856	567
856	583
856	612
856	631
856	635
856	663
856	691
856	804
856	811
856	848
856	849
856	862
856	867
856	871
856	918
856	993
857	489
857	573
857	589
857	653
857	654
857	659
857	666
857	670
857	712
857	731
857	767
857	793
857	828
857	859
857	860
857	876
857	883
857	901
857	918
857	930
857	939
857	944
857	946
857	955
857	961
857	964
857	971
858	422
858	486
858	509
858	519
858	570
858	573
858	581
858	591
858	625
858	674
858	682
858	697
858	706
858	733
858	735
858	865
858	871
858	872
858	887
858	928
858	931
858	938
858	942
858	968
858	970
858	999
859	56
859	353
859	450
859	501
859	536
859	619
859	642
859	691
859	699
859	716
859	727
859	731
859	738
859	754
859	779
859	790
859	800
859	806
859	821
859	828
859	857
859	891
859	896
859	943
859	952
859	982
859	984
859	986
860	217
860	227
860	297
860	413
860	454
860	455
860	485
860	502
860	533
860	571
860	578
860	601
860	633
860	705
860	737
860	791
860	835
860	847
860	857
860	895
860	898
860	912
860	956
860	958
860	993
860	996
861	409
861	454
861	457
861	521
861	535
861	552
861	555
861	558
861	593
861	616
861	705
861	724
861	751
861	757
861	777
861	793
861	820
861	828
861	829
861	836
861	840
861	878
861	887
861	914
861	929
861	964
861	971
861	997
862	107
862	113
862	138
862	228
862	247
862	433
862	441
862	479
862	506
862	514
862	542
862	581
862	584
862	606
862	608
862	612
862	626
862	643
862	710
862	719
862	831
862	856
862	864
862	877
862	896
862	945
862	963
862	988
863	149
863	172
863	186
863	187
863	216
863	271
863	312
863	350
863	363
863	379
863	414
863	428
863	482
863	486
863	500
863	501
863	521
863	611
863	654
863	673
863	680
863	696
863	698
863	727
863	732
863	752
863	765
863	784
863	795
863	797
863	833
863	841
863	892
864	272
864	330
864	349
864	433
864	442
864	452
864	479
864	542
864	581
864	584
864	585
864	643
864	649
864	763
864	778
864	833
864	835
864	840
864	844
864	862
864	877
864	902
864	903
864	931
864	942
864	963
864	976
865	208
865	412
865	435
865	464
865	509
865	598
865	613
865	674
865	677
865	682
865	702
865	725
865	735
865	741
865	756
865	815
865	834
865	839
865	858
865	885
865	887
865	905
865	908
865	922
865	961
865	962
865	971
866	464
866	557
866	563
866	585
866	603
866	691
866	742
866	779
866	806
866	807
866	819
866	822
866	834
866	839
866	853
866	869
866	914
866	922
866	926
866	941
866	942
866	943
866	955
866	960
867	51
867	180
867	185
867	277
867	368
867	372
867	377
867	506
867	533
867	582
867	583
867	601
867	612
867	613
867	635
867	677
867	697
867	732
867	804
867	811
867	812
867	844
867	849
867	856
867	888
867	912
867	943
867	960
867	971
868	364
868	471
868	531
868	591
868	594
868	603
868	610
868	611
868	669
868	677
868	727
868	729
868	732
868	735
868	766
868	794
868	819
868	834
868	851
868	874
868	878
868	882
868	884
868	920
868	930
868	977
868	997
869	481
869	600
869	604
869	614
869	635
869	658
869	694
869	726
869	773
869	782
869	791
869	820
869	842
869	844
869	866
869	871
869	872
869	893
869	906
869	909
869	917
869	923
869	949
869	962
869	967
869	983
870	14
870	197
870	220
870	283
870	383
870	524
870	526
870	556
870	580
870	599
870	639
870	657
870	708
870	745
870	790
870	820
870	837
870	880
870	893
870	897
870	919
870	933
870	940
870	956
870	980
870	1000
871	238
871	265
871	285
871	304
871	308
871	369
871	373
871	422
871	432
871	435
871	464
871	554
871	613
871	623
871	625
871	695
871	733
871	760
871	790
871	798
871	809
871	856
871	858
871	869
871	877
871	882
871	914
871	931
871	936
871	960
871	963
871	996
872	324
872	412
872	481
872	499
872	569
872	592
872	630
872	637
872	648
872	676
872	687
872	689
872	729
872	850
872	854
872	858
872	869
872	893
872	898
872	906
872	923
872	936
872	949
872	951
872	972
872	975
872	983
872	986
872	987
873	295
873	300
873	326
873	374
873	461
873	465
873	476
873	503
873	536
873	557
873	558
873	597
873	614
873	634
873	655
873	662
873	700
873	704
873	713
873	717
873	737
873	745
873	759
873	801
873	901
873	939
873	957
873	970
873	973
873	997
874	124
874	205
874	243
874	429
874	430
874	531
874	611
874	645
874	658
874	683
874	727
874	729
874	744
874	766
874	802
874	814
874	834
874	843
874	854
874	868
874	882
874	884
874	957
874	977
874	986
874	988
874	997
875	224
875	231
875	243
875	310
875	311
875	483
875	495
875	504
875	533
875	571
875	574
875	643
875	661
875	694
875	720
875	730
875	736
875	750
875	783
875	785
875	813
875	841
875	854
875	893
875	910
875	917
875	929
875	940
875	958
875	986
875	988
876	531
876	594
876	644
876	648
876	675
876	710
876	720
876	739
876	752
876	757
876	784
876	790
876	817
876	826
876	829
876	849
876	857
876	878
876	883
876	918
876	928
876	930
876	969
876	976
876	985
876	995
876	996
877	272
877	330
877	372
877	459
877	479
877	495
877	514
877	536
877	542
877	545
877	581
877	584
877	606
877	619
877	643
877	680
877	684
877	686
877	724
877	757
877	776
877	786
877	818
877	833
877	862
877	864
877	871
877	888
877	934
877	962
877	963
878	291
878	298
878	323
878	349
878	432
878	476
878	490
878	519
878	583
878	616
878	642
878	643
878	680
878	705
878	715
878	731
878	757
878	777
878	793
878	861
878	868
878	876
878	883
878	895
878	918
878	964
878	971
878	978
878	982
878	986
879	249
879	374
879	447
879	454
879	486
879	502
879	567
879	576
879	613
879	677
879	681
879	694
879	708
879	758
879	761
879	768
879	770
879	796
879	824
879	839
879	850
879	855
879	885
879	905
879	918
879	921
879	922
879	924
879	983
880	316
880	354
880	446
880	473
880	479
880	489
880	529
880	538
880	634
880	647
880	657
880	661
880	663
880	744
880	749
880	760
880	778
880	783
880	785
880	798
880	805
880	838
880	847
880	870
880	904
880	932
880	936
880	946
880	948
880	974
880	989
881	184
881	343
881	387
881	402
881	452
881	517
881	565
881	576
881	590
881	642
881	649
881	692
881	714
881	749
881	765
881	769
881	811
881	817
881	840
881	849
881	883
881	897
881	902
881	934
881	948
881	981
881	990
881	1000
882	252
882	531
882	561
882	585
882	610
882	611
882	629
882	638
882	645
882	720
882	727
882	729
882	765
882	766
882	806
882	827
882	834
882	836
882	853
882	868
882	871
882	874
882	896
882	956
882	963
882	975
882	977
882	987
882	988
883	409
883	430
883	514
883	535
883	565
883	584
883	616
883	629
883	705
883	712
883	722
883	731
883	757
883	784
883	789
883	795
883	829
883	840
883	857
883	876
883	878
883	881
883	905
883	918
883	928
883	960
883	963
883	968
883	971
884	234
884	316
884	355
884	429
884	430
884	500
884	555
884	610
884	611
884	619
884	645
884	729
884	766
884	767
884	773
884	784
884	793
884	804
884	817
884	836
884	868
884	874
884	907
884	920
884	936
884	954
884	977
884	988
884	991
885	374
885	423
885	465
885	470
885	486
885	498
885	503
885	512
885	539
885	554
885	567
885	598
885	676
885	677
885	696
885	703
885	704
885	725
885	758
885	796
885	799
885	827
885	850
885	855
885	865
885	879
885	891
885	935
885	943
885	983
885	985
886	308
886	430
886	510
886	526
886	527
886	573
886	636
886	675
886	690
886	701
886	703
886	723
886	738
886	743
886	794
886	813
886	814
886	888
886	899
886	900
886	906
886	910
886	927
886	928
886	933
886	938
886	954
886	962
886	966
886	970
886	980
887	234
887	317
887	369
887	435
887	443
887	444
887	451
887	464
887	476
887	554
887	556
887	570
887	571
887	591
887	597
887	613
887	682
887	717
887	766
887	774
887	817
887	834
887	839
887	858
887	861
887	865
887	931
887	935
887	944
887	966
887	972
887	994
888	226
888	315
888	370
888	377
888	469
888	480
888	511
888	532
888	560
888	619
888	620
888	652
888	665
888	712
888	725
888	746
888	792
888	800
888	812
888	867
888	877
888	886
888	890
888	919
888	941
888	942
888	969
888	978
888	995
888	1000
889	89
889	320
889	348
889	392
889	422
889	437
889	462
889	553
889	588
889	597
889	617
889	623
889	625
889	626
889	631
889	639
889	666
889	667
889	683
889	719
889	748
889	792
889	798
889	809
889	822
889	843
889	846
889	855
889	892
889	895
889	910
890	192
890	285
890	411
890	436
890	438
890	446
890	491
890	646
890	658
890	665
890	712
890	714
890	728
890	736
890	739
890	746
890	758
890	808
890	812
890	834
890	841
890	888
890	897
890	944
890	953
890	995
890	999
890	1000
891	249
891	287
891	353
891	384
891	457
891	548
891	555
891	557
891	601
891	617
891	652
891	657
891	660
891	663
891	664
891	689
891	754
891	774
891	804
891	811
891	840
891	845
891	859
891	885
891	894
891	897
891	943
891	944
891	972
891	982
891	984
891	992
892	306
892	356
892	468
892	489
892	529
892	553
892	569
892	576
892	596
892	621
892	655
892	677
892	693
892	698
892	735
892	783
892	799
892	830
892	854
892	863
892	889
892	901
892	906
892	911
892	924
892	947
892	950
892	979
892	983
892	986
892	996
893	391
893	409
893	438
893	537
893	569
893	604
893	626
893	647
893	690
893	692
893	698
893	725
893	756
893	762
893	768
893	772
893	780
893	820
893	822
893	844
893	869
893	870
893	872
893	875
893	898
893	904
893	906
893	951
893	966
893	967
893	975
893	991
893	992
894	212
894	248
894	393
894	475
894	564
894	568
894	602
894	627
894	666
894	679
894	726
894	728
894	741
894	744
894	755
894	775
894	797
894	818
894	891
894	911
894	914
894	919
894	934
894	951
894	977
894	984
894	992
895	182
895	183
895	262
895	286
895	398
895	455
895	494
895	502
895	526
895	633
895	674
895	678
895	685
895	700
895	741
895	749
895	787
895	789
895	791
895	817
895	832
895	860
895	878
895	889
895	905
895	909
895	912
895	958
895	963
895	968
896	278
896	313
896	397
896	471
896	517
896	572
896	580
896	607
896	627
896	629
896	643
896	703
896	750
896	763
896	803
896	806
896	809
896	843
896	859
896	862
896	882
896	898
896	902
896	921
896	925
896	927
896	939
896	945
897	147
897	197
897	235
897	392
897	402
897	422
897	524
897	543
897	556
897	557
897	580
897	584
897	708
897	729
897	745
897	773
897	776
897	837
897	870
897	881
897	890
897	891
897	919
897	940
897	944
897	956
897	957
897	959
897	978
897	987
898	158
898	279
898	353
898	354
898	453
898	456
898	537
898	544
898	547
898	592
898	604
898	637
898	647
898	653
898	658
898	705
898	707
898	754
898	762
898	772
898	844
898	845
898	850
898	852
898	860
898	872
898	893
898	896
898	906
898	937
898	951
898	967
898	992
899	260
899	501
899	531
899	565
899	573
899	607
899	630
899	675
899	681
899	690
899	691
899	701
899	713
899	719
899	723
899	725
899	762
899	794
899	805
899	814
899	835
899	848
899	855
899	886
899	908
899	916
899	933
899	935
899	938
899	962
899	966
899	980
899	1000
900	109
900	111
900	149
900	172
900	186
900	239
900	271
900	281
900	306
900	329
900	363
900	366
900	385
900	428
900	473
900	482
900	500
900	501
900	509
900	519
900	521
900	525
900	548
900	571
900	606
900	654
900	698
900	741
900	752
900	795
900	841
900	886
900	906
900	925
900	953
900	967
900	996
901	189
901	306
901	453
901	485
901	520
901	553
901	561
901	596
901	621
901	632
901	655
901	679
901	693
901	700
901	791
901	795
901	799
901	815
901	849
901	854
901	857
901	873
901	892
901	911
901	924
901	925
901	936
901	947
901	966
901	973
901	996
902	55
902	229
902	261
902	274
902	333
902	381
902	390
902	403
902	424
902	431
902	477
902	492
902	510
902	516
902	564
902	609
902	688
902	738
902	748
902	758
902	767
902	809
902	810
902	844
902	864
902	881
902	896
902	911
902	915
902	926
902	948
902	990
902	999
903	263
903	377
903	423
903	427
903	471
903	505
903	509
903	515
903	531
903	551
903	558
903	566
903	587
903	600
903	726
903	740
903	763
903	771
903	806
903	819
903	852
903	864
903	907
903	946
903	954
903	956
903	959
903	965
903	975
903	976
903	984
904	61
904	141
904	366
904	370
904	397
904	424
904	589
904	600
904	638
904	673
904	704
904	724
904	734
904	744
904	747
904	749
904	757
904	778
904	805
904	837
904	838
904	847
904	854
904	880
904	893
904	932
904	935
904	936
904	948
904	974
904	984
904	989
904	991
905	265
905	285
905	308
905	364
905	380
905	412
905	435
905	436
905	451
905	545
905	554
905	570
905	591
905	666
905	682
905	695
905	733
905	735
905	756
905	765
905	810
905	822
905	865
905	879
905	883
905	895
905	908
905	919
905	931
905	932
905	938
905	956
905	998
906	324
906	480
906	517
906	561
906	572
906	600
906	687
906	688
906	691
906	707
906	763
906	771
906	772
906	782
906	801
906	816
906	844
906	850
906	869
906	872
906	886
906	892
906	893
906	898
906	900
906	934
906	935
906	949
906	951
906	966
906	967
906	992
907	230
907	290
907	294
907	336
907	338
907	342
907	383
907	427
907	513
907	515
907	525
907	526
907	600
907	623
907	650
907	700
907	726
907	750
907	771
907	798
907	819
907	840
907	849
907	884
907	903
907	937
907	940
907	946
907	965
907	970
908	177
908	249
908	265
908	369
908	390
908	412
908	432
908	435
908	444
908	477
908	493
908	509
908	554
908	570
908	591
908	613
908	625
908	678
908	710
908	733
908	740
908	756
908	783
908	801
908	810
908	827
908	829
908	839
908	865
908	899
908	905
908	925
908	927
908	931
908	940
909	213
909	440
909	487
909	499
909	506
909	566
909	582
909	583
909	592
909	640
909	668
909	670
909	705
909	723
909	728
909	739
909	754
909	781
909	821
909	830
909	839
909	847
909	869
909	895
909	937
909	950
909	951
909	959
909	981
909	986
910	21
910	224
910	231
910	243
910	287
910	310
910	311
910	433
910	441
910	483
910	495
910	496
910	504
910	567
910	574
910	588
910	594
910	622
910	642
910	652
910	657
910	661
910	721
910	723
910	736
910	742
910	744
910	778
910	780
910	783
910	823
910	875
910	886
910	889
910	917
910	991
911	307
911	389
911	412
911	434
911	496
911	561
911	568
911	574
911	576
911	586
911	590
911	596
911	621
911	653
911	690
911	693
911	699
911	713
911	723
911	739
911	742
911	799
911	852
911	854
911	892
911	894
911	901
911	902
911	915
911	924
911	925
911	947
911	950
911	992
911	996
912	200
912	262
912	374
912	398
912	456
912	478
912	502
912	527
912	540
912	552
912	618
912	621
912	640
912	643
912	651
912	659
912	678
912	685
912	709
912	727
912	733
912	736
912	766
912	780
912	787
912	791
912	814
912	860
912	867
912	895
912	953
912	980
912	983
912	994
913	322
913	394
913	406
913	433
913	444
913	498
913	523
913	535
913	612
913	626
913	630
913	652
913	666
913	667
913	709
913	745
913	751
913	762
913	764
913	775
913	802
913	819
913	823
913	831
913	832
913	851
913	925
913	951
913	984
913	989
914	115
914	142
914	200
914	212
914	233
914	251
914	303
914	321
914	339
914	368
914	393
914	470
914	475
914	564
914	568
914	587
914	602
914	666
914	679
914	718
914	723
914	726
914	745
914	755
914	797
914	825
914	829
914	861
914	866
914	871
914	894
914	915
914	919
914	930
914	944
914	976
915	28
915	92
915	242
915	364
915	462
915	467
915	492
915	510
915	534
915	566
915	594
915	605
915	656
915	690
915	727
915	814
915	842
915	848
915	902
915	911
915	914
915	916
915	923
915	929
915	945
915	949
915	979
915	982
915	985
915	987
915	997
916	289
916	344
916	366
916	473
916	484
916	488
916	522
916	528
916	549
916	559
916	624
916	628
916	676
916	680
916	682
916	730
916	744
916	782
916	783
916	814
916	841
916	842
916	845
916	848
916	899
916	915
916	928
916	933
916	952
916	985
916	987
916	996
916	997
917	21
917	29
917	128
917	179
917	196
917	224
917	231
917	238
917	243
917	275
917	287
917	310
917	311
917	367
917	435
917	449
917	476
917	483
917	488
917	495
917	504
917	573
917	574
917	575
917	657
917	661
917	669
917	736
917	756
917	783
917	816
917	846
917	869
917	875
917	910
917	942
917	978
917	983
918	20
918	321
918	330
918	369
918	438
918	515
918	543
918	544
918	555
918	589
918	663
918	705
918	710
918	731
918	733
918	737
918	777
918	781
918	789
918	800
918	815
918	828
918	829
918	846
918	850
918	856
918	857
918	876
918	878
918	879
918	883
918	925
918	964
918	974
919	115
919	142
919	212
919	233
919	251
919	321
919	339
919	393
919	475
919	548
919	564
919	568
919	602
919	634
919	663
919	666
919	678
919	679
919	726
919	755
919	757
919	778
919	797
919	823
919	870
919	888
919	894
919	897
919	905
919	914
919	949
919	972
919	993
919	999
919	1000
920	334
920	351
920	364
920	365
920	399
920	408
920	429
920	497
920	538
920	551
920	556
920	581
920	609
920	611
920	612
920	646
920	650
920	681
920	692
920	702
920	727
920	729
920	757
920	766
920	815
920	834
920	836
920	868
920	884
920	933
920	936
920	939
920	947
920	977
920	988
920	993
921	38
921	206
921	278
921	360
921	413
921	472
921	559
921	572
921	578
921	580
921	584
921	591
921	616
921	657
921	661
921	662
921	669
921	703
921	736
921	759
921	763
921	783
921	803
921	806
921	812
921	821
921	879
921	896
921	927
921	939
921	945
921	955
921	960
922	24
922	399
922	427
922	437
922	497
922	517
922	527
922	559
922	573
922	585
922	603
922	615
922	650
922	662
922	686
922	691
922	744
922	802
922	813
922	833
922	843
922	846
922	855
922	865
922	866
922	879
922	941
922	942
922	950
922	955
922	960
922	968
922	979
922	997
923	135
923	171
923	236
923	286
923	331
923	449
923	469
923	563
923	578
923	582
923	604
923	609
923	614
923	647
923	658
923	702
923	754
923	763
923	772
923	773
923	782
923	796
923	816
923	820
923	850
923	869
923	872
923	915
923	934
923	945
923	951
923	967
923	975
923	984
923	992
924	215
924	297
924	496
924	520
924	553
924	561
924	593
924	596
924	612
924	621
924	633
924	655
924	673
924	693
924	698
924	701
924	739
924	749
924	755
924	758
924	760
924	789
924	799
924	810
924	821
924	824
924	854
924	879
924	892
924	901
924	911
924	925
924	947
924	950
924	957
924	994
925	98
925	127
925	263
925	287
925	323
925	325
925	434
925	443
925	453
925	480
925	496
925	553
925	561
925	565
925	576
925	655
925	688
925	693
925	721
925	739
925	774
925	799
925	896
925	900
925	901
925	908
925	911
925	913
925	918
925	924
925	928
925	947
925	950
925	960
925	996
926	94
926	95
926	122
926	140
926	188
926	261
926	296
926	313
926	332
926	353
926	368
926	388
926	389
926	445
926	477
926	492
926	521
926	532
926	544
926	588
926	618
926	629
926	641
926	719
926	720
926	734
926	738
926	741
926	759
926	770
926	776
926	786
926	866
926	902
926	950
926	979
926	988
926	990
926	998
927	206
927	278
927	317
927	327
927	360
927	397
927	413
927	472
927	491
927	532
927	572
927	580
927	627
927	629
927	669
927	670
927	671
927	703
927	712
927	738
927	763
927	803
927	806
927	839
927	842
927	847
927	886
927	896
927	908
927	921
927	936
927	939
927	945
927	966
928	6
928	132
928	258
928	286
928	319
928	326
928	371
928	402
928	419
928	446
928	535
928	543
928	593
928	598
928	613
928	648
928	654
928	710
928	721
928	731
928	757
928	784
928	793
928	815
928	826
928	829
928	858
928	876
928	883
928	886
928	916
928	925
928	930
928	936
928	939
928	978
929	36
929	81
929	108
929	186
929	190
929	202
929	246
929	352
929	367
929	410
929	424
929	426
929	514
929	525
929	530
929	593
929	608
929	624
929	627
929	672
929	673
929	676
929	686
929	716
929	721
929	747
929	770
929	792
929	793
929	797
929	801
929	852
929	861
929	875
929	915
929	961
929	963
929	979
929	998
930	28
930	273
930	382
930	403
930	467
930	476
930	488
930	513
930	523
930	543
930	544
930	580
930	608
930	637
930	648
930	691
930	705
930	731
930	774
930	777
930	793
930	813
930	826
930	857
930	868
930	876
930	914
930	928
930	944
930	954
930	965
930	971
930	978
930	979
931	211
931	304
931	369
931	412
931	435
931	444
931	451
931	489
931	509
931	519
931	573
931	591
931	605
931	695
931	706
931	719
931	744
931	746
931	754
931	756
931	767
931	795
931	839
931	858
931	864
931	871
931	887
931	905
931	908
931	953
931	986
931	989
931	990
931	991
932	116
932	268
932	327
932	331
932	338
932	456
932	483
932	503
932	527
932	561
932	594
932	610
932	636
932	663
932	724
932	743
932	747
932	749
932	763
932	778
932	798
932	807
932	815
932	838
932	844
932	847
932	880
932	904
932	905
932	936
932	974
932	989
932	991
932	994
932	999
933	9
933	74
933	134
933	151
933	180
933	193
933	198
933	225
933	269
933	311
933	359
933	477
933	505
933	529
933	543
933	552
933	573
933	578
933	630
933	641
933	675
933	690
933	701
933	713
933	723
933	725
933	743
933	756
933	778
933	805
933	844
933	870
933	886
933	899
933	916
933	920
933	938
933	962
934	68
934	104
934	155
934	194
934	198
934	222
934	340
934	348
934	359
934	372
934	380
934	387
934	402
934	479
934	517
934	519
934	554
934	565
934	628
934	649
934	661
934	696
934	709
934	714
934	761
934	765
934	769
934	799
934	817
934	825
934	829
934	840
934	849
934	850
934	877
934	881
934	894
934	906
934	923
934	947
935	71
935	82
935	112
935	252
935	332
935	342
935	374
935	454
935	465
935	486
935	498
935	552
935	645
935	662
935	672
935	677
935	694
935	696
935	711
935	721
935	756
935	758
935	761
935	768
935	800
935	801
935	824
935	827
935	848
935	855
935	885
935	887
935	899
935	904
935	906
935	959
935	962
935	973
935	983
936	10
936	23
936	424
936	475
936	581
936	594
936	627
936	658
936	724
936	734
936	744
936	747
936	749
936	778
936	805
936	820
936	838
936	847
936	852
936	853
936	871
936	872
936	880
936	884
936	901
936	904
936	920
936	927
936	928
936	932
936	948
936	962
936	974
936	991
936	993
937	353
937	367
937	417
937	541
937	569
937	575
937	599
937	635
937	668
937	670
937	710
937	728
937	734
937	735
937	750
937	754
937	759
937	760
937	779
937	781
937	785
937	816
937	821
937	827
937	833
937	898
937	907
937	909
937	959
937	964
937	971
937	972
937	981
937	986
938	151
938	225
938	304
938	353
938	360
938	404
938	406
938	437
938	478
938	578
938	603
938	622
938	630
938	636
938	646
938	683
938	696
938	701
938	713
938	717
938	731
938	742
938	743
938	794
938	805
938	816
938	858
938	886
938	899
938	905
938	933
938	950
938	954
938	962
938	966
938	980
939	38
939	206
939	360
939	397
939	413
939	572
939	580
939	627
939	669
939	672
939	703
939	738
939	763
939	773
939	774
939	786
939	802
939	803
939	806
939	827
939	857
939	873
939	896
939	920
939	921
939	927
939	928
939	943
939	945
939	946
939	969
939	970
939	1000
940	12
940	147
940	172
940	189
940	197
940	235
940	301
940	309
940	362
940	386
940	392
940	426
940	446
940	459
940	556
940	592
940	596
940	599
940	628
940	665
940	706
940	708
940	732
940	736
940	745
940	750
940	776
940	785
940	795
940	837
940	852
940	870
940	875
940	897
940	907
940	908
940	956
940	957
940	975
941	45
941	279
941	290
941	295
941	344
941	376
941	379
941	385
941	435
941	483
941	511
941	527
941	559
941	585
941	597
941	602
941	615
941	662
941	691
941	716
941	760
941	777
941	798
941	801
941	802
941	807
941	810
941	818
941	842
941	844
941	853
941	866
941	888
941	922
941	955
941	960
941	967
941	968
942	45
942	131
942	166
942	171
942	246
942	255
942	284
942	300
942	316
942	399
942	442
942	491
942	509
942	559
942	600
942	603
942	615
942	626
942	637
942	650
942	662
942	691
942	710
942	730
942	731
942	753
942	764
942	765
942	775
942	802
942	841
942	853
942	858
942	864
942	866
942	888
942	917
942	922
942	963
943	184
943	191
943	341
943	384
943	416
943	444
943	460
943	481
943	601
943	615
943	619
943	641
943	655
943	660
943	671
943	688
943	689
943	697
943	699
943	724
943	764
943	774
943	790
943	795
943	840
943	845
943	859
943	866
943	867
943	885
943	891
943	939
943	955
943	957
943	972
943	983
943	984
943	992
944	273
944	374
944	419
944	472
944	509
944	560
944	567
944	585
944	589
944	593
944	616
944	618
944	635
944	644
944	656
944	710
944	731
944	773
944	777
944	784
944	793
944	815
944	826
944	828
944	829
944	830
944	842
944	857
944	887
944	890
944	891
944	897
944	914
944	930
944	952
944	957
944	964
944	978
944	980
945	38
945	121
945	179
945	206
945	238
945	278
945	360
945	397
945	413
945	415
945	430
945	477
945	536
945	544
945	572
945	579
945	580
945	607
945	669
945	703
945	717
945	724
945	729
945	763
945	776
945	803
945	806
945	862
945	896
945	915
945	921
945	923
945	927
945	939
945	961
945	978
945	979
945	985
946	26
946	185
946	230
946	282
946	312
946	314
946	360
946	362
946	383
946	387
946	399
946	423
946	427
946	465
946	468
946	471
946	498
946	509
946	515
946	522
946	551
946	582
946	600
946	625
946	700
946	702
946	740
946	750
946	771
946	857
946	880
946	903
946	907
946	939
946	950
946	965
946	969
946	973
946	976
946	991
947	1
947	242
947	323
947	395
947	425
947	453
947	473
947	493
947	496
947	553
947	561
947	576
947	602
947	615
947	650
947	652
947	655
947	693
947	723
947	739
947	744
947	756
947	776
947	795
947	799
947	803
947	853
947	854
947	892
947	901
947	911
947	920
947	924
947	925
947	934
947	957
947	958
947	995
947	996
948	145
948	327
948	401
948	454
948	466
948	469
948	481
948	513
948	524
948	557
948	576
948	594
948	654
948	658
948	663
948	685
948	687
948	724
948	734
948	744
948	747
948	753
948	778
948	790
948	805
948	823
948	835
948	847
948	880
948	881
948	902
948	904
948	936
948	951
948	953
948	974
948	989
948	991
949	159
949	293
949	302
949	320
949	359
949	440
949	451
949	461
949	463
949	469
949	530
949	544
949	563
949	593
949	637
949	646
949	647
949	654
949	723
949	772
949	777
949	801
949	816
949	820
949	844
949	850
949	854
949	869
949	872
949	906
949	915
949	919
949	951
949	952
949	962
949	967
949	971
949	975
949	992
950	1
950	127
950	200
950	244
950	338
950	363
950	395
950	425
950	432
950	453
950	496
950	513
950	553
950	561
950	576
950	596
950	604
950	611
950	619
950	621
950	667
950	693
950	780
950	799
950	829
950	846
950	854
950	892
950	909
950	911
950	922
950	924
950	925
950	926
950	938
950	946
950	953
950	992
950	996
951	115
951	168
951	214
951	219
951	290
951	324
951	369
951	389
951	391
951	410
951	483
951	507
951	592
951	604
951	630
951	658
951	692
951	707
951	726
951	735
951	757
951	769
951	772
951	782
951	788
951	872
951	893
951	894
951	898
951	906
951	909
951	913
951	923
951	948
951	949
951	975
951	977
951	992
951	998
952	24
952	123
952	135
952	191
952	223
952	236
952	302
952	310
952	355
952	415
952	460
952	490
952	555
952	565
952	579
952	601
952	610
952	626
952	660
952	664
952	674
952	675
952	688
952	742
952	764
952	790
952	800
952	810
952	818
952	832
952	859
952	916
952	944
952	949
952	957
952	961
952	981
952	982
952	984
952	987
952	990
953	91
953	181
953	315
953	343
953	370
953	409
953	411
953	422
953	436
953	446
953	448
953	491
953	501
953	506
953	510
953	511
953	544
953	560
953	566
953	619
953	620
953	646
953	665
953	694
953	740
953	808
953	812
953	827
953	890
953	900
953	912
953	931
953	948
953	950
953	968
953	969
953	976
953	977
953	995
953	1000
954	108
954	125
954	193
954	225
954	376
954	384
954	411
954	479
954	481
954	498
954	505
954	529
954	569
954	573
954	630
954	636
954	676
954	684
954	690
954	701
954	713
954	723
954	725
954	743
954	801
954	804
954	839
954	884
954	886
954	903
954	930
954	938
954	962
954	966
954	980
954	982
954	987
954	993
955	65
955	76
955	80
955	90
955	131
955	162
955	201
955	273
955	290
955	309
955	375
955	381
955	402
955	429
955	442
955	444
955	474
955	527
955	544
955	547
955	585
955	595
955	603
955	650
955	662
955	681
955	696
955	701
955	753
955	756
955	807
955	809
955	813
955	853
955	857
955	866
955	921
955	922
955	941
955	943
955	960
955	968
956	14
956	95
956	132
956	189
956	235
956	283
956	292
956	298
956	301
956	309
956	376
956	392
956	459
956	524
956	556
956	568
956	596
956	599
956	616
956	641
956	656
956	664
956	677
956	706
956	708
956	745
956	764
956	776
956	837
956	860
956	870
956	882
956	897
956	903
956	905
956	940
956	957
956	961
956	978
956	1000
957	12
957	30
957	32
957	66
957	86
957	99
957	109
957	124
957	197
957	235
957	283
957	292
957	309
957	392
957	407
957	459
957	493
957	524
957	556
957	599
957	611
957	708
957	727
957	745
957	776
957	805
957	816
957	828
957	830
957	837
957	873
957	874
957	897
957	924
957	940
957	943
957	944
957	947
957	952
957	956
957	958
957	981
958	42
958	52
958	54
958	73
958	119
958	126
958	136
958	154
958	167
958	177
958	182
958	250
958	264
958	271
958	286
958	358
958	381
958	382
958	414
958	456
958	467
958	485
958	508
958	515
958	526
958	540
958	549
958	552
958	599
958	640
958	685
958	688
958	751
958	782
958	787
958	792
958	847
958	860
958	875
958	895
958	947
958	957
958	969
958	994
959	137
959	323
959	358
959	400
959	417
959	440
959	466
959	484
959	489
959	494
959	499
959	500
959	560
959	570
959	575
959	666
959	668
959	670
959	683
959	711
959	728
959	733
959	740
959	754
959	760
959	779
959	781
959	785
959	790
959	799
959	816
959	821
959	830
959	897
959	903
959	909
959	935
959	937
959	975
959	979
959	981
959	986
959	999
960	64
960	129
960	131
960	149
960	255
960	284
960	290
960	316
960	374
960	379
960	385
960	394
960	439
960	442
960	474
960	508
960	527
960	559
960	563
960	582
960	629
960	647
960	691
960	712
960	739
960	752
960	753
960	757
960	770
960	813
960	816
960	853
960	866
960	867
960	871
960	883
960	921
960	922
960	925
960	941
960	955
960	968
961	43
961	100
961	108
961	141
961	190
961	199
961	202
961	238
961	242
961	246
961	306
961	352
961	424
961	426
961	458
961	497
961	525
961	542
961	547
961	550
961	601
961	608
961	609
961	615
961	624
961	660
961	676
961	686
961	708
961	716
961	721
961	776
961	829
961	845
961	852
961	857
961	865
961	929
961	945
961	952
961	956
961	989
962	67
962	85
962	156
962	267
962	295
962	433
962	450
962	489
962	492
962	505
962	529
962	562
962	577
962	599
962	622
962	630
962	666
962	670
962	675
962	686
962	690
962	701
962	713
962	723
962	725
962	743
962	749
962	794
962	820
962	865
962	869
962	877
962	886
962	899
962	933
962	935
962	936
962	938
962	949
962	954
962	966
962	980
963	6
963	11
963	36
963	76
963	97
963	107
963	113
963	121
963	138
963	237
963	247
963	272
963	288
963	330
963	407
963	433
963	503
963	542
963	545
963	555
963	581
963	584
963	590
963	631
963	643
963	653
963	690
963	696
963	713
963	768
963	785
963	833
963	862
963	864
963	871
963	877
963	882
963	883
963	895
963	929
963	942
963	972
963	977
963	990
964	176
964	240
964	325
964	326
964	336
964	363
964	380
964	409
964	438
964	451
964	510
964	514
964	526
964	543
964	544
964	570
964	589
964	622
964	636
964	644
964	659
964	676
964	682
964	743
964	757
964	781
964	789
964	793
964	811
964	815
964	826
964	827
964	828
964	829
964	831
964	857
964	861
964	878
964	918
964	937
964	944
964	978
964	981
965	5
965	44
965	74
965	105
965	117
965	139
965	168
965	207
965	230
965	274
965	338
965	342
965	362
965	383
965	396
965	414
965	424
965	427
965	428
965	471
965	486
965	510
965	522
965	525
965	551
965	557
965	563
965	600
965	655
965	702
965	713
965	740
965	771
965	776
965	804
965	808
965	810
965	833
965	835
965	903
965	907
965	930
965	946
965	976
965	980
966	13
966	19
966	151
966	161
966	267
966	269
966	322
966	505
966	562
966	596
966	622
966	630
966	636
966	675
966	680
966	682
966	701
966	713
966	723
966	725
966	772
966	794
966	810
966	822
966	825
966	831
966	840
966	853
966	886
966	887
966	893
966	899
966	901
966	906
966	927
966	938
966	954
966	962
966	987
966	992
967	26
967	81
967	118
967	173
967	179
967	181
967	198
967	201
967	210
967	214
967	245
967	288
967	289
967	304
967	327
967	340
967	371
967	426
967	447
967	457
967	461
967	463
967	470
967	481
967	527
967	541
967	543
967	565
967	619
967	632
967	637
967	655
967	660
967	687
967	692
967	707
967	790
967	850
967	869
967	893
967	898
967	900
967	906
967	923
967	941
967	949
967	975
968	140
968	145
968	156
968	162
968	166
968	202
968	228
968	255
968	289
968	316
968	340
968	368
968	399
968	442
968	528
968	542
968	556
968	563
968	615
968	662
968	667
968	691
968	753
968	764
968	777
968	788
968	800
968	802
968	807
968	813
968	816
968	819
968	852
968	853
968	858
968	883
968	895
968	922
968	941
968	953
968	955
968	960
968	998
969	18
969	49
969	86
969	91
969	103
969	172
969	204
969	213
969	221
969	256
969	259
969	292
969	345
969	386
969	411
969	415
969	436
969	446
969	448
969	480
969	491
969	502
969	511
969	529
969	560
969	620
969	646
969	665
969	690
969	712
969	743
969	746
969	812
969	823
969	854
969	876
969	888
969	939
969	946
969	953
969	958
969	986
969	995
969	1000
970	72
970	120
970	143
970	158
970	204
970	227
970	254
970	258
970	259
970	271
970	273
970	300
970	333
970	345
970	357
970	378
970	413
970	476
970	495
970	507
970	546
970	557
970	558
970	581
970	597
970	634
970	684
970	695
970	701
970	704
970	711
970	715
970	717
970	737
970	751
970	756
970	801
970	838
970	858
970	873
970	886
970	907
970	939
970	973
970	990
971	5
971	53
971	61
971	106
971	112
971	115
971	165
971	223
971	240
971	273
971	280
971	336
971	347
971	383
971	392
971	427
971	507
971	524
971	544
971	560
971	570
971	638
971	648
971	651
971	679
971	704
971	710
971	717
971	745
971	757
971	764
971	777
971	815
971	826
971	829
971	857
971	861
971	865
971	867
971	878
971	883
971	930
971	937
971	949
971	978
972	28
972	102
972	114
972	135
972	152
972	191
972	223
972	236
972	302
972	341
972	355
972	383
972	384
972	386
972	415
972	429
972	460
972	462
972	474
972	555
972	613
972	619
972	628
972	661
972	684
972	688
972	689
972	695
972	699
972	742
972	772
972	774
972	780
972	790
972	872
972	887
972	891
972	919
972	937
972	943
972	963
972	980
972	981
972	982
972	984
972	998
973	72
973	120
973	204
973	227
973	254
973	259
973	295
973	300
973	309
973	357
973	378
973	429
973	476
973	511
973	546
973	557
973	565
973	597
973	618
973	620
973	634
973	684
973	697
973	704
973	717
973	737
973	762
973	793
973	801
973	812
973	827
973	873
973	901
973	935
973	946
973	970
973	976
973	979
973	984
973	994
973	997
973	998
974	86
974	94
974	122
974	133
974	250
974	264
974	276
974	293
974	386
974	402
974	418
974	449
974	520
974	539
974	594
974	627
974	648
974	690
974	705
974	724
974	725
974	734
974	744
974	747
974	773
974	778
974	783
974	799
974	805
974	824
974	833
974	838
974	843
974	847
974	880
974	904
974	918
974	932
974	936
974	948
974	989
974	991
975	59
975	103
975	175
975	190
975	214
975	245
975	324
975	328
975	331
975	337
975	346
975	382
975	401
975	461
975	463
975	469
975	507
975	592
975	595
975	605
975	648
975	658
975	692
975	697
975	707
975	746
975	753
975	767
975	773
975	810
975	834
975	836
975	844
975	850
975	872
975	882
975	893
975	903
975	923
975	940
975	949
975	951
975	959
975	967
975	992
976	74
976	117
976	163
976	169
976	198
976	202
976	207
976	274
976	322
976	338
976	383
976	403
976	423
976	427
976	449
976	471
976	486
976	515
976	521
976	522
976	530
976	551
976	574
976	587
976	600
976	603
976	628
976	700
976	702
976	715
976	724
976	728
976	740
976	750
976	752
976	771
976	812
976	837
976	864
976	876
976	903
976	914
976	946
976	953
976	965
976	973
976	997
977	134
977	178
977	216
977	232
977	237
977	266
977	296
977	303
977	334
977	351
977	364
977	370
977	396
977	408
977	429
977	487
977	495
977	497
977	518
977	531
977	637
977	645
977	671
977	729
977	758
977	759
977	760
977	766
977	794
977	814
977	817
977	834
977	836
977	868
977	874
977	882
977	884
977	894
977	920
977	951
977	953
977	963
977	993
978	112
978	187
978	194
978	225
978	265
978	280
978	336
978	361
978	406
978	423
978	466
978	472
978	511
978	543
978	569
978	589
978	593
978	616
978	627
978	638
978	663
978	711
978	731
978	771
978	777
978	784
978	793
978	804
978	815
978	816
978	829
978	834
978	878
978	888
978	897
978	917
978	928
978	930
978	944
978	945
978	956
978	964
978	971
978	982
979	84
979	100
979	160
979	239
979	294
979	303
979	305
979	307
979	318
979	366
979	400
979	408
979	420
979	423
979	482
979	484
979	528
979	540
979	564
979	595
979	598
979	605
979	617
979	628
979	730
979	734
979	795
979	812
979	814
979	842
979	848
979	892
979	915
979	922
979	926
979	929
979	930
979	945
979	959
979	973
979	985
979	987
979	991
979	997
979	998
980	16
980	40
980	88
980	161
980	193
980	263
980	269
980	291
980	352
980	385
980	406
980	462
980	465
980	485
980	503
980	505
980	507
980	512
980	573
980	622
980	629
980	636
980	690
980	701
980	713
980	718
980	725
980	727
980	743
980	793
980	794
980	806
980	808
980	822
980	825
980	870
980	886
980	899
980	912
980	938
980	944
980	954
980	962
980	965
980	972
980	1000
981	15
981	40
981	137
981	157
981	195
981	218
981	257
981	261
981	263
981	347
981	351
981	358
981	367
981	421
981	440
981	460
981	466
981	477
981	482
981	487
981	489
981	499
981	528
981	569
981	575
981	584
981	604
981	668
981	710
981	711
981	718
981	726
981	728
981	754
981	760
981	779
981	781
981	807
981	821
981	881
981	909
981	937
981	952
981	957
981	959
981	964
981	972
981	983
982	102
982	123
982	132
982	166
982	312
982	320
982	443
982	457
982	460
982	461
982	478
982	488
982	489
982	536
982	540
982	559
982	575
982	590
982	596
982	599
982	601
982	618
982	626
982	644
982	650
982	664
982	689
982	697
982	699
982	713
982	728
982	742
982	764
982	774
982	790
982	800
982	859
982	878
982	891
982	915
982	952
982	954
982	972
982	978
982	984
982	985
983	78
983	82
983	96
983	119
983	135
983	170
983	201
983	276
983	314
983	362
983	369
983	374
983	376
983	378
983	447
983	454
983	465
983	486
983	498
983	549
983	590
983	649
983	669
983	672
983	677
983	688
983	728
983	732
983	758
983	761
983	824
983	827
983	848
983	855
983	869
983	872
983	879
983	885
983	892
983	912
983	917
983	935
983	943
983	981
983	986
983	990
984	123
984	152
984	153
984	223
984	253
984	341
984	355
984	384
984	393
984	415
984	416
984	457
984	460
984	470
984	484
984	561
984	574
984	580
984	601
984	617
984	623
984	656
984	665
984	673
984	678
984	683
984	688
984	689
984	699
984	764
984	774
984	800
984	820
984	845
984	859
984	891
984	894
984	903
984	904
984	913
984	923
984	943
984	952
984	972
984	973
984	982
984	999
985	33
985	99
985	111
985	169
985	211
985	239
985	262
985	302
985	307
985	345
985	387
985	400
985	528
985	534
985	549
985	592
985	593
985	612
985	618
985	628
985	633
985	659
985	664
985	679
985	680
985	730
985	763
985	781
985	788
985	796
985	804
985	814
985	839
985	842
985	876
985	885
985	915
985	916
985	945
985	979
985	982
985	987
985	997
985	998
986	15
986	43
986	234
986	248
986	257
986	278
986	320
986	358
986	367
986	421
986	438
986	466
986	487
986	489
986	494
986	499
986	569
986	572
986	575
986	607
986	668
986	670
986	687
986	728
986	754
986	760
986	781
986	785
986	790
986	806
986	813
986	821
986	830
986	833
986	835
986	859
986	872
986	874
986	875
986	878
986	892
986	909
986	931
986	937
986	959
986	969
986	983
986	995
987	84
987	92
987	130
987	152
987	169
987	211
987	239
987	258
987	303
987	307
987	322
987	366
987	400
987	474
987	484
987	487
987	488
987	515
987	524
987	528
987	534
987	551
987	554
987	595
987	628
987	656
987	668
987	678
987	680
987	681
987	685
987	730
987	814
987	835
987	836
987	838
987	872
987	882
987	897
987	915
987	916
987	952
987	954
987	966
987	979
987	985
988	2
988	111
988	144
988	178
988	181
988	190
988	266
988	296
988	303
988	333
988	336
988	340
988	351
988	396
988	408
988	429
988	430
988	435
988	452
988	497
988	531
988	567
988	604
988	611
988	619
988	621
988	622
988	631
988	632
988	668
988	689
988	711
988	727
988	729
988	730
988	743
988	766
988	797
988	834
988	836
988	862
988	874
988	875
988	882
988	884
988	920
988	926
989	16
989	27
989	101
989	109
989	131
989	177
989	252
989	280
989	299
989	302
989	327
989	365
989	387
989	392
989	397
989	418
989	463
989	487
989	512
989	571
989	594
989	605
989	653
989	663
989	675
989	724
989	734
989	744
989	747
989	749
989	772
989	778
989	805
989	838
989	844
989	847
989	849
989	880
989	904
989	913
989	931
989	932
989	948
989	961
989	974
989	991
990	27
990	34
990	94
990	139
990	140
990	148
990	229
990	267
990	311
990	333
990	388
990	390
990	403
990	414
990	431
990	432
990	461
990	492
990	510
990	539
990	541
990	550
990	595
990	608
990	609
990	629
990	641
990	683
990	694
990	718
990	764
990	770
990	786
990	800
990	808
990	810
990	838
990	881
990	902
990	926
990	931
990	952
990	963
990	970
990	983
990	996
990	997
991	9
991	16
991	101
991	202
991	250
991	327
991	331
991	354
991	371
991	386
991	418
991	420
991	432
991	460
991	511
991	541
991	613
991	642
991	651
991	658
991	659
991	663
991	664
991	676
991	724
991	734
991	747
991	749
991	752
991	778
991	791
991	805
991	838
991	843
991	884
991	893
991	904
991	910
991	931
991	932
991	936
991	946
991	948
991	974
991	979
991	989
991	992
992	100
992	118
992	193
992	198
992	244
992	265
992	288
992	374
992	391
992	415
992	426
992	461
992	463
992	500
992	507
992	530
992	539
992	568
992	600
992	604
992	647
992	658
992	692
992	699
992	702
992	703
992	707
992	772
992	773
992	816
992	844
992	850
992	851
992	891
992	893
992	894
992	898
992	906
992	911
992	923
992	943
992	949
992	950
992	951
992	966
992	975
992	991
993	23
993	54
993	154
993	156
993	183
993	203
993	209
993	262
993	264
993	357
993	382
993	409
993	441
993	456
993	485
993	508
993	518
993	526
993	531
993	545
993	572
993	583
993	587
993	640
993	659
993	671
993	685
993	689
993	695
993	716
993	718
993	747
993	780
993	787
993	791
993	810
993	835
993	856
993	860
993	919
993	920
993	936
993	954
993	977
993	994
993	999
994	7
994	31
994	60
994	156
994	165
994	167
994	183
994	199
994	203
994	208
994	209
994	217
994	254
994	348
994	395
994	398
994	404
994	441
994	442
994	455
994	456
994	508
994	549
994	594
994	628
994	640
994	650
994	659
994	678
994	685
994	714
994	768
994	780
994	790
994	791
994	793
994	818
994	835
994	842
994	846
994	853
994	887
994	912
994	924
994	932
994	958
994	973
994	993
995	70
995	91
995	107
995	108
995	175
995	181
995	220
995	221
995	226
995	256
995	276
995	315
995	328
995	345
995	370
995	448
995	454
995	478
995	480
995	511
995	528
995	547
995	554
995	560
995	620
995	637
995	665
995	680
995	712
995	724
995	745
995	746
995	750
995	762
995	808
995	812
995	815
995	827
995	832
995	848
995	876
995	888
995	890
995	947
995	953
995	969
995	986
995	1000
996	44
996	55
996	146
996	219
996	229
996	232
996	244
996	279
996	306
996	323
996	333
996	338
996	339
996	343
996	358
996	395
996	425
996	431
996	453
996	470
996	482
996	496
996	499
996	535
996	553
996	555
996	576
996	596
996	621
996	640
996	655
996	693
996	739
996	754
996	799
996	853
996	854
996	860
996	871
996	876
996	892
996	900
996	901
996	911
996	916
996	925
996	947
996	950
996	990
997	41
997	99
997	130
997	167
997	169
997	294
997	305
997	321
997	344
997	349
997	366
997	393
997	400
997	440
997	484
997	494
997	534
997	566
997	595
997	605
997	608
997	618
997	628
997	636
997	656
997	678
997	680
997	808
997	823
997	826
997	828
997	842
997	848
997	853
997	861
997	868
997	873
997	874
997	915
997	916
997	922
997	973
997	976
997	979
997	985
997	990
998	57
998	95
998	129
998	148
998	164
998	166
998	216
998	250
998	261
998	269
998	270
998	313
998	333
998	390
998	403
998	477
998	492
998	500
998	519
998	532
998	537
998	550
998	591
998	596
998	609
998	611
998	629
998	641
998	705
998	718
998	720
998	738
998	747
998	760
998	774
998	786
998	787
998	797
998	810
998	905
998	926
998	929
998	951
998	968
998	972
998	973
998	979
998	985
998	999
999	22
999	27
999	55
999	85
999	110
999	129
999	139
999	164
999	206
999	304
999	325
999	333
999	381
999	383
999	390
999	401
999	403
999	431
999	477
999	492
999	533
999	550
999	609
999	629
999	641
999	676
999	689
999	738
999	748
999	761
999	766
999	767
999	775
999	781
999	786
999	792
999	808
999	810
999	822
999	858
999	890
999	902
999	919
999	932
999	959
999	984
999	993
999	998
1000	10
1000	175
1000	179
1000	181
1000	221
1000	226
1000	227
1000	229
1000	233
1000	256
1000	273
1000	315
1000	329
1000	345
1000	370
1000	411
1000	436
1000	448
1000	480
1000	511
1000	515
1000	560
1000	620
1000	643
1000	646
1000	665
1000	708
1000	712
1000	740
1000	793
1000	805
1000	808
1000	811
1000	812
1000	820
1000	843
1000	847
1000	870
1000	881
1000	888
1000	890
1000	899
1000	919
1000	939
1000	953
1000	956
1000	969
1000	980
1000	995
