1	953
2	996
6	949
10	881
14	936
15	947
15	992
16	991
17	940
18	916
18	963
19	962
19	991
19	992
21	949
22	989
23	984
24	969
26	967
27	938
27	979
27	986
29	999
31	875
33	974
34	954
34	993
37	905
37	933
38	856
40	897
43	914
44	997
45	832
45	861
45	955
46	949
46	983
47	982
48	938
48	987
49	958
50	938
51	997
52	992
53	897
54	865
54	972
54	973
56	942
56	950
57	983
57	996
58	992
59	911
59	974
59	995
60	953
61	988
62	977
63	878
63	947
64	832
65	857
65	920
67	971
68	966
68	997
69	974
69	979
69	989
69	997
70	913
71	985
72	960
73	1000
74	862
74	910
74	938
75	919
75	956
75	989
76	954
78	970
79	629
80	974
81	949
83	999
84	905
84	967
85	871
85	961
85	980
86	951
87	983
88	945
89	981
89	982
89	988
90	957
91	869
91	876
91	902
91	940
91	969
92	933
92	974
92	995
93	885
93	897
93	997
94	974
94	995
95	970
96	916
96	995
96	999
97	972
97	977
98	929
98	973
99	869
99	876
100	931
101	879
101	906
102	947
102	966
103	991
104	973
104	976
105	815
105	967
105	997
106	943
107	966
108	974
109	815
110	981
111	1000
112	953
112	954
113	921
113	982
114	933
115	829
115	854
115	976
116	903
116	975
116	989
118	952
119	967
120	850
120	913
120	997
121	872
122	947
123	946
123	989
124	966
124	973
124	974
125	946
126	984
127	988
128	982
128	989
129	968
129	1000
133	827
133	986
133	989
134	991
135	773
135	854
135	1000
136	968
137	949
138	933
138	974
138	994
138	995
139	869
139	876
139	987
140	943
140	974
140	983
141	864
141	979
142	976
143	869
143	952
144	958
145	868
147	925
147	936
147	975
148	873
148	940
148	956
148	968
149	902
149	993
150	976
151	890
152	977
153	857
153	920
154	938
157	951
158	980
159	984
159	988
160	957
160	984
161	837
161	946
161	985
162	995
163	823
163	950
163	979
164	974
165	790
165	947
165	949
165	983
166	936
166	979
166	983
167	974
167	995
168	920
168	953
168	975
168	976
169	955
169	992
170	891
170	994
171	812
172	919
172	981
173	837
173	881
174	902
174	958
174	973
175	812
175	879
176	930
177	840
177	892
178	928
178	942
179	925
179	934
179	983
180	940
180	974
180	988
180	1000
181	956
181	987
182	941
182	957
182	982
182	984
183	861
184	956
184	980
185	952
186	937
186	981
187	971
187	985
187	993
188	942
189	733
190	933
191	797
191	979
191	986
191	987
192	950
192	952
192	968
192	988
193	947
193	962
193	993
194	962
195	931
195	972
195	977
196	995
197	973
197	984
198	940
198	983
198	993
199	901
199	962
199	969
200	931
201	937
201	974
201	992
201	995
202	890
203	799
203	916
204	938
204	961
205	722
205	812
205	987
206	773
206	991
207	852
207	902
207	956
208	919
208	936
209	890
209	897
210	928
210	954
211	986
212	958
212	964
213	877
214	890
215	875
215	920
215	954
216	850
216	972
217	985
217	987
217	989
218	877
219	903
219	913
220	868
220	883
221	912
221	942
221	984
221	1000
222	922
223	864
223	984
224	900
224	986
225	869
225	876
225	988
226	943
226	956
226	960
227	884
227	952
227	956
228	837
228	946
228	980
229	953
229	999
230	949
231	894
231	954
231	965
232	865
232	903
232	973
234	901
234	947
235	991
235	992
236	981
237	960
237	988
238	815
238	925
238	955
239	757
239	948
240	951
240	982
241	628
241	814
242	900
242	938
242	939
243	896
243	943
244	956
245	913
245	960
245	967
245	982
246	883
246	884
246	919
247	780
248	897
248	950
248	954
249	953
249	954
249	976
250	956
250	978
250	982
250	998
251	840
251	883
251	992
252	912
252	965
252	969
253	869
253	876
253	960
253	966
254	893
254	954
254	955
254	964
254	968
254	972
255	793
255	982
257	949
258	905
258	927
258	969
258	994
259	901
259	947
259	960
260	812
260	927
260	993
261	953
261	967
261	991
261	992
262	977
262	999
263	979
263	989
264	815
264	883
264	884
264	885
265	890
265	897
265	953
266	827
267	883
267	884
267	906
267	959
268	883
268	936
269	861
269	872
269	960
269	966
269	999
270	905
270	927
270	942
270	973
271	947
271	949
271	953
271	960
271	962
272	812
273	931
273	994
275	839
275	865
276	935
276	962
276	993
277	902
277	903
278	907
278	959
278	963
278	970
280	507
280	604
280	637
280	688
281	879
281	952
281	975
281	988
282	967
282	985
283	838
283	890
283	897
283	987
284	921
284	933
284	945
284	986
285	930
285	937
285	961
285	971
285	981
286	947
286	957
286	959
286	963
286	970
287	927
288	832
288	885
288	890
288	897
288	956
289	971
289	980
290	829
290	957
291	967
291	982
291	992
292	946
293	830
293	915
293	930
293	943
293	945
293	1000
294	962
294	967
294	982
295	854
295	901
295	928
296	866
296	907
296	951
297	860
297	930
297	933
297	973
297	977
297	996
298	960
298	966
298	973
298	992
299	802
299	911
299	925
299	977
300	853
300	910
300	913
300	938
300	961
301	712
301	890
301	897
302	936
302	965
302	969
302	992
303	883
303	884
303	890
303	893
303	900
304	885
304	907
304	957
304	982
305	807
305	812
305	927
305	945
306	849
306	878
306	974
306	995
307	820
307	839
307	907
307	976
308	905
308	929
308	932
308	935
308	991
308	992
309	787
309	962
309	968
309	981
310	862
310	947
310	949
310	952
310	959
310	962
311	947
311	962
311	969
312	786
312	812
312	914
313	765
313	958
314	866
314	907
314	985
315	765
315	962
315	975
315	978
316	838
316	890
316	897
316	919
316	938
317	914
317	965
317	969
318	894
318	914
318	966
318	981
318	989
319	619
319	766
319	787
320	802
320	857
320	932
320	984
320	991
320	992
321	701
321	733
322	828
322	966
322	991
324	953
324	958
324	973
324	995
324	999
325	883
325	925
325	978
325	985
325	987
326	903
326	938
326	946
327	868
327	869
327	875
327	876
327	897
328	808
328	942
328	981
329	786
329	812
329	972
329	989
330	751
330	829
330	980
331	932
331	946
331	967
331	982
331	987
332	802
332	885
332	936
333	865
333	921
333	936
333	1000
334	815
334	942
335	789
335	815
335	982
335	988
336	840
336	900
336	907
336	969
337	869
337	876
337	960
337	993
338	967
338	978
338	1000
339	902
339	939
339	971
340	550
340	787
340	803
340	963
341	853
341	862
341	938
341	941
341	990
341	997
342	832
342	850
342	920
342	950
342	952
342	968
342	988
343	766
343	787
343	885
343	937
344	960
345	768
345	805
345	965
345	995
346	937
346	966
346	994
347	759
347	911
347	944
347	980
348	869
348	876
348	903
348	912
348	943
349	881
349	915
349	941
349	950
349	967
349	982
349	984
350	768
350	805
350	882
351	835
351	855
351	976
352	793
352	814
352	818
352	878
352	892
352	952
353	899
353	921
353	922
353	930
353	945
354	850
354	908
354	963
354	967
354	982
355	934
355	942
355	964
355	967
355	994
356	824
356	836
356	843
356	913
356	936
357	733
357	948
358	920
358	952
358	968
358	988
358	991
359	763
359	805
359	892
360	766
360	787
360	917
360	943
360	972
360	999
361	887
361	936
361	958
361	967
361	983
362	854
362	920
362	928
362	953
363	832
363	846
363	925
363	978
364	770
364	839
364	887
364	939
364	943
365	840
365	870
365	883
365	884
365	896
365	976
366	945
366	951
366	962
366	977
367	851
367	881
367	949
367	994
368	911
368	913
368	967
368	974
368	976
368	995
369	993
370	939
370	943
370	968
370	975
370	988
371	879
371	933
371	934
371	975
372	799
372	890
372	963
373	850
373	937
373	942
373	979
373	982
374	924
374	949
374	965
374	969
374	984
375	814
375	908
375	928
375	950
375	954
375	966
375	976
375	998
376	871
376	912
376	955
376	960
376	998
377	822
377	842
377	905
377	906
377	927
377	961
377	973
378	890
378	911
378	974
378	995
379	786
379	869
379	876
379	931
380	724
380	812
380	847
380	903
380	911
380	974
380	995
381	802
381	837
381	854
381	865
381	946
381	957
381	969
382	796
382	871
382	882
382	957
382	958
382	985
383	748
383	817
383	863
383	867
383	940
383	956
384	729
384	751
384	829
385	900
385	939
385	985
386	836
386	853
386	904
386	910
386	918
386	938
386	949
387	806
387	880
387	916
387	931
387	948
387	992
388	894
388	902
388	914
388	979
388	983
388	986
388	995
389	808
389	856
389	904
389	929
389	932
389	982
389	991
389	992
390	862
390	910
390	938
390	953
390	961
391	874
391	902
391	925
391	967
391	972
391	980
391	988
391	996
392	854
392	939
392	943
392	975
392	976
392	983
393	792
393	840
393	881
393	884
393	919
393	992
393	997
394	680
394	826
394	869
394	876
394	950
395	822
395	842
395	905
395	906
395	913
395	927
395	963
395	968
395	991
396	799
396	806
396	878
396	904
396	916
396	946
397	766
397	787
397	815
397	900
398	722
398	786
398	812
398	913
398	962
398	984
399	739
399	840
399	883
399	884
399	901
400	824
400	887
400	940
400	943
400	969
400	975
400	979
401	807
401	835
401	847
401	869
401	964
402	817
402	900
402	908
402	913
402	946
402	964
402	979
402	982
402	994
403	864
403	876
403	906
403	935
403	945
403	952
404	758
404	807
404	846
404	875
404	905
404	906
404	927
405	807
405	878
405	930
405	953
405	976
405	990
406	937
406	939
406	943
406	975
406	979
406	983
407	832
407	877
407	907
407	960
407	963
408	847
408	913
408	955
408	976
408	994
408	997
408	998
409	754
409	886
409	913
409	929
409	971
409	991
409	992
410	594
410	734
410	878
410	921
410	924
410	945
410	977
411	731
411	756
411	848
411	877
412	736
412	782
412	916
412	994
413	924
413	938
413	963
413	965
413	969
414	838
414	890
414	897
414	933
414	967
414	974
414	976
415	853
415	858
415	899
415	965
415	979
415	986
415	989
416	819
416	828
416	835
416	890
416	894
416	930
416	933
416	979
416	986
416	989
417	871
417	891
417	959
417	963
417	968
417	970
417	982
418	763
418	768
418	805
418	879
419	789
419	815
419	895
419	920
419	926
419	936
419	949
420	731
420	756
420	759
420	841
420	877
420	930
421	809
421	840
421	883
421	884
421	897
421	991
422	666
422	699
422	895
422	999
423	975
423	979
423	986
423	989
424	777
424	855
424	916
424	949
424	987
425	845
425	884
425	886
425	912
425	913
425	934
425	955
426	854
426	958
426	960
426	966
426	973
426	999
427	802
427	835
427	863
427	873
427	925
427	940
427	948
427	956
427	994
428	888
428	893
428	947
428	949
428	962
428	978
428	995
429	731
429	759
429	780
429	877
429	884
429	909
430	743
430	820
430	839
430	942
430	989
431	811
431	823
431	894
431	941
431	986
431	989
431	997
432	914
432	917
432	945
432	985
432	987
432	990
432	991
433	872
433	894
433	913
433	914
433	928
433	979
433	986
434	796
434	831
434	882
434	893
434	973
435	800
435	849
435	892
435	946
435	959
435	963
435	970
435	973
435	995
436	729
436	751
436	829
436	832
436	875
436	981
436	986
437	628
437	722
437	786
437	812
437	860
438	844
438	882
438	936
438	943
438	975
438	983
438	986
439	778
439	845
439	856
439	857
439	868
439	892
439	965
439	969
440	807
440	808
440	857
440	878
440	917
440	920
440	942
440	954
441	731
441	756
441	759
441	877
441	923
441	938
441	952
441	992
442	838
442	875
442	879
442	881
442	908
442	949
442	1000
443	715
443	803
443	822
443	842
443	894
443	905
443	906
443	924
443	927
444	693
444	705
444	744
444	789
444	815
444	890
445	840
445	856
445	873
445	901
445	944
445	947
445	949
446	838
446	890
446	897
446	912
446	950
446	975
447	840
447	847
447	858
447	891
447	912
447	917
447	935
447	961
447	1000
448	766
448	787
448	809
448	819
448	974
449	788
449	911
449	934
449	974
449	981
449	992
449	995
450	604
450	688
450	841
450	992
451	695
451	751
451	829
451	972
452	879
452	890
452	928
452	934
452	992
452	994
453	819
453	832
453	878
453	905
453	916
453	947
453	962
453	968
453	993
454	738
454	790
454	819
454	921
454	949
454	953
454	962
454	987
455	770
455	830
455	860
455	951
455	972
455	980
455	996
455	998
456	668
456	803
456	849
456	856
456	878
456	976
457	810
457	833
457	860
457	899
457	915
457	921
457	922
457	930
457	963
458	811
458	822
458	838
458	882
458	899
458	938
458	960
458	966
459	801
459	837
459	946
459	948
459	966
459	967
459	994
460	790
460	827
460	901
460	907
460	949
460	959
461	611
461	773
461	801
461	802
461	829
461	837
461	946
462	822
462	842
462	861
462	905
462	906
462	927
462	940
462	949
463	685
463	763
463	768
463	805
463	923
463	971
463	992
464	801
464	833
464	985
464	993
465	680
465	833
465	894
465	904
465	914
465	948
465	979
465	986
465	989
466	755
466	757
466	777
466	806
466	862
466	883
466	931
466	948
466	959
467	714
467	763
467	768
467	793
467	805
467	851
467	883
467	908
468	773
468	856
468	868
468	892
468	897
468	924
468	965
468	969
468	977
469	722
469	786
469	812
469	837
469	856
469	933
469	979
470	744
470	790
470	838
470	855
470	924
470	949
470	986
470	993
471	797
471	911
471	925
471	931
471	935
471	974
471	995
471	998
472	835
472	858
472	877
472	893
472	895
472	902
472	909
472	912
472	917
472	936
472	1000
473	861
473	943
473	949
473	983
473	993
474	816
474	840
474	863
474	873
474	888
474	903
474	940
474	956
474	967
475	607
475	623
475	911
475	925
475	974
475	995
476	722
476	786
476	812
476	877
476	960
477	567
477	747
477	819
477	863
477	895
477	906
478	649
478	719
478	727
478	751
478	789
478	793
478	815
478	952
479	806
479	827
479	869
479	917
479	919
479	951
479	973
480	852
480	871
480	960
480	968
480	981
480	999
480	1000
481	631
481	777
481	782
481	806
481	916
481	931
481	939
481	961
481	977
482	724
482	820
482	839
482	874
482	899
482	900
482	906
483	619
483	723
483	787
483	896
483	990
484	701
484	826
484	871
484	872
484	960
484	966
484	973
484	999
485	856
485	877
485	878
485	892
485	895
485	921
485	924
485	965
485	969
485	1000
486	801
486	837
486	865
486	889
486	946
486	953
486	980
487	828
487	845
487	886
487	929
487	932
487	991
487	992
488	743
488	765
488	766
488	787
488	825
488	853
488	999
489	799
489	809
489	867
489	882
489	904
489	951
489	958
489	966
489	999
489	1000
490	887
490	923
490	939
490	943
490	948
490	956
490	975
490	984
491	725
491	743
491	820
491	839
491	896
491	942
491	974
492	801
492	837
492	858
492	865
492	887
492	946
493	877
493	920
493	934
493	955
493	964
493	971
493	994
493	995
493	997
494	756
494	782
494	815
494	844
494	877
494	899
494	922
495	806
495	838
495	860
495	880
495	916
495	981
496	554
496	594
496	758
496	765
496	853
496	862
496	910
496	938
497	893
497	918
497	933
497	936
497	950
497	952
497	956
497	968
497	978
497	988
498	856
498	893
498	936
498	972
498	980
498	996
498	997
498	998
499	852
499	892
499	901
499	947
499	949
499	962
499	975
499	993
500	714
500	722
500	786
500	812
500	841
500	872
500	976
501	835
501	931
501	942
501	958
501	978
501	985
501	987
501	990
502	848
502	896
502	899
502	915
502	921
502	945
503	531
503	613
503	731
503	756
503	877
503	907
503	932
504	805
504	848
504	850
504	872
504	890
504	942
504	946
504	961
504	971
505	728
505	749
505	808
505	840
505	883
505	884
505	902
505	994
506	823
506	864
506	873
506	894
506	914
506	915
506	979
506	986
507	280
507	536
507	602
507	637
507	688
507	850
507	883
507	940
507	948
508	898
508	900
508	914
508	936
508	969
508	972
508	978
508	980
508	996
508	998
509	781
509	828
509	842
509	905
509	906
509	927
509	988
510	800
510	849
510	855
510	885
510	891
510	941
510	959
510	963
510	970
511	620
511	663
511	744
511	800
511	901
511	949
511	962
511	993
512	538
512	566
512	628
512	701
512	733
512	851
512	908
512	923
513	725
513	743
513	820
513	839
513	925
513	964
513	971
513	999
514	675
514	680
514	731
514	756
514	759
514	839
514	851
514	877
515	732
515	759
515	776
515	808
515	819
515	854
515	863
515	883
515	949
515	993
516	839
516	857
516	858
516	889
516	893
516	895
516	902
516	912
516	917
516	921
516	935
516	1000
517	856
517	874
517	892
517	924
517	937
517	965
517	969
517	973
518	767
518	788
518	796
518	824
518	887
518	911
518	930
518	974
518	985
518	995
519	670
519	729
519	748
519	751
519	829
519	945
519	967
520	773
520	802
520	835
520	918
520	936
520	937
520	961
520	971
520	972
521	693
521	729
521	751
521	761
521	782
521	829
521	908
521	941
522	831
522	855
522	858
522	859
522	886
522	895
522	902
522	912
522	914
522	917
522	935
522	983
522	1000
523	719
523	863
523	873
523	884
523	903
523	940
523	945
523	955
523	956
523	977
524	708
524	761
524	778
524	783
524	825
524	826
524	828
524	832
524	907
524	951
524	965
525	550
525	815
525	836
525	934
525	944
525	955
525	964
525	976
526	856
526	864
526	881
526	890
526	908
526	913
526	944
526	964
526	979
526	981
526	997
527	685
527	738
527	763
527	768
527	805
527	857
527	881
527	981
528	731
528	756
528	759
528	822
528	858
528	877
528	899
528	904
528	906
528	936
529	819
529	823
529	840
529	861
529	862
529	890
529	894
529	914
529	924
529	933
529	986
529	989
530	860
530	904
530	909
530	922
530	928
530	930
530	945
530	954
530	962
530	977
531	503
531	718
531	759
531	873
531	877
531	939
531	972
532	684
532	701
532	714
532	767
532	797
532	852
532	957
532	974
532	995
533	835
533	836
533	853
533	899
533	925
533	937
533	942
533	948
533	971
533	986
533	991
534	827
534	835
534	872
534	933
534	937
534	942
534	943
534	954
534	960
534	971
534	981
535	770
535	785
535	801
535	802
535	826
535	865
535	878
535	914
535	946
536	507
536	602
536	637
536	688
536	813
536	816
536	842
536	845
536	914
536	968
537	757
537	799
537	806
537	808
537	880
537	919
537	947
537	1000
538	512
538	566
538	701
538	733
538	765
538	850
538	855
538	905
538	933
538	993
539	790
539	808
539	811
539	817
539	856
539	858
539	901
539	982
539	993
540	779
540	869
540	876
540	908
540	931
540	962
541	546
541	611
541	700
541	778
541	779
541	838
541	891
541	910
541	916
541	960
542	735
542	763
542	803
542	810
542	863
542	873
542	915
542	940
542	956
542	973
543	748
543	875
543	881
543	926
543	944
543	959
544	694
544	776
544	825
544	854
544	879
544	894
544	901
544	921
544	945
544	993
545	856
545	868
545	879
545	892
545	914
545	924
545	930
545	933
545	950
545	965
545	969
546	541
546	611
546	770
546	778
546	781
546	876
546	888
546	947
547	791
547	799
547	814
547	872
547	881
547	886
547	939
547	944
547	994
548	685
548	763
548	768
548	833
548	864
548	946
548	995
549	743
549	820
549	839
549	913
549	914
549	923
549	972
549	981
549	987
550	340
550	525
550	607
550	721
550	844
550	848
550	885
550	900
550	957
551	841
551	846
551	850
551	852
551	889
551	942
551	981
551	996
552	758
552	786
552	812
552	878
552	995
552	997
553	724
553	815
553	822
553	842
553	905
553	906
553	908
553	915
553	927
553	967
554	496
554	669
554	718
554	733
554	810
554	838
554	897
554	990
555	567
555	610
555	632
555	791
555	863
555	885
555	902
555	973
556	694
556	753
556	755
556	772
556	778
556	826
556	832
556	866
556	907
556	996
557	628
557	736
557	755
557	791
557	806
557	889
557	919
557	931
557	953
558	708
558	761
558	769
558	778
558	783
558	806
558	826
558	832
558	866
558	885
558	907
558	911
558	955
559	640
559	844
559	881
559	884
559	886
559	890
559	908
559	924
559	944
559	971
559	994
560	660
560	725
560	813
560	820
560	839
560	920
560	941
560	948
560	981
561	649
561	693
561	777
561	789
561	815
561	819
561	892
561	983
561	992
562	785
562	807
562	818
562	920
562	928
562	954
562	964
562	994
563	776
563	804
563	839
563	853
563	854
563	856
563	889
563	947
563	962
563	977
564	725
564	807
564	820
564	839
564	841
564	866
564	902
564	947
564	958
564	985
565	677
565	810
565	838
565	848
565	890
565	897
565	930
565	975
566	512
566	538
566	701
566	733
566	802
566	862
566	863
566	970
567	477
567	555
567	610
567	632
567	806
567	851
567	889
567	996
568	619
568	766
568	787
568	931
568	956
568	972
568	976
568	997
569	640
569	777
569	791
569	816
569	851
569	866
569	873
569	931
569	974
570	800
570	849
570	855
570	862
570	891
570	903
570	936
570	946
570	959
570	963
570	970
571	686
571	754
571	815
571	828
571	835
571	929
571	991
571	992
572	790
572	854
572	906
572	918
572	945
572	962
572	993
573	766
573	787
573	912
573	955
573	961
573	995
573	997
574	685
574	715
574	763
574	766
574	805
574	836
574	876
574	928
574	991
575	695
575	703
575	717
575	767
575	769
575	770
575	781
575	801
575	865
575	911
575	946
576	817
576	844
576	845
576	863
576	866
576	887
576	923
576	943
576	975
576	983
577	742
577	833
577	873
577	894
577	934
577	955
577	964
577	984
577	993
577	997
578	705
578	719
578	764
578	803
578	863
578	873
578	893
578	913
578	940
578	956
578	979
579	773
579	807
579	813
579	843
579	857
579	864
579	878
579	908
579	920
579	928
579	954
579	976
579	999
580	734
580	811
580	860
580	868
580	871
580	882
580	951
580	956
580	960
580	966
580	999
581	713
581	824
581	844
581	861
581	862
581	885
581	898
581	957
581	967
581	976
581	984
582	587
582	767
582	772
582	810
582	812
582	838
582	869
582	890
582	897
582	971
583	796
583	867
583	888
583	889
583	906
583	934
583	971
583	978
583	985
583	987
584	728
584	739
584	749
584	792
584	795
584	796
584	816
584	840
584	869
584	883
584	884
584	911
584	934
584	964
585	722
585	786
585	812
585	831
585	978
585	979
586	723
586	814
586	818
586	857
586	920
586	932
586	953
586	954
586	966
586	975
587	582
587	649
587	693
587	789
587	791
587	802
587	815
587	873
587	917
587	996
588	614
588	811
588	871
588	872
588	882
588	884
588	940
588	951
588	960
588	966
589	697
589	842
589	846
589	855
589	858
589	905
589	906
589	927
589	935
589	948
589	971
590	731
590	756
590	759
590	809
590	851
590	877
590	926
590	943
590	956
591	825
591	849
591	864
591	868
591	900
591	957
591	982
591	984
592	792
592	810
592	830
592	838
592	880
592	890
592	897
592	915
593	787
593	799
593	824
593	834
593	913
593	936
593	943
593	958
593	962
593	975
593	983
594	410
594	496
594	675
594	720
594	857
594	928
594	935
594	953
594	954
594	976
595	711
595	720
595	727
595	731
595	736
595	756
595	758
595	853
595	856
595	862
595	910
595	927
595	938
596	693
596	715
596	806
596	830
596	860
596	919
596	922
596	930
596	937
596	977
596	988
597	788
597	791
597	898
597	911
597	916
597	917
597	974
597	978
597	995
598	685
598	734
598	763
598	768
598	792
598	803
598	805
598	906
598	928
598	954
599	627
599	644
599	657
599	729
599	751
599	829
599	893
599	931
599	966
600	725
600	738
600	743
600	749
600	820
600	839
600	862
600	964
601	677
601	790
601	843
601	899
601	901
601	905
601	909
601	947
601	962
601	993
602	507
602	536
602	604
602	637
602	688
602	893
602	897
602	913
602	934
602	946
602	983
603	842
603	844
603	879
603	885
603	900
603	944
603	957
603	962
603	963
603	967
603	984
604	280
604	450
604	602
604	637
604	688
604	729
604	746
604	823
604	941
604	978
605	733
605	781
605	811
605	848
605	869
605	925
605	962
605	972
605	980
605	996
605	998
606	787
606	822
606	830
606	846
606	860
606	880
606	905
606	915
606	921
606	922
606	930
606	945
606	953
606	977
607	475
607	550
607	725
607	743
607	820
607	839
607	946
607	950
607	962
608	794
608	796
608	868
608	871
608	913
608	931
608	939
608	967
608	973
608	999
609	887
609	901
609	905
609	909
609	926
609	936
609	939
609	943
609	946
609	975
609	983
609	990
610	555
610	567
610	632
610	701
610	912
610	917
610	932
610	984
611	461
611	541
611	546
611	700
611	775
611	779
611	823
611	869
611	874
611	876
611	899
611	959
612	698
612	702
612	754
612	772
612	828
612	929
612	932
612	962
612	992
612	1000
613	503
613	635
613	705
613	731
613	756
613	820
613	826
613	877
613	933
613	956
613	982
614	588
614	638
614	656
614	700
614	728
614	778
614	779
614	857
614	869
614	876
615	800
615	825
615	858
615	864
615	885
615	892
615	900
615	908
615	941
615	961
615	984
616	714
616	778
616	806
616	807
616	814
616	857
616	878
616	896
616	928
616	937
616	951
616	953
616	976
617	742
617	758
617	759
617	794
617	811
617	826
617	855
617	951
617	960
617	999
618	825
618	828
618	864
618	930
618	941
618	967
618	982
618	984
618	987
619	319
619	483
619	568
619	668
619	731
619	766
619	787
619	831
619	884
619	980
620	511
620	745
620	789
620	874
620	888
620	898
620	914
620	925
620	972
620	980
620	996
620	998
621	771
621	836
621	841
621	848
621	873
621	875
621	891
621	902
621	929
621	937
621	946
622	800
622	832
622	849
622	855
622	889
622	891
622	927
622	959
622	963
622	970
622	987
622	995
623	475
623	777
623	806
623	820
623	851
623	888
623	916
623	918
623	931
623	956
624	684
624	706
624	849
624	855
624	891
624	914
624	949
624	959
624	963
624	970
624	976
625	836
625	872
625	937
625	942
625	943
625	948
625	961
625	969
625	971
625	977
625	997
626	788
626	803
626	817
626	847
626	867
626	886
626	908
626	913
626	934
626	947
626	955
626	964
626	966
626	994
626	995
627	599
627	761
627	762
627	783
627	826
627	828
627	832
627	866
627	907
627	918
628	241
628	437
628	512
628	557
628	726
628	754
628	828
628	829
628	932
628	991
628	992
628	999
629	79
629	645
629	684
629	746
629	847
629	851
629	876
629	879
629	886
629	913
629	934
630	773
630	834
630	888
630	889
630	921
630	922
630	926
630	948
630	978
630	985
630	989
630	990
630	996
631	481
631	745
631	778
631	791
631	813
631	873
631	880
631	901
631	916
631	931
631	939
631	967
631	991
632	555
632	567
632	610
632	640
632	811
632	822
632	869
632	891
632	974
632	975
633	711
633	740
633	788
633	797
633	826
633	848
633	889
633	911
633	953
633	974
633	995
634	823
634	861
634	863
634	908
634	914
634	932
634	960
634	979
634	985
634	986
634	988
634	989
635	613
635	644
635	695
635	698
635	722
635	859
635	873
635	893
635	895
635	902
635	909
635	912
635	917
635	935
635	959
635	1000
636	687
636	727
636	763
636	808
636	888
636	907
636	949
636	962
636	974
636	993
637	280
637	507
637	536
637	602
637	604
637	658
637	688
637	717
637	809
637	930
637	966
638	614
638	693
638	766
638	767
638	777
638	788
638	829
638	887
638	911
638	923
638	974
638	991
638	995
639	649
639	693
639	722
639	789
639	815
639	846
639	856
639	900
639	922
639	941
639	955
639	978
640	559
640	569
640	632
640	719
640	756
640	759
640	877
640	932
640	963
641	800
641	823
641	849
641	855
641	891
641	907
641	959
641	960
641	963
641	970
641	983
641	994
642	785
642	796
642	827
642	848
642	907
642	922
642	936
642	951
642	958
642	966
642	980
643	830
643	855
643	856
643	899
643	910
643	915
643	919
643	922
643	924
643	945
643	965
643	977
643	994
644	599
644	635
644	656
644	657
644	670
644	729
644	734
644	751
644	829
644	846
644	900
644	910
644	998
645	629
645	811
645	826
645	864
645	885
645	892
645	900
645	938
645	941
645	947
645	967
645	982
645	984
646	754
646	828
646	834
646	889
646	929
646	932
646	941
646	977
646	982
646	991
646	992
647	747
647	793
647	818
647	857
647	896
647	934
647	952
647	953
647	954
647	990
648	773
648	836
648	848
648	872
648	877
648	881
648	937
648	961
648	990
648	998
649	478
649	561
649	587
649	639
649	693
649	789
649	815
649	843
649	854
649	884
649	914
649	920
649	943
650	725
650	822
650	831
650	843
650	855
650	868
650	892
650	896
650	924
650	940
650	956
650	965
650	969
651	767
651	788
651	797
651	909
651	911
651	927
651	974
651	980
651	986
651	995
652	764
652	803
652	824
652	863
652	873
652	874
652	938
652	940
652	943
652	956
652	958
652	964
652	979
653	684
653	773
653	794
653	796
653	813
653	827
653	888
653	958
653	959
653	966
653	973
654	833
654	834
654	838
654	895
654	936
654	937
654	943
654	944
654	952
654	975
655	801
655	810
655	821
655	826
655	828
655	852
655	870
655	892
655	912
655	918
655	932
655	933
655	950
655	952
655	968
655	975
656	614
656	644
656	720
656	727
656	758
656	817
656	853
656	862
656	910
656	934
656	936
656	938
656	982
657	599
657	644
657	729
657	751
657	806
657	829
657	857
657	862
657	879
657	894
657	919
658	637
658	765
658	780
658	794
658	796
658	827
658	882
658	899
658	958
658	963
658	969
658	973
658	980
659	666
659	835
659	841
659	854
659	891
659	937
659	961
659	968
659	971
659	981
659	983
659	988
660	560
660	712
660	725
660	743
660	761
660	808
660	820
660	839
660	898
660	941
660	948
661	766
661	775
661	794
661	801
661	835
661	841
661	870
661	900
661	918
661	933
661	950
661	952
661	968
661	985
661	988
661	993
662	703
662	716
662	801
662	802
662	837
662	844
662	865
662	883
662	903
662	920
662	922
662	934
662	946
662	997
663	511
663	736
663	742
663	745
663	746
663	782
663	791
663	809
663	836
663	841
663	880
663	931
663	957
664	820
664	833
664	845
664	846
664	880
664	896
664	920
664	922
664	924
664	928
664	939
664	943
664	975
664	983
665	770
665	811
665	813
665	931
665	951
665	960
665	966
665	972
665	973
665	999
666	422
666	659
666	738
666	786
666	793
666	836
666	850
666	860
666	872
666	883
666	895
666	959
666	981
667	774
667	790
667	800
667	815
667	831
667	874
667	904
667	908
667	912
667	925
667	972
667	980
667	996
667	998
668	456
668	619
668	747
668	814
668	877
668	878
668	931
668	938
668	954
668	976
668	977
669	554
669	698
669	777
669	828
669	838
669	869
669	895
669	929
669	932
669	981
669	991
669	992
669	996
670	519
670	644
670	729
670	751
670	797
670	829
670	839
670	840
670	929
670	950
670	984
671	712
671	813
671	837
671	847
671	857
671	875
671	879
671	896
671	933
671	934
671	955
671	982
671	997
672	737
672	815
672	871
672	882
672	895
672	915
672	936
672	951
672	958
672	966
672	973
672	994
673	765
673	776
673	786
673	790
673	808
673	819
673	835
673	880
673	881
673	947
673	949
673	960
673	971
673	982
674	684
674	810
674	822
674	838
674	840
674	890
674	897
674	902
674	903
674	934
674	945
674	947
674	983
675	514
675	594
675	790
675	806
675	812
675	819
675	854
675	906
675	925
675	949
675	962
675	990
675	993
676	708
676	761
676	769
676	783
676	826
676	832
676	840
676	866
676	894
676	905
676	907
676	916
676	933
676	934
676	975
677	565
677	601
677	684
677	794
677	795
677	810
677	838
677	850
677	863
677	890
677	897
677	922
677	936
678	690
678	731
678	762
678	819
678	861
678	885
678	894
678	914
678	959
678	979
678	986
678	989
679	775
679	807
679	870
679	884
679	918
679	933
679	950
679	952
679	968
679	969
679	986
679	988
679	999
680	394
680	465
680	514
680	779
680	841
680	871
680	880
680	951
680	966
680	973
680	999
681	706
681	719
681	735
681	764
681	803
681	822
681	863
681	873
681	887
681	918
681	935
681	940
681	956
682	743
682	758
682	811
682	866
682	910
682	938
682	951
682	966
682	973
682	985
682	999
683	826
683	830
683	860
683	873
683	899
683	915
683	919
683	921
683	930
683	939
683	945
683	950
683	977
683	991
683	998
684	532
684	624
684	629
684	653
684	674
684	677
684	706
684	755
684	778
684	808
684	810
684	838
684	849
684	890
684	897
685	463
685	527
685	548
685	574
685	598
685	763
685	768
685	805
685	897
685	904
685	935
685	942
685	947
685	969
685	986
686	571
686	736
686	748
686	769
686	817
686	847
686	875
686	879
686	881
686	907
686	918
686	946
686	960
686	964
686	997
687	636
687	775
687	783
687	806
687	807
687	813
687	833
687	834
687	846
687	862
687	887
687	923
687	936
687	938
687	939
687	977
687	983
687	999
688	280
688	450
688	507
688	536
688	602
688	604
688	637
688	819
688	853
688	945
688	954
688	955
688	976
688	988
688	995
689	772
689	784
689	796
689	799
689	827
689	859
689	886
689	904
689	913
689	972
689	980
689	996
689	998
690	678
690	861
690	889
690	894
690	911
690	914
690	921
690	924
690	932
690	978
690	986
690	989
690	995
690	1000
691	723
691	743
691	807
691	863
691	882
691	885
691	915
691	923
691	936
691	939
691	943
691	945
691	957
691	975
692	838
692	852
692	877
692	888
692	889
692	903
692	918
692	919
692	926
692	930
692	934
692	948
692	969
692	978
692	987
692	990
693	444
693	521
693	561
693	587
693	596
693	638
693	639
693	649
693	716
693	780
693	789
693	813
693	815
693	885
693	911
693	970
694	544
694	556
694	703
694	710
694	716
694	757
694	782
694	786
694	799
694	846
694	880
694	916
694	931
694	954
695	451
695	575
695	635
695	761
695	804
695	816
695	852
695	853
695	889
695	903
695	926
695	948
695	985
695	987
695	990
696	785
696	793
696	807
696	818
696	821
696	848
696	857
696	864
696	873
696	914
696	923
696	951
696	954
696	976
697	589
697	712
697	724
697	762
697	766
697	822
697	842
697	900
697	906
697	927
697	936
697	955
697	1000
698	612
698	635
698	669
698	706
698	754
698	822
698	850
698	893
698	896
698	919
698	929
698	932
698	991
698	992
699	422
699	772
699	777
699	808
699	819
699	836
699	854
699	901
699	902
699	949
699	970
699	973
699	993
700	541
700	611
700	614
700	778
700	779
700	869
700	876
700	900
700	915
700	929
700	965
700	972
700	975
700	985
700	996
700	997
701	321
701	484
701	512
701	532
701	538
701	566
701	610
701	733
701	901
701	971
701	979
702	612
702	736
702	755
702	775
702	787
702	791
702	799
702	806
702	816
702	880
702	907
702	916
702	949
702	965
703	575
703	662
703	694
703	716
703	770
703	801
703	802
703	837
703	855
703	865
703	879
703	914
703	926
703	930
703	946
703	952
704	713
704	746
704	764
704	768
704	831
704	833
704	843
704	856
704	892
704	896
704	921
704	922
704	924
704	962
704	965
704	969
705	444
705	578
705	613
705	726
705	851
705	879
705	908
705	913
705	915
705	921
705	934
705	955
705	964
705	967
705	995
705	997
706	624
706	681
706	684
706	698
706	788
706	828
706	848
706	878
706	915
706	929
706	932
706	984
706	991
706	992
707	742
707	827
707	849
707	855
707	928
707	930
707	940
707	959
707	963
707	970
707	987
707	989
708	524
708	558
708	676
708	755
708	761
708	769
708	772
708	779
708	783
708	788
708	832
708	845
708	866
708	907
709	720
709	758
709	794
709	853
709	862
709	894
709	910
709	916
709	923
709	938
709	957
709	971
709	986
709	998
710	694
710	723
710	732
710	835
710	839
710	877
710	890
710	907
710	919
710	922
710	930
710	945
710	971
710	977
711	595
711	633
711	714
711	729
711	732
711	742
711	749
711	775
711	823
711	858
711	895
711	902
711	908
711	909
711	912
711	935
711	1000
712	301
712	660
712	671
712	697
712	725
712	731
712	779
712	822
712	825
712	842
712	845
712	905
712	906
712	922
712	927
713	581
713	704
713	762
713	825
713	834
713	844
713	864
713	924
713	941
713	955
713	967
713	977
713	982
714	467
714	500
714	532
714	616
714	711
714	715
714	752
714	810
714	823
714	861
714	866
714	894
714	914
714	974
714	979
714	986
714	989
715	443
715	574
715	596
715	714
715	721
715	752
715	812
715	823
715	825
715	850
715	861
715	870
715	912
715	986
715	989
716	662
716	693
716	694
716	703
716	753
716	801
716	802
716	830
716	837
716	845
716	854
716	865
716	923
716	940
716	946
716	978
717	575
717	637
717	762
717	769
717	778
717	817
717	825
717	844
717	864
717	878
717	885
717	957
717	967
717	976
717	981
717	984
717	999
718	531
718	554
718	732
718	747
718	817
718	864
718	874
718	898
718	904
718	920
718	925
718	941
718	972
718	996
718	998
719	478
719	523
719	578
719	640
719	681
719	735
719	764
719	863
719	873
719	896
719	940
719	956
719	968
719	980
719	983
719	990
720	594
720	595
720	656
720	709
720	758
720	836
720	853
720	862
720	868
720	888
720	910
720	938
720	955
720	972
720	977
720	990
721	550
721	715
721	741
721	758
721	775
721	797
721	821
721	834
721	918
721	927
721	933
721	950
721	968
721	970
721	973
721	988
721	993
722	205
722	398
722	437
722	469
722	476
722	500
722	585
722	635
722	639
722	731
722	783
722	786
722	812
722	853
722	885
722	956
723	483
723	586
723	691
723	710
723	876
723	899
723	906
723	915
723	919
723	921
723	922
723	926
723	969
723	977
724	380
724	482
724	553
724	697
724	747
724	764
724	770
724	822
724	842
724	905
724	906
724	912
724	927
724	961
724	998
725	491
725	513
725	560
725	564
725	600
725	607
725	650
725	660
725	712
725	743
725	766
725	820
725	839
725	868
725	870
725	931
725	953
725	978
726	628
726	705
726	727
726	778
726	801
726	827
726	843
726	865
726	874
726	904
726	925
726	972
726	980
726	996
726	998
727	478
727	595
727	636
727	656
727	726
727	729
727	758
727	771
727	853
727	862
727	868
727	910
727	934
727	938
727	957
728	505
728	584
728	614
728	749
728	764
728	784
728	787
728	792
728	833
728	840
728	868
728	883
728	884
728	906
728	909
728	959
729	384
729	436
729	519
729	521
729	599
729	604
729	644
729	657
729	670
729	711
729	727
729	736
729	822
729	829
729	842
729	859
729	982
729	995
730	734
730	769
730	795
730	796
730	804
730	827
730	839
730	871
730	887
730	888
730	892
730	958
730	960
730	965
730	973
731	411
731	420
731	429
731	441
731	503
731	514
731	528
731	590
731	595
731	613
731	619
731	678
731	712
731	722
731	757
731	759
731	773
731	801
731	877
731	899
731	914
732	515
732	710
732	711
732	718
732	754
732	798
732	799
732	860
732	867
732	874
732	882
732	917
732	919
732	922
732	930
732	945
732	965
732	977
733	189
733	321
733	357
733	512
733	538
733	554
733	566
733	605
733	701
733	825
733	832
733	852
733	858
733	890
733	954
734	410
734	580
734	598
734	644
734	730
734	737
734	825
734	839
734	844
734	853
734	864
734	881
734	885
734	900
734	957
734	967
734	982
734	984
735	542
735	681
735	719
735	767
735	803
735	819
735	827
735	842
735	863
735	873
735	891
735	934
735	940
735	956
735	959
735	975
735	990
735	994
736	412
736	557
736	595
736	663
736	686
736	702
736	729
736	747
736	771
736	777
736	782
736	806
736	842
736	880
736	905
736	917
736	931
736	974
736	1000
737	672
737	734
737	783
737	835
737	836
737	848
737	859
737	872
737	891
737	928
737	937
737	942
737	961
737	976
737	981
737	988
738	454
738	527
738	600
738	666
738	771
738	829
738	835
738	841
738	848
738	872
738	929
738	937
738	941
738	945
738	961
738	971
738	981
739	399
739	584
739	749
739	765
739	774
739	792
739	840
739	870
739	872
739	878
739	883
739	884
739	919
739	920
739	996
740	633
740	792
740	809
740	811
740	852
740	867
740	888
740	889
740	903
740	921
740	941
740	948
740	963
740	966
740	978
740	985
740	987
740	990
741	721
741	753
741	816
741	821
741	844
741	870
741	898
741	918
741	933
741	949
741	950
741	952
741	968
741	984
741	987
741	988
742	577
742	617
742	663
742	707
742	711
742	749
742	768
742	775
742	785
742	800
742	849
742	855
742	891
742	899
742	952
742	959
742	963
742	970
743	430
743	488
743	491
743	513
743	549
743	600
743	607
743	660
743	682
743	691
743	725
743	790
743	839
743	851
743	901
743	941
744	444
744	470
744	511
744	793
744	802
744	823
744	841
744	860
744	887
744	899
744	915
744	922
744	930
744	945
744	961
744	977
744	981
745	620
745	631
745	663
745	755
745	771
745	777
745	791
745	835
745	860
745	880
745	886
745	889
745	916
745	925
745	931
745	944
745	957
745	963
746	604
746	629
746	663
746	704
746	842
746	862
746	874
746	898
746	904
746	925
746	938
746	960
746	972
746	993
746	996
746	998
747	477
747	647
747	668
747	718
747	724
747	736
747	757
747	781
747	803
747	807
747	816
747	857
747	878
747	892
747	938
747	953
747	954
747	976
748	383
748	519
748	543
748	686
748	774
748	786
748	847
748	874
748	878
748	879
748	886
748	908
748	913
748	929
748	934
748	945
748	964
748	988
749	505
749	584
749	600
749	711
749	728
749	739
749	742
749	782
749	792
749	832
749	840
749	845
749	883
749	884
749	889
749	908
749	970
749	986
750	774
750	780
750	852
750	853
750	861
750	874
750	898
750	904
750	925
750	972
750	980
750	986
750	996
750	998
750	999
751	330
751	384
751	436
751	451
751	478
751	519
751	521
751	599
751	644
751	657
751	670
751	780
751	786
751	807
751	829
751	917
751	924
751	947
751	973
751	978
751	983
752	714
752	715
752	837
752	892
752	894
752	914
752	953
752	955
752	971
752	974
752	979
752	986
752	989
752	993
752	997
752	999
753	556
753	716
753	741
753	843
753	855
753	856
753	868
753	892
753	896
753	924
753	932
753	954
753	956
753	965
753	969
753	970
753	999
754	409
754	571
754	612
754	628
754	646
754	698
754	732
754	768
754	783
754	844
754	848
754	899
754	908
754	912
754	929
754	937
754	942
754	962
754	991
754	992
754	994
755	466
755	556
755	557
755	684
755	702
755	708
755	745
755	780
755	782
755	791
755	806
755	807
755	876
755	880
755	918
755	931
755	944
755	965
755	968
756	411
756	420
756	441
756	494
756	503
756	514
756	528
756	590
756	595
756	613
756	640
756	801
756	877
756	927
756	938
756	940
756	955
756	960
756	994
757	239
757	466
757	537
757	694
757	731
757	747
757	777
757	782
757	805
757	809
757	810
757	831
757	880
757	916
757	924
757	931
757	947
757	954
757	990
758	404
758	496
758	552
758	595
758	617
758	656
758	682
758	709
758	720
758	721
758	727
758	794
758	816
758	830
758	853
758	862
758	910
758	924
758	938
758	990
759	347
759	420
759	429
759	441
759	514
759	515
759	528
759	531
759	590
759	617
759	640
759	731
759	818
759	830
759	862
759	877
759	900
759	961
759	990
759	993
760	794
760	816
760	830
760	852
760	858
760	867
760	870
760	888
760	889
760	891
760	903
760	919
760	923
760	948
760	973
760	978
760	985
760	987
760	990
761	521
761	524
761	558
761	627
761	660
761	676
761	695
761	708
761	769
761	783
761	798
761	826
761	832
761	866
761	907
761	935
761	955
761	960
761	961
761	981
762	627
762	678
762	697
762	713
762	717
762	825
762	830
762	836
762	844
762	864
762	876
762	885
762	886
762	905
762	935
762	941
762	958
762	967
762	982
762	984
763	359
763	418
763	463
763	467
763	527
763	542
763	548
763	574
763	598
763	636
763	685
763	768
763	805
763	850
763	883
763	885
763	947
763	952
763	980
764	578
764	652
764	681
764	704
764	719
764	724
764	728
764	766
764	803
764	808
764	812
764	819
764	839
764	863
764	873
764	936
764	940
764	956
764	979
764	1000
765	313
765	315
765	488
765	496
765	538
765	658
765	673
765	739
765	819
765	839
765	854
765	901
765	947
765	961
765	993
765	996
766	319
766	343
766	360
766	397
766	448
766	488
766	568
766	573
766	574
766	619
766	638
766	661
766	697
766	725
766	764
766	775
766	787
766	871
766	880
766	912
766	964
767	518
767	532
767	575
767	582
767	638
767	651
767	735
767	776
767	797
767	809
767	875
767	890
767	911
767	944
767	968
767	974
767	995
768	345
768	350
768	418
768	463
768	467
768	527
768	548
768	598
768	685
768	704
768	742
768	754
768	763
768	805
768	810
768	867
768	947
768	982
768	986
768	990
769	558
769	575
769	676
769	686
769	708
769	717
769	730
769	761
769	783
769	815
769	826
769	829
769	832
769	837
769	853
769	866
769	907
769	959
770	364
770	455
770	535
770	546
770	575
770	665
770	703
770	724
770	801
770	802
770	837
770	858
770	865
770	874
770	875
770	944
770	946
770	947
771	621
771	727
771	736
771	738
771	745
771	773
771	774
771	841
771	848
771	850
771	872
771	887
771	937
771	960
771	961
771	971
771	983
771	985
771	990
771	996
772	556
772	582
772	612
772	689
772	699
772	708
772	801
772	809
772	874
772	884
772	898
772	901
772	904
772	910
772	912
772	925
772	955
772	972
772	980
772	996
772	998
773	135
773	206
773	461
773	468
773	520
773	579
773	630
773	648
773	653
773	731
773	771
773	835
773	841
773	872
773	906
773	923
773	937
773	942
773	971
773	981
774	667
774	739
774	748
774	750
774	771
774	793
774	836
774	841
774	850
774	872
774	896
774	919
774	937
774	942
774	955
774	965
774	971
774	998
775	611
775	661
775	679
775	687
775	702
775	711
775	721
775	742
775	766
775	782
775	808
775	821
775	832
775	838
775	870
775	933
775	950
775	952
775	968
775	988
775	994
776	515
776	544
776	563
776	673
776	767
776	790
776	808
776	815
776	833
776	854
776	888
776	908
776	920
776	939
776	947
776	949
776	993
777	424
777	466
777	481
777	561
777	569
777	623
777	638
777	669
777	699
777	736
777	745
777	757
777	799
777	829
777	831
777	852
777	872
777	880
777	916
777	994
778	439
778	524
778	541
778	546
778	556
778	558
778	614
778	616
778	631
778	684
778	700
778	717
778	726
778	779
778	781
778	800
778	843
778	869
778	876
778	965
779	540
779	541
779	611
779	614
779	680
779	700
779	708
779	712
779	778
779	794
779	812
779	858
779	869
779	876
779	886
779	925
779	946
779	954
779	959
779	980
779	991
780	247
780	429
780	658
780	693
780	750
780	751
780	755
780	836
780	839
780	841
780	848
780	850
780	852
780	872
780	917
780	937
780	942
780	961
780	971
780	981
780	996
781	509
781	546
781	575
781	605
781	747
781	778
781	816
781	834
781	867
781	888
781	889
781	903
781	926
781	948
781	951
781	978
781	985
781	987
781	990
781	991
781	996
782	412
782	481
782	494
782	521
782	663
782	694
782	736
782	749
782	755
782	757
782	775
782	789
782	799
782	806
782	836
782	880
782	916
782	931
782	969
782	990
783	524
783	558
783	627
783	676
783	687
783	708
783	722
783	737
783	754
783	761
783	769
783	794
783	801
783	809
783	826
783	866
783	867
783	904
783	907
783	934
783	955
784	689
784	728
784	789
784	792
784	799
784	802
784	809
784	823
784	826
784	898
784	903
784	904
784	907
784	925
784	970
784	972
784	980
784	993
784	994
784	996
784	998
785	535
785	562
785	642
785	696
785	742
785	793
785	795
785	800
785	807
785	839
785	878
785	895
785	896
785	920
785	927
785	928
785	953
785	954
785	976
785	987
785	998
786	312
786	329
786	379
786	398
786	437
786	469
786	476
786	500
786	552
786	585
786	666
786	673
786	694
786	722
786	748
786	751
786	799
786	812
786	944
786	988
787	309
787	319
787	340
787	343
787	360
787	397
787	448
787	483
787	488
787	568
787	573
787	593
787	606
787	619
787	702
787	728
787	766
787	807
787	826
787	879
787	890
787	928
787	984
788	449
788	518
788	597
788	626
788	633
788	638
788	651
788	706
788	708
788	797
788	877
788	911
788	943
788	956
788	963
788	974
788	978
788	995
789	335
789	419
789	444
789	478
789	561
789	587
789	620
789	639
789	649
789	693
789	782
789	784
789	815
789	843
789	883
789	909
789	926
789	954
789	963
789	964
790	165
790	454
790	460
790	470
790	539
790	572
790	601
790	667
790	673
790	675
790	743
790	776
790	802
790	820
790	859
790	883
790	895
790	901
790	903
790	906
790	947
790	989
791	547
791	555
791	557
791	569
791	587
791	597
791	631
791	663
791	702
791	745
791	755
791	799
791	806
791	859
791	880
791	916
791	925
791	929
791	931
791	954
791	968
792	393
792	584
792	592
792	598
792	728
792	739
792	740
792	749
792	784
792	817
792	828
792	840
792	842
792	870
792	883
792	884
792	897
792	950
792	992
793	255
793	352
793	467
793	478
793	647
793	666
793	696
793	744
793	774
793	785
793	814
793	818
793	819
793	857
793	910
793	924
793	953
793	954
793	957
793	959
793	976
793	993
794	608
794	617
794	653
794	658
794	661
794	677
794	709
794	758
794	760
794	779
794	783
794	811
794	827
794	882
794	938
794	943
794	944
794	947
794	951
794	958
794	960
795	584
795	677
795	730
795	785
795	824
795	833
795	834
795	845
795	866
795	879
795	882
795	887
795	923
795	939
795	943
795	948
795	957
795	983
796	382
796	434
796	518
796	583
796	584
796	608
796	642
796	653
796	658
796	689
796	730
796	831
796	855
796	866
796	892
796	905
796	937
796	953
796	958
796	966
796	999
797	191
797	471
797	532
797	633
797	651
797	670
797	721
797	767
797	788
797	798
797	802
797	856
797	911
797	920
797	943
797	974
797	989
797	995
798	732
798	761
798	797
798	821
798	830
798	839
798	847
798	849
798	860
798	886
798	899
798	910
798	915
798	919
798	921
798	922
798	928
798	930
798	945
798	974
798	977
798	984
799	203
799	372
799	396
799	489
799	537
799	547
799	593
799	689
799	694
799	702
799	732
799	777
799	782
799	784
799	786
799	791
799	806
799	915
799	916
799	951
799	987
800	435
800	510
800	511
800	570
800	615
800	622
800	641
800	667
800	742
800	778
800	785
800	812
800	817
800	849
800	891
800	959
800	963
800	970
800	978
800	984
800	986
800	998
801	459
801	461
801	464
801	486
801	492
801	535
801	575
801	655
801	661
801	662
801	703
801	716
801	726
801	731
801	756
801	770
801	772
801	783
801	802
801	865
801	869
801	919
801	946
801	961
802	299
802	320
802	332
802	381
802	427
802	461
802	520
802	535
802	566
802	587
802	662
802	703
802	716
802	744
802	770
802	784
802	790
802	797
802	801
802	826
802	837
802	865
802	946
802	995
803	340
803	443
803	456
803	542
803	578
803	598
803	626
803	652
803	681
803	735
803	747
803	764
803	863
803	873
803	882
803	918
803	928
803	940
803	945
803	956
803	965
803	988
804	563
804	695
804	730
804	852
804	867
804	879
804	887
804	888
804	889
804	903
804	917
804	926
804	930
804	948
804	950
804	957
804	978
804	985
804	987
804	990
805	345
805	350
805	359
805	418
805	463
805	467
805	504
805	527
805	574
805	598
805	685
805	757
805	763
805	768
805	874
805	875
805	880
805	884
805	909
805	950
805	966
805	977
806	387
806	396
806	466
806	479
806	481
806	495
806	537
806	557
806	558
806	567
806	596
806	616
806	623
806	657
806	675
806	687
806	702
806	736
806	755
806	782
806	791
806	799
806	816
806	910
806	926
806	937
806	945
807	305
807	401
807	404
807	405
807	440
807	562
807	564
807	579
807	616
807	679
807	687
807	691
807	696
807	747
807	751
807	755
807	785
807	787
807	857
807	920
807	953
807	973
807	976
807	996
808	328
808	389
808	440
808	505
808	515
808	537
808	539
808	636
808	660
808	673
808	684
808	699
808	764
808	775
808	776
808	833
808	895
808	911
808	929
808	949
808	962
808	993
809	421
809	448
809	489
809	590
809	637
809	663
809	740
809	757
809	767
809	772
809	783
809	784
809	874
809	882
809	898
809	904
809	925
809	972
809	976
809	980
809	996
809	998
810	457
810	542
810	554
810	565
810	582
810	592
810	655
810	674
810	677
810	684
810	714
810	757
810	768
810	822
810	838
810	860
810	884
810	885
810	890
810	895
810	897
810	964
811	431
811	458
811	539
811	580
811	588
811	605
811	617
811	632
811	645
811	665
811	682
811	740
811	794
811	818
811	827
811	882
811	932
811	941
811	944
811	951
811	959
811	960
811	966
811	974
811	994
811	999
812	171
812	175
812	205
812	260
812	272
812	305
812	312
812	329
812	380
812	398
812	437
812	469
812	476
812	500
812	552
812	582
812	585
812	675
812	715
812	722
812	764
812	779
812	786
812	800
812	818
812	849
812	862
812	900
812	909
812	966
812	1000
813	536
813	560
813	579
813	631
813	653
813	665
813	671
813	687
813	693
813	834
813	851
813	879
813	886
813	912
813	913
813	922
813	924
813	934
813	944
813	955
813	970
813	985
813	994
813	997
814	241
814	352
814	375
814	547
814	586
814	616
814	668
814	793
814	818
814	878
814	888
814	893
814	898
814	928
814	933
814	934
814	954
814	960
814	967
814	973
814	976
815	105
815	109
815	238
815	264
815	334
815	335
815	397
815	419
815	444
815	478
815	494
815	525
815	553
815	561
815	571
815	587
815	639
815	649
815	667
815	672
815	693
815	769
815	776
815	789
815	891
815	973
816	474
816	536
816	569
816	584
816	695
816	702
816	741
816	747
816	758
816	760
816	781
816	806
816	852
816	867
816	888
816	903
816	915
816	926
816	943
816	948
816	972
816	978
816	985
816	987
816	990
817	383
817	402
817	539
817	576
817	626
817	656
817	686
817	717
817	718
817	792
817	800
817	847
817	859
817	886
817	897
817	908
817	913
817	928
817	934
817	944
817	951
817	962
817	964
817	980
817	993
817	994
818	352
818	562
818	586
818	647
818	696
818	759
818	793
818	811
818	812
818	814
818	822
818	849
818	854
818	864
818	878
818	913
818	920
818	923
818	928
818	929
818	942
818	976
819	416
819	448
819	453
819	454
819	477
819	515
819	529
819	561
819	673
819	675
819	678
819	688
819	699
819	735
819	764
819	765
819	793
819	824
819	854
819	861
819	947
819	949
819	962
819	966
820	307
820	430
820	482
820	491
820	513
820	549
820	560
820	564
820	600
820	607
820	613
820	623
820	660
820	664
820	725
820	790
820	839
820	911
820	935
820	952
820	953
820	982
820	987
821	655
821	696
821	721
821	741
821	775
821	798
821	825
821	865
821	870
821	871
821	899
821	900
821	903
821	909
821	918
821	933
821	950
821	952
821	968
821	983
821	985
821	988
822	377
822	395
822	443
822	458
822	462
822	528
822	553
822	606
822	632
822	650
822	674
822	681
822	697
822	698
822	712
822	724
822	729
822	810
822	818
822	847
822	905
822	906
822	927
822	932
822	975
823	163
823	431
823	506
823	529
823	604
823	611
823	634
823	641
823	711
823	714
823	715
823	744
823	784
823	833
823	861
823	880
823	894
823	908
823	914
823	929
823	951
823	971
823	972
823	979
823	989
824	356
824	400
824	518
824	581
824	593
824	652
824	795
824	819
824	833
824	845
824	852
824	867
824	881
824	887
824	923
824	936
824	938
824	959
824	963
824	973
824	975
824	983
825	488
825	524
825	544
825	591
825	615
825	618
825	712
825	713
825	715
825	717
825	733
825	734
825	762
825	821
825	844
825	867
825	894
825	900
825	941
825	947
825	956
825	957
825	982
825	984
825	996
826	394
826	484
826	524
826	535
826	556
826	558
826	613
826	617
826	627
826	633
826	645
826	655
826	676
826	683
826	761
826	769
826	783
826	784
826	787
826	802
826	832
826	866
826	871
826	885
826	907
826	966
826	970
827	133
827	266
827	460
827	479
827	534
827	642
827	653
827	658
827	689
827	707
827	726
827	730
827	735
827	794
827	811
827	857
827	865
827	882
827	930
827	958
827	960
827	973
827	978
827	986
827	999
828	322
828	416
828	487
828	509
828	524
828	571
828	612
828	618
828	627
828	628
828	646
828	655
828	669
828	706
828	792
828	838
828	918
828	922
828	925
828	929
828	932
828	936
828	991
828	992
829	115
829	290
829	330
829	384
829	436
829	451
829	461
829	519
829	521
829	599
829	628
829	638
829	644
829	657
829	670
829	729
829	738
829	751
829	769
829	777
829	841
829	905
829	948
829	973
829	974
829	980
829	992
830	293
830	455
830	592
830	596
830	606
830	643
830	683
830	716
830	758
830	759
830	760
830	762
830	798
830	860
830	861
830	897
830	899
830	915
830	919
830	922
830	930
830	931
830	932
830	938
830	963
830	977
830	989
831	434
831	522
831	585
831	619
831	650
831	667
831	704
831	757
831	777
831	796
831	834
831	843
831	845
831	856
831	868
831	870
831	878
831	892
831	896
831	920
831	924
831	960
831	965
831	969
832	45
832	64
832	288
832	342
832	363
832	407
832	436
832	453
832	524
832	556
832	558
832	622
832	627
832	676
832	708
832	733
832	749
832	761
832	769
832	775
832	826
832	866
832	870
832	876
832	887
832	896
832	907
832	965
833	457
833	464
833	465
833	548
833	577
833	654
833	664
833	687
833	704
833	728
833	776
833	795
833	808
833	823
833	824
833	834
833	846
833	858
833	869
833	875
833	887
833	894
833	910
833	923
833	935
833	936
833	939
833	975
833	983
834	593
834	630
834	646
834	654
834	687
834	713
834	721
834	781
834	795
834	813
834	831
834	833
834	837
834	845
834	846
834	850
834	872
834	881
834	887
834	905
834	907
834	923
834	936
834	939
834	943
834	975
835	351
835	401
835	416
835	427
835	472
835	501
835	520
835	533
835	534
835	571
835	659
835	661
835	673
835	710
835	737
835	738
835	745
835	773
835	841
835	850
835	872
835	886
835	907
835	927
835	937
835	942
835	961
835	965
836	356
836	386
836	525
836	533
836	574
836	621
836	625
836	648
836	663
836	666
836	699
836	720
836	737
836	762
836	774
836	780
836	782
836	839
836	848
836	850
836	872
836	918
836	932
836	937
836	961
836	971
836	981
836	998
837	161
837	173
837	228
837	381
837	459
837	461
837	469
837	486
837	492
837	662
837	671
837	703
837	716
837	752
837	769
837	770
837	802
837	834
837	851
837	865
837	901
837	930
837	941
837	946
837	958
837	985
838	283
838	316
838	414
838	442
838	446
838	458
838	470
838	495
838	541
838	554
838	565
838	582
838	592
838	654
838	669
838	674
838	677
838	684
838	692
838	775
838	810
838	828
838	840
838	878
838	890
838	897
838	982
839	275
839	307
839	364
839	430
839	482
839	491
839	513
839	514
839	516
839	549
839	560
839	563
839	564
839	600
839	607
839	660
839	670
839	710
839	725
839	730
839	734
839	743
839	764
839	765
839	780
839	785
839	798
839	820
839	836
839	910
839	964
840	177
840	251
840	336
840	365
840	393
840	399
840	421
840	445
840	447
840	474
840	505
840	529
840	584
840	670
840	674
840	676
840	728
840	739
840	749
840	792
840	838
840	882
840	883
840	884
840	915
840	926
840	959
840	986
841	420
841	450
841	500
841	551
841	564
841	621
841	659
841	661
841	663
841	680
841	738
841	744
841	771
841	773
841	774
841	780
841	829
841	835
841	848
841	850
841	861
841	872
841	942
841	969
841	970
841	971
841	981
841	989
842	377
842	395
842	443
842	462
842	509
842	536
842	553
842	589
842	603
842	697
842	712
842	724
842	729
842	735
842	736
842	746
842	792
842	847
842	855
842	861
842	863
842	864
842	887
842	905
842	906
842	927
842	952
842	970
843	356
843	579
843	601
843	649
843	650
843	704
843	726
843	753
843	778
843	789
843	831
843	856
843	868
843	892
843	896
843	917
843	936
843	946
843	957
843	965
843	969
843	979
843	989
844	438
844	494
844	550
844	559
844	576
844	581
844	603
844	662
844	713
844	717
844	734
844	741
844	754
844	762
844	825
844	857
844	864
844	899
844	900
844	919
844	934
844	941
844	958
844	961
844	979
844	982
844	984
845	425
845	439
845	487
845	536
845	576
845	664
845	708
845	712
845	716
845	749
845	795
845	824
845	831
845	834
845	846
845	887
845	923
845	929
845	939
845	943
845	947
845	953
845	968
845	970
845	975
845	983
846	363
846	404
846	551
846	589
846	606
846	639
846	644
846	664
846	687
846	694
846	833
846	834
846	845
846	863
846	887
846	910
846	923
846	936
846	939
846	943
846	950
846	971
846	973
846	975
846	983
846	995
847	380
847	401
847	408
847	447
847	626
847	629
847	671
847	686
847	748
847	798
847	817
847	822
847	842
847	850
847	869
847	881
847	898
847	910
847	913
847	921
847	944
847	958
847	964
847	982
847	994
847	997
848	411
848	502
848	504
848	550
848	565
848	605
848	621
848	633
848	642
848	648
848	696
848	706
848	737
848	738
848	754
848	771
848	780
848	836
848	841
848	864
848	874
848	886
848	937
848	942
848	961
848	971
848	981
848	982
848	985
849	306
849	435
849	456
849	510
849	570
849	591
849	622
849	624
849	641
849	684
849	707
849	742
849	798
849	800
849	812
849	818
849	855
849	868
849	879
849	891
849	895
849	905
849	917
849	947
849	959
849	962
849	963
849	970
849	999
850	120
850	216
850	342
850	354
850	373
850	504
850	507
850	538
850	551
850	666
850	677
850	698
850	715
850	763
850	771
850	774
850	780
850	834
850	835
850	836
850	841
850	847
850	872
850	904
850	937
850	940
850	949
850	971
850	981
851	367
851	467
851	512
851	514
851	567
851	569
851	590
851	623
851	629
851	705
851	743
851	813
851	837
851	875
851	881
851	886
851	892
851	902
851	908
851	955
851	958
851	962
851	964
851	988
851	990
851	994
851	997
852	207
852	480
852	499
852	532
852	551
852	655
852	692
852	695
852	733
852	740
852	750
852	760
852	777
852	780
852	804
852	816
852	824
852	867
852	882
852	888
852	903
852	926
852	948
852	978
852	985
852	987
852	990
852	995
853	300
853	341
853	386
853	415
853	488
853	496
853	533
853	563
853	595
853	656
853	688
853	695
853	709
853	720
853	722
853	727
853	734
853	750
853	758
853	769
853	862
853	878
853	910
853	938
853	971
853	972
854	115
854	135
854	295
854	362
854	381
854	392
854	426
854	515
854	544
854	563
854	572
854	649
854	659
854	675
854	699
854	716
854	765
854	776
854	818
854	819
854	868
854	891
854	896
854	901
854	947
854	962
854	984
854	993
855	351
855	424
855	470
855	510
855	522
855	538
855	570
855	589
855	617
855	622
855	624
855	641
855	643
855	650
855	703
855	707
855	742
855	753
855	796
855	842
855	849
855	891
855	909
855	925
855	959
855	963
855	970
855	983
856	38
856	389
856	439
856	445
856	456
856	468
856	469
856	485
856	498
856	517
856	526
856	539
856	545
856	563
856	595
856	639
856	643
856	704
856	753
856	797
856	831
856	843
856	868
856	877
856	896
856	915
856	924
856	952
856	965
856	969
857	65
857	153
857	320
857	439
857	440
857	516
857	527
857	579
857	586
857	594
857	614
857	616
857	647
857	657
857	671
857	696
857	747
857	793
857	807
857	827
857	844
857	859
857	884
857	920
857	927
857	928
857	931
857	948
857	976
857	991
858	415
858	447
858	472
858	492
858	516
858	522
858	528
858	539
858	589
858	615
858	711
858	733
858	760
858	770
858	779
858	833
858	859
858	873
858	888
858	891
858	893
858	895
858	909
858	917
858	935
858	999
858	1000
859	522
859	635
859	689
859	729
859	737
859	790
859	791
859	817
859	857
859	858
859	863
859	870
859	886
859	893
859	894
859	895
859	902
859	909
859	912
859	917
859	923
859	935
859	981
859	1000
860	297
860	437
860	455
860	457
860	495
860	530
860	580
860	596
860	606
860	666
860	683
860	732
860	744
860	745
860	798
860	810
860	830
860	863
860	871
860	883
860	904
860	915
860	919
860	921
860	923
860	924
860	930
860	945
860	958
860	968
861	45
861	183
861	269
861	462
861	473
861	529
861	581
861	634
861	678
861	690
861	714
861	715
861	750
861	819
861	823
861	830
861	841
861	842
861	889
861	894
861	909
861	914
861	950
861	966
861	979
861	986
861	989
862	74
862	310
862	341
862	390
862	466
862	496
862	529
862	566
862	570
862	581
862	595
862	600
862	656
862	657
862	687
862	709
862	720
862	727
862	746
862	758
862	759
862	812
862	853
862	910
862	922
862	929
862	932
862	938
863	383
863	427
863	474
863	477
863	515
863	523
863	542
863	555
863	566
863	576
863	578
863	634
863	652
863	677
863	681
863	691
863	719
863	735
863	764
863	803
863	842
863	846
863	859
863	860
863	873
863	875
863	911
863	940
863	952
863	956
864	141
864	223
864	403
864	506
864	526
864	548
864	579
864	591
864	615
864	618
864	645
864	696
864	713
864	717
864	718
864	734
864	762
864	818
864	842
864	844
864	848
864	868
864	885
864	900
864	916
864	941
864	951
864	957
864	969
864	982
864	984
865	54
865	232
865	275
865	333
865	381
865	486
865	492
865	535
865	575
865	662
865	703
865	716
865	726
865	770
865	801
865	802
865	821
865	827
865	837
865	870
865	884
865	902
865	909
865	946
865	957
865	964
865	966
866	296
866	314
866	556
866	558
866	564
866	569
866	576
866	627
866	676
866	682
866	708
866	714
866	761
866	769
866	783
866	795
866	796
866	826
866	832
866	872
866	905
866	907
866	912
866	938
866	968
866	972
867	383
867	489
867	583
867	626
867	732
867	740
867	760
867	768
867	781
867	783
867	804
867	816
867	824
867	825
867	852
867	887
867	889
867	895
867	901
867	903
867	926
867	938
867	948
867	950
867	969
867	978
867	985
867	987
867	990
867	997
868	145
868	220
868	327
868	439
868	468
868	545
868	580
868	591
868	608
868	650
868	720
868	725
868	727
868	728
868	753
868	831
868	843
868	849
868	854
868	856
868	864
868	892
868	896
868	913
868	924
868	953
868	965
868	969
868	977
869	91
869	99
869	139
869	143
869	225
869	253
869	327
869	337
869	348
869	379
869	394
869	401
869	479
869	540
869	582
869	584
869	605
869	611
869	614
869	632
869	669
869	700
869	778
869	779
869	801
869	833
869	847
869	876
869	918
869	940
869	975
869	979
869	980
869	991
869	1000
870	365
870	655
870	661
870	679
870	715
870	725
870	739
870	741
870	760
870	775
870	792
870	821
870	831
870	832
870	859
870	865
870	918
870	933
870	950
870	952
870	958
870	968
870	980
870	988
870	989
870	990
871	85
871	376
871	382
871	417
871	480
871	484
871	580
871	588
871	608
871	672
871	680
871	730
871	766
871	821
871	826
871	860
871	882
871	908
871	918
871	932
871	935
871	951
871	958
871	960
871	963
871	973
871	977
871	980
871	984
871	986
872	121
872	269
872	433
872	484
872	500
872	504
872	534
872	547
872	588
872	625
872	648
872	666
872	737
872	738
872	739
872	771
872	773
872	774
872	777
872	780
872	834
872	835
872	836
872	841
872	850
872	866
872	897
872	909
872	939
872	961
872	962
872	971
872	975
873	148
873	427
873	445
873	474
873	506
873	523
873	531
873	542
873	569
873	577
873	578
873	587
873	621
873	631
873	635
873	652
873	681
873	683
873	696
873	719
873	735
873	764
873	803
873	858
873	863
873	893
873	895
873	916
873	926
873	940
873	955
873	956
873	979
874	391
874	482
874	517
874	611
874	620
874	652
874	667
874	718
874	726
874	732
874	746
874	748
874	750
874	770
874	772
874	805
874	809
874	848
874	898
874	904
874	918
874	925
874	957
874	969
874	973
874	976
874	980
874	996
874	998
875	31
875	215
875	327
875	404
875	436
875	442
875	543
875	621
875	671
875	686
875	767
875	770
875	805
875	833
875	851
875	863
875	879
875	881
875	886
875	887
875	889
875	908
875	913
875	940
875	944
875	955
875	964
875	994
875	997
876	91
876	99
876	139
876	225
876	253
876	327
876	337
876	348
876	379
876	394
876	403
876	540
876	546
876	574
876	611
876	614
876	629
876	700
876	723
876	755
876	762
876	778
876	779
876	832
876	869
876	881
876	898
876	904
876	923
876	929
876	930
876	966
876	973
876	984
876	988
877	213
877	218
877	407
877	411
877	420
877	429
877	441
877	472
877	476
877	485
877	493
877	494
877	503
877	514
877	528
877	531
877	590
877	613
877	640
877	648
877	668
877	692
877	710
877	731
877	756
877	759
877	788
877	856
877	969
877	970
877	983
877	993
878	63
878	306
878	352
878	396
878	405
878	410
878	440
878	453
878	456
878	485
878	535
878	552
878	579
878	616
878	668
878	706
878	717
878	739
878	747
878	748
878	785
878	814
878	818
878	831
878	838
878	853
878	920
878	928
878	945
878	954
878	963
878	976
879	101
879	175
879	281
879	371
879	418
879	442
879	452
879	544
879	545
879	603
879	629
879	657
879	671
879	686
879	703
879	705
879	748
879	787
879	795
879	804
879	813
879	849
879	875
879	885
879	886
879	934
879	939
879	944
879	964
879	970
879	994
880	387
880	495
880	537
880	592
880	606
880	631
880	663
880	664
880	673
880	680
880	694
880	702
880	736
880	745
880	755
880	757
880	766
880	777
880	782
880	791
880	805
880	823
880	894
880	897
880	916
880	931
880	937
880	948
880	959
880	975
880	992
880	998
881	10
881	173
881	349
881	367
881	393
881	442
881	526
881	527
881	543
881	547
881	559
881	648
881	673
881	686
881	734
881	824
881	834
881	847
881	851
881	875
881	876
881	882
881	901
881	908
881	913
881	920
881	927
881	944
881	958
881	994
881	997
882	350
882	382
882	434
882	438
882	458
882	489
882	580
882	588
882	658
882	672
882	691
882	732
882	794
882	795
882	803
882	809
882	811
882	827
882	840
882	852
882	871
882	881
882	885
882	899
882	906
882	951
882	958
882	960
882	961
882	968
882	999
883	220
883	246
883	251
883	264
883	267
883	268
883	303
883	325
883	365
883	399
883	421
883	466
883	467
883	505
883	507
883	515
883	584
883	662
883	666
883	728
883	739
883	749
883	763
883	789
883	790
883	792
883	840
883	860
883	884
883	923
883	929
883	971
884	227
884	246
884	264
884	267
884	303
884	365
884	393
884	399
884	421
884	425
884	429
884	505
884	523
884	559
884	584
884	588
884	619
884	649
884	679
884	728
884	739
884	749
884	772
884	792
884	805
884	810
884	840
884	857
884	865
884	883
884	893
884	943
884	951
885	93
885	264
885	288
885	304
885	332
885	343
885	510
885	550
885	555
885	558
885	581
885	603
885	615
885	645
885	678
885	691
885	693
885	717
885	722
885	734
885	762
885	763
885	810
885	826
885	864
885	879
885	882
885	900
885	941
885	957
885	967
885	984
885	995
886	409
886	425
886	487
886	522
886	547
886	559
886	626
886	629
886	689
886	745
886	748
886	762
886	779
886	798
886	813
886	817
886	835
886	848
886	851
886	859
886	875
886	879
886	908
886	921
886	922
886	934
886	955
886	970
886	983
886	994
886	997
887	361
887	364
887	400
887	490
887	492
887	518
887	576
887	609
887	638
887	681
887	687
887	730
887	744
887	771
887	795
887	804
887	824
887	832
887	833
887	834
887	842
887	845
887	846
887	867
887	875
887	904
887	907
887	923
887	936
887	939
887	974
887	976
887	983
888	428
888	474
888	546
888	583
888	620
888	623
888	630
888	636
888	653
888	692
888	720
888	730
888	740
888	760
888	776
888	781
888	804
888	814
888	816
888	852
888	858
888	889
888	900
888	903
888	921
888	926
888	934
888	948
888	978
888	982
888	985
888	987
888	990
889	486
889	516
889	551
889	557
889	563
889	567
889	583
889	622
889	630
889	633
889	646
889	690
889	692
889	695
889	740
889	745
889	749
889	760
889	781
889	804
889	861
889	867
889	875
889	888
889	894
889	903
889	926
889	948
889	956
889	972
889	978
889	979
889	985
889	987
889	990
890	151
890	202
890	209
890	214
890	265
890	283
890	288
890	301
890	303
890	316
890	372
890	378
890	414
890	416
890	444
890	446
890	452
890	504
890	526
890	529
890	559
890	565
890	582
890	592
890	674
890	677
890	684
890	710
890	733
890	767
890	787
890	810
890	838
890	894
890	897
890	904
890	924
890	998
891	170
891	417
891	447
891	510
891	541
891	570
891	621
891	622
891	624
891	632
891	641
891	659
891	735
891	737
891	742
891	760
891	800
891	815
891	849
891	854
891	855
891	858
891	892
891	916
891	952
891	959
891	963
891	970
891	997
892	177
892	352
892	359
892	435
892	439
892	468
892	485
892	499
892	517
892	545
892	561
892	615
892	645
892	650
892	655
892	704
892	730
892	747
892	752
892	753
892	796
892	831
892	843
892	851
892	868
892	891
892	896
892	905
892	924
892	944
892	964
892	965
892	969
892	986
893	254
893	303
893	428
893	434
893	472
893	497
893	498
893	516
893	578
893	599
893	602
893	635
893	698
893	814
893	858
893	859
893	873
893	884
893	895
893	902
893	909
893	912
893	917
893	935
893	963
893	964
893	969
893	978
893	1000
894	231
894	318
894	388
894	416
894	431
894	433
894	443
894	465
894	506
894	529
894	544
894	577
894	657
894	676
894	678
894	690
894	709
894	714
894	752
894	823
894	825
894	833
894	859
894	861
894	880
894	889
894	890
894	914
894	949
894	971
894	978
894	979
894	986
894	989
894	993
895	419
895	422
895	472
895	477
895	485
895	516
895	522
895	635
895	654
895	666
895	669
895	672
895	711
895	785
895	790
895	808
895	810
895	849
895	858
895	859
895	867
895	873
895	893
895	902
895	909
895	912
895	917
895	921
895	935
895	1000
896	243
896	365
896	483
896	491
896	502
896	616
896	647
896	650
896	664
896	671
896	698
896	704
896	719
896	753
896	774
896	785
896	831
896	832
896	843
896	854
896	856
896	868
896	892
896	924
896	949
896	965
896	969
896	985
897	40
897	53
897	93
897	209
897	248
897	265
897	283
897	288
897	301
897	316
897	327
897	414
897	421
897	446
897	468
897	554
897	565
897	582
897	592
897	602
897	674
897	677
897	684
897	685
897	792
897	810
897	817
897	830
897	838
897	872
897	880
897	890
897	935
897	936
897	976
898	508
898	581
898	597
898	620
898	660
898	718
898	741
898	746
898	750
898	772
898	784
898	809
898	814
898	847
898	874
898	876
898	904
898	914
898	925
898	939
898	943
898	958
898	972
898	979
898	980
898	988
898	996
898	998
899	353
899	415
899	457
899	458
899	482
899	494
899	502
899	528
899	533
899	601
899	611
899	643
899	658
899	683
899	723
899	731
899	742
899	744
899	754
899	798
899	821
899	830
899	844
899	882
899	915
899	919
899	921
899	922
899	930
899	935
899	945
899	977
899	981
899	993
899	997
900	224
900	242
900	303
900	336
900	385
900	397
900	402
900	482
900	508
900	550
900	591
900	603
900	615
900	639
900	644
900	645
900	661
900	697
900	700
900	734
900	759
900	812
900	821
900	825
900	844
900	864
900	885
900	888
900	941
900	957
900	967
900	973
900	984
901	199
901	234
901	259
901	295
901	399
901	445
901	460
901	499
901	511
901	539
901	544
901	601
901	609
901	631
901	699
901	701
901	743
901	765
901	772
901	790
901	837
901	854
901	867
901	881
901	919
901	927
901	941
901	947
901	962
901	983
901	991
901	993
901	995
902	91
902	149
902	174
902	207
902	277
902	339
902	388
902	391
902	472
902	505
902	516
902	522
902	555
902	564
902	621
902	635
902	674
902	699
902	711
902	851
902	859
902	865
902	893
902	895
902	909
902	912
902	917
902	935
902	945
902	962
902	1000
903	116
903	219
903	232
903	277
903	326
903	348
903	380
903	474
903	523
903	570
903	662
903	674
903	692
903	695
903	740
903	760
903	781
903	784
903	790
903	804
903	816
903	821
903	852
903	867
903	888
903	889
903	917
903	926
903	948
903	978
903	981
903	985
903	987
903	989
903	990
904	386
904	389
904	396
904	465
904	489
904	528
904	530
904	667
904	685
904	689
904	718
904	726
904	746
904	750
904	772
904	783
904	784
904	809
904	850
904	860
904	874
904	876
904	887
904	890
904	898
904	925
904	940
904	944
904	972
904	980
904	989
904	996
904	998
905	37
905	84
905	258
905	270
905	308
905	377
905	395
905	404
905	443
905	453
905	462
905	509
905	538
905	553
905	589
905	601
905	606
905	609
905	676
905	712
905	724
905	736
905	762
905	796
905	822
905	829
905	834
905	842
905	849
905	866
905	892
905	906
905	927
905	942
905	989
905	994
906	101
906	267
906	377
906	395
906	403
906	404
906	443
906	462
906	477
906	482
906	509
906	528
906	553
906	572
906	583
906	589
906	598
906	675
906	697
906	712
906	723
906	724
906	728
906	773
906	790
906	822
906	842
906	882
906	905
906	927
906	963
906	977
906	991
907	278
907	296
907	304
907	307
907	314
907	336
907	407
907	460
907	503
907	524
907	556
907	558
907	627
907	636
907	641
907	642
907	676
907	686
907	702
907	708
907	710
907	761
907	769
907	783
907	784
907	826
907	832
907	834
907	835
907	866
907	887
907	979
907	1000
908	354
908	375
908	402
908	442
908	467
908	512
908	521
908	526
908	540
908	553
908	559
908	579
908	615
908	626
908	634
908	667
908	705
908	711
908	748
908	749
908	754
908	776
908	817
908	823
908	851
908	871
908	875
908	881
908	886
908	913
908	929
908	934
908	937
908	944
908	955
908	994
909	429
909	472
909	530
909	601
909	609
909	635
909	651
909	711
909	728
909	789
909	805
909	812
909	821
909	855
909	858
909	859
909	861
909	865
909	872
909	893
909	895
909	902
909	912
909	917
909	920
909	926
909	935
909	939
909	1000
910	74
910	300
910	386
910	390
910	496
910	541
910	595
910	643
910	644
910	656
910	682
910	709
910	720
910	727
910	758
910	772
910	793
910	798
910	806
910	833
910	839
910	846
910	847
910	853
910	862
910	938
910	975
910	978
910	986
910	1000
911	59
911	299
911	347
911	368
911	378
911	380
911	449
911	471
911	475
911	518
911	558
911	575
911	584
911	597
911	633
911	638
911	651
911	690
911	693
911	767
911	788
911	797
911	808
911	820
911	863
911	923
911	926
911	931
911	970
911	974
911	982
911	995
911	996
912	221
912	252
912	348
912	376
912	425
912	446
912	447
912	472
912	516
912	522
912	573
912	610
912	635
912	655
912	667
912	711
912	715
912	724
912	754
912	766
912	772
912	813
912	859
912	866
912	893
912	895
912	902
912	909
912	917
912	935
912	941
912	948
912	961
912	1000
913	70
913	120
913	219
913	245
913	300
913	356
913	368
913	395
913	398
913	402
913	408
913	409
913	425
913	433
913	526
913	549
913	578
913	593
913	602
913	608
913	626
913	629
913	689
913	705
913	748
913	813
913	817
913	818
913	847
913	868
913	875
913	881
913	908
913	934
913	944
913	970
913	994
913	997
913	998
914	43
914	312
914	317
914	318
914	388
914	432
914	433
914	465
914	506
914	508
914	522
914	529
914	535
914	536
914	545
914	549
914	620
914	624
914	634
914	649
914	678
914	690
914	696
914	703
914	714
914	731
914	752
914	823
914	861
914	894
914	898
914	957
914	979
914	986
914	989
914	998
914	999
915	293
915	349
915	457
915	502
915	506
915	542
915	553
915	592
915	606
915	643
915	672
915	683
915	691
915	700
915	705
915	706
915	723
915	744
915	798
915	799
915	816
915	830
915	840
915	856
915	860
915	899
915	919
915	920
915	921
915	922
915	928
915	930
915	977
915	986
915	992
915	1000
916	18
916	96
916	203
916	387
916	396
916	412
916	424
916	453
916	481
916	495
916	541
916	597
916	623
916	631
916	676
916	694
916	702
916	709
916	745
916	757
916	777
916	782
916	791
916	799
916	864
916	873
916	880
916	891
916	931
916	941
916	954
916	955
916	967
916	983
916	997
917	360
917	432
917	440
917	447
917	472
917	479
917	516
917	522
917	587
917	597
917	610
917	635
917	732
917	736
917	751
917	780
917	804
917	843
917	849
917	858
917	859
917	893
917	895
917	902
917	903
917	909
917	912
917	925
917	935
917	947
917	983
917	1000
918	386
918	497
918	520
918	572
918	623
918	627
918	655
918	661
918	679
918	681
918	686
918	692
918	721
918	741
918	755
918	803
918	821
918	828
918	836
918	869
918	870
918	871
918	874
918	933
918	937
918	950
918	951
918	952
918	966
918	968
918	985
918	988
919	75
919	172
919	208
919	246
919	316
919	393
919	479
919	537
919	557
919	596
919	643
919	657
919	683
919	692
919	698
919	710
919	723
919	732
919	739
919	760
919	774
919	798
919	801
919	830
919	844
919	860
919	899
919	901
919	915
919	921
919	922
919	930
919	945
919	970
919	977
919	999
920	65
920	153
920	168
920	215
920	342
920	358
920	362
920	419
920	440
920	493
920	560
920	562
920	579
920	586
920	649
920	662
920	664
920	718
920	739
920	776
920	785
920	797
920	807
920	818
920	831
920	857
920	878
920	881
920	909
920	915
920	953
920	976
920	984
920	991
921	113
921	284
921	333
921	353
921	410
921	454
921	457
921	485
921	502
921	516
921	544
921	606
921	630
921	683
921	690
921	704
921	705
921	723
921	740
921	798
921	847
921	860
921	886
921	888
921	895
921	899
921	915
921	919
921	922
921	930
921	945
921	961
921	991
922	222
922	353
922	457
922	494
922	530
922	596
922	606
922	630
922	639
922	642
922	643
922	662
922	664
922	677
922	704
922	710
922	712
922	723
922	732
922	744
922	798
922	813
922	828
922	830
922	862
922	886
922	899
922	915
922	919
922	921
922	927
922	930
922	945
922	952
922	967
922	977
922	978
923	441
923	463
923	490
923	512
923	549
923	576
923	638
923	687
923	691
923	696
923	709
923	716
923	760
923	773
923	795
923	818
923	824
923	833
923	834
923	845
923	846
923	859
923	860
923	876
923	883
923	887
923	911
923	936
923	939
923	942
923	975
923	983
924	374
924	410
924	413
924	443
924	468
924	470
924	485
924	517
924	529
924	545
924	559
924	643
924	650
924	664
924	690
924	704
924	713
924	751
924	753
924	757
924	758
924	793
924	813
924	831
924	856
924	860
924	868
924	890
924	892
924	896
924	943
924	949
924	951
924	965
924	969
924	991
925	147
925	179
925	238
925	299
925	325
925	363
925	391
925	427
925	471
925	475
925	513
925	533
925	605
925	620
925	667
925	675
925	718
925	726
925	745
925	746
925	750
925	772
925	779
925	784
925	791
925	809
925	828
925	855
925	874
925	898
925	904
925	917
925	929
925	972
925	980
925	992
925	996
925	998
926	419
926	543
926	590
926	609
926	630
926	692
926	695
926	703
926	723
926	781
926	789
926	804
926	806
926	816
926	840
926	852
926	867
926	873
926	888
926	889
926	903
926	909
926	911
926	939
926	948
926	951
926	963
926	978
926	985
926	987
926	990
926	991
926	996
927	258
927	260
927	270
927	287
927	305
927	377
927	395
927	404
927	443
927	462
927	509
927	553
927	589
927	595
927	622
927	651
927	697
927	712
927	721
927	724
927	756
927	785
927	822
927	835
927	842
927	857
927	881
927	901
927	905
927	906
927	922
927	943
927	944
927	991
927	998
928	178
928	210
928	295
928	362
928	375
928	433
928	452
928	530
928	562
928	574
928	579
928	594
928	598
928	616
928	664
928	707
928	737
928	785
928	787
928	798
928	803
928	814
928	817
928	818
928	857
928	878
928	915
928	946
928	948
928	953
928	954
928	976
928	988
928	989
928	991
929	98
929	308
929	389
929	409
929	487
929	571
929	612
929	621
929	646
929	669
929	670
929	698
929	700
929	706
929	738
929	748
929	754
929	791
929	808
929	818
929	823
929	828
929	845
929	862
929	876
929	883
929	908
929	925
929	932
929	953
929	954
929	991
929	992
929	996
930	176
930	285
930	293
930	297
930	353
930	405
930	416
930	420
930	457
930	518
930	530
930	545
930	565
930	596
930	606
930	618
930	637
930	683
930	692
930	703
930	707
930	710
930	732
930	744
930	798
930	804
930	827
930	830
930	837
930	860
930	876
930	899
930	915
930	919
930	921
930	922
930	951
930	965
930	977
930	987
931	100
931	195
931	200
931	273
931	379
931	387
931	466
931	471
931	481
931	501
931	540
931	557
931	568
931	569
931	599
931	608
931	623
931	631
931	663
931	665
931	668
931	694
931	725
931	736
931	745
931	755
931	757
931	782
931	791
931	830
931	857
931	880
931	911
931	916
931	954
931	964
931	975
932	308
932	320
932	331
932	389
932	487
932	503
932	586
932	610
932	612
932	628
932	634
932	640
932	646
932	655
932	669
932	690
932	698
932	706
932	753
932	811
932	822
932	828
932	830
932	836
932	862
932	871
932	929
932	956
932	972
932	977
932	991
932	992
933	37
933	92
933	114
933	138
933	190
933	284
933	297
933	371
933	414
933	416
933	469
933	497
933	529
933	534
933	538
933	545
933	613
933	655
933	661
933	671
933	676
933	679
933	721
933	741
933	775
933	814
933	821
933	870
933	918
933	944
933	950
933	952
933	963
933	964
933	968
933	988
934	179
934	355
934	371
934	425
934	449
934	452
934	493
934	525
934	577
934	583
934	584
934	602
934	626
934	629
934	647
934	656
934	662
934	671
934	674
934	676
934	692
934	705
934	727
934	735
934	748
934	783
934	813
934	814
934	817
934	844
934	879
934	886
934	888
934	908
934	913
934	955
934	967
934	989
935	276
935	308
935	403
935	447
935	471
935	516
935	522
935	589
935	594
935	635
935	681
935	685
935	711
935	761
935	762
935	820
935	833
935	858
935	859
935	871
935	893
935	895
935	897
935	899
935	902
935	909
935	912
935	917
935	956
935	967
935	972
935	979
935	1000
936	14
936	147
936	166
936	208
936	268
936	302
936	332
936	333
936	356
936	361
936	419
936	438
936	472
936	497
936	498
936	508
936	520
936	528
936	570
936	593
936	609
936	642
936	654
936	656
936	672
936	677
936	687
936	691
936	697
936	764
936	824
936	828
936	833
936	834
936	843
936	846
936	887
936	897
936	923
936	939
936	975
937	186
937	201
937	285
937	343
937	346
937	373
937	406
937	517
937	520
937	533
937	534
937	596
937	616
937	621
937	625
937	648
937	654
937	659
937	737
937	738
937	754
937	771
937	773
937	774
937	780
937	796
937	806
937	835
937	836
937	848
937	850
937	880
937	908
937	918
937	939
937	958
937	961
937	981
937	991
937	994
938	27
938	48
938	50
938	74
938	154
938	204
938	242
938	300
938	316
938	326
938	341
938	386
938	390
938	413
938	441
938	458
938	496
938	595
938	645
938	652
938	656
938	668
938	682
938	687
938	709
938	720
938	727
938	746
938	747
938	756
938	758
938	794
938	824
938	830
938	853
938	862
938	866
938	867
938	910
938	955
939	242
939	339
939	364
939	370
939	385
939	392
939	406
939	481
939	490
939	531
939	547
939	608
939	609
939	631
939	664
939	683
939	687
939	691
939	776
939	795
939	833
939	834
939	845
939	846
939	872
939	879
939	887
939	898
939	909
939	923
939	926
939	936
939	937
939	943
939	945
939	968
939	975
940	17
940	91
940	148
940	180
940	198
940	383
940	400
940	427
940	462
940	474
940	507
940	523
940	542
940	578
940	588
940	650
940	652
940	681
940	707
940	716
940	719
940	735
940	756
940	764
940	803
940	850
940	863
940	869
940	873
940	875
940	904
940	946
940	956
940	974
940	989
941	182
941	341
941	349
941	431
941	510
941	521
941	560
941	604
941	615
941	618
941	639
941	645
941	646
941	660
941	713
941	718
941	738
941	740
941	743
941	762
941	811
941	825
941	837
941	844
941	864
941	885
941	900
941	901
941	912
941	916
941	944
941	957
941	964
941	967
941	982
941	984
942	56
942	178
942	188
942	221
942	270
942	328
942	334
942	355
942	373
942	430
942	440
942	491
942	501
942	504
942	533
942	534
942	551
942	625
942	685
942	737
942	754
942	773
942	774
942	780
942	818
942	835
942	841
942	848
942	905
942	923
942	946
942	950
942	961
942	962
942	971
942	981
942	985
943	106
943	140
943	226
943	243
943	293
943	348
943	360
943	364
943	370
943	392
943	400
943	406
943	438
943	473
943	490
943	534
943	576
943	590
943	593
943	609
943	625
943	649
943	652
943	654
943	664
943	691
943	788
943	794
943	795
943	797
943	816
943	834
943	845
943	846
943	884
943	898
943	924
943	927
943	939
943	981
943	983
944	347
944	445
944	525
944	526
944	543
944	547
944	559
944	603
944	654
944	745
944	755
944	767
944	770
944	786
944	794
944	811
944	813
944	817
944	847
944	875
944	879
944	881
944	892
944	904
944	908
944	913
944	927
944	933
944	941
944	955
944	964
944	967
944	994
944	995
944	997
945	88
945	284
945	293
945	305
945	353
945	366
945	403
945	410
945	432
945	502
945	519
945	523
945	530
945	544
945	572
945	606
945	643
945	674
945	683
945	688
945	691
945	710
945	732
945	738
945	744
945	748
945	798
945	803
945	806
945	860
945	878
945	899
945	902
945	919
945	921
945	922
945	939
945	952
945	958
945	965
945	977
945	988
945	991
946	123
946	125
946	161
946	228
946	292
946	326
946	331
946	381
946	396
946	402
946	435
946	459
946	461
946	486
946	492
946	504
946	535
946	548
946	570
946	575
946	602
946	607
946	609
946	621
946	662
946	686
946	703
946	716
946	770
946	779
946	801
946	802
946	837
946	843
946	865
946	928
946	940
946	942
946	954
946	977
947	15
947	63
947	102
947	122
947	165
947	193
947	234
947	259
947	271
947	286
947	310
947	311
947	428
947	445
947	453
947	499
947	537
947	546
947	563
947	564
947	601
947	626
947	645
947	673
947	674
947	685
947	751
947	757
947	763
947	765
947	768
947	770
947	776
947	790
947	794
947	819
947	825
947	845
947	849
947	854
947	901
947	917
947	949
947	993
948	239
948	357
948	387
948	427
948	459
948	465
948	466
948	490
948	507
948	533
948	560
948	589
948	625
948	630
948	660
948	692
948	695
948	740
948	760
948	781
948	795
948	804
948	816
948	829
948	852
948	857
948	867
948	880
948	888
948	889
948	903
948	912
948	926
948	928
948	978
948	979
948	985
948	987
948	990
949	6
949	21
949	46
949	81
949	137
949	165
949	230
949	257
949	271
949	310
949	367
949	374
949	386
949	419
949	424
949	428
949	442
949	445
949	454
949	460
949	462
949	470
949	473
949	499
949	511
949	515
949	624
949	636
949	673
949	675
949	699
949	702
949	741
949	776
949	808
949	819
949	850
949	894
949	896
949	924
949	947
949	962
949	980
950	56
950	163
950	192
950	248
950	342
950	349
950	375
950	394
950	446
950	497
950	545
950	607
950	655
950	661
950	670
950	679
950	683
950	721
950	741
950	775
950	792
950	804
950	805
950	821
950	846
950	861
950	867
950	870
950	918
950	933
950	942
950	951
950	953
950	968
950	970
950	980
950	988
951	86
951	157
951	240
951	296
951	366
951	455
951	479
951	489
951	524
951	580
951	588
951	616
951	617
951	642
951	665
951	672
951	680
951	682
951	696
951	781
951	794
951	799
951	811
951	817
951	823
951	864
951	871
951	882
951	884
951	918
951	924
951	926
951	930
951	950
951	960
951	966
951	978
951	999
952	118
952	143
952	185
952	192
952	227
952	281
952	310
952	342
952	352
952	358
952	403
952	441
952	478
952	497
952	647
952	654
952	655
952	661
952	679
952	703
952	741
952	742
952	763
952	775
952	820
952	821
952	842
952	856
952	863
952	870
952	891
952	918
952	922
952	933
952	945
952	956
952	968
952	988
953	1
953	60
953	112
953	168
953	229
953	249
953	261
953	265
953	271
953	324
953	362
953	390
953	405
953	454
953	486
953	557
953	586
953	594
953	606
953	616
953	633
953	647
953	725
953	747
953	752
953	785
953	793
953	796
953	807
953	820
953	845
953	868
953	920
953	928
953	929
953	950
953	954
953	976
953	997
954	34
954	76
954	112
954	210
954	215
954	231
954	248
954	249
954	254
954	375
954	440
954	530
954	534
954	562
954	579
954	586
954	594
954	598
954	647
954	668
954	688
954	694
954	696
954	733
954	747
954	753
954	757
954	779
954	785
954	789
954	791
954	793
954	814
954	878
954	916
954	928
954	929
954	931
954	946
954	953
954	973
954	985
955	45
955	169
955	238
955	254
955	376
955	408
955	425
955	493
955	523
955	525
955	558
955	573
955	577
955	626
955	639
955	671
955	688
955	697
955	705
955	713
955	720
955	752
955	756
955	761
955	772
955	774
955	783
955	813
955	851
955	873
955	875
955	886
955	908
955	916
955	934
955	938
955	944
955	957
955	964
955	974
955	997
956	75
956	148
956	181
956	184
956	207
956	226
956	227
956	244
956	250
956	288
956	383
956	427
956	474
956	490
956	497
956	523
956	542
956	568
956	578
956	580
956	590
956	613
956	623
956	650
956	652
956	681
956	719
956	722
956	735
956	753
956	764
956	788
956	803
956	825
956	863
956	873
956	889
956	932
956	935
956	940
956	952
956	982
956	993
957	90
957	160
957	182
957	286
957	290
957	304
957	381
957	382
957	532
957	550
957	581
957	591
957	603
957	663
957	691
957	709
957	717
957	727
957	734
957	745
957	793
957	795
957	804
957	825
957	843
957	864
957	865
957	874
957	885
957	900
957	914
957	941
957	955
957	967
957	982
957	984
957	1000
958	49
958	144
958	174
958	212
958	313
958	324
958	361
958	382
958	426
958	489
958	501
958	564
958	593
958	642
958	652
958	653
958	658
958	672
958	730
958	762
958	794
958	796
958	827
958	837
958	844
958	847
958	851
958	860
958	870
958	871
958	881
958	882
958	898
958	937
958	945
958	960
958	964
958	966
958	975
958	999
959	267
959	278
959	286
959	310
959	417
959	435
959	460
959	466
959	510
959	543
959	570
959	611
959	622
959	624
959	635
959	641
959	653
959	666
959	678
959	707
959	728
959	735
959	742
959	769
959	779
959	793
959	800
959	811
959	824
959	840
959	849
959	855
959	880
959	891
959	962
959	963
959	970
959	972
959	981
960	72
960	226
960	237
960	245
960	253
960	259
960	269
960	271
960	298
960	337
960	344
960	376
960	407
960	426
960	458
960	476
960	480
960	484
960	534
960	541
960	580
960	588
960	617
960	634
960	641
960	665
960	673
960	686
960	730
960	746
960	756
960	761
960	771
960	794
960	811
960	814
960	827
960	831
960	871
960	882
960	951
960	958
960	999
961	85
961	204
961	285
961	300
961	377
961	390
961	447
961	481
961	504
961	520
961	573
961	615
961	625
961	648
961	659
961	724
961	737
961	738
961	744
961	759
961	761
961	765
961	771
961	780
961	801
961	835
961	836
961	844
961	848
961	872
961	882
961	912
961	921
961	937
961	942
961	974
961	981
961	990
962	19
962	193
962	194
962	199
962	271
962	276
962	294
962	309
962	310
962	311
962	315
962	366
962	398
962	428
962	453
962	454
962	499
962	511
962	530
962	540
962	563
962	572
962	593
962	601
962	603
962	605
962	607
962	612
962	636
962	675
962	704
962	754
962	808
962	817
962	819
962	849
962	851
962	854
962	872
962	901
962	902
962	942
962	949
962	959
962	987
962	993
963	18
963	278
963	286
963	340
963	354
963	372
963	395
963	407
963	413
963	417
963	435
963	457
963	510
963	570
963	603
963	622
963	624
963	640
963	641
963	658
963	707
963	740
963	742
963	745
963	788
963	789
963	800
963	824
963	830
963	849
963	855
963	871
963	878
963	891
963	893
963	906
963	926
963	933
963	959
963	970
964	212
964	254
964	355
964	401
964	402
964	493
964	513
964	525
964	526
964	562
964	577
964	584
964	600
964	626
964	652
964	686
964	705
964	748
964	766
964	789
964	810
964	817
964	839
964	847
964	851
964	865
964	875
964	879
964	892
964	893
964	931
964	933
964	941
964	944
964	955
964	958
964	981
964	992
964	997
965	231
965	252
965	302
965	317
965	345
965	374
965	413
965	415
965	439
965	468
965	485
965	517
965	524
965	545
965	643
965	650
965	700
965	702
965	704
965	730
965	732
965	753
965	755
965	774
965	778
965	803
965	831
965	832
965	835
965	843
965	856
965	868
965	892
965	896
965	924
965	930
965	945
965	969
965	986
965	992
965	994
965	999
966	68
966	102
966	107
966	124
966	253
966	269
966	298
966	318
966	322
966	346
966	375
966	426
966	458
966	459
966	484
966	489
966	580
966	586
966	588
966	599
966	626
966	637
966	642
966	653
966	665
966	672
966	680
966	682
966	740
966	796
966	805
966	811
966	812
966	819
966	826
966	861
966	865
966	876
966	918
966	951
966	958
966	998
966	999
967	26
967	84
967	105
967	119
967	245
967	261
967	282
967	291
967	294
967	331
967	338
967	349
967	354
967	355
967	361
967	368
967	391
967	414
967	459
967	474
967	519
967	553
967	581
967	603
967	608
967	618
967	631
967	645
967	705
967	713
967	717
967	734
967	762
967	814
967	885
967	900
967	916
967	922
967	934
967	935
967	941
967	944
967	957
967	982
967	984
968	129
968	136
968	148
968	192
968	254
968	309
968	342
968	358
968	370
968	395
968	417
968	453
968	480
968	497
968	536
968	655
968	659
968	661
968	679
968	719
968	721
968	741
968	755
968	767
968	775
968	791
968	821
968	845
968	860
968	866
968	870
968	882
968	918
968	933
968	939
968	950
968	952
968	971
968	988
969	24
969	91
969	199
969	252
969	258
969	302
969	311
969	317
969	336
969	374
969	381
969	400
969	413
969	439
969	468
969	485
969	508
969	517
969	545
969	625
969	650
969	658
969	679
969	685
969	692
969	704
969	723
969	753
969	782
969	831
969	841
969	843
969	856
969	864
969	867
969	868
969	874
969	877
969	892
969	893
969	896
969	924
969	965
969	984
970	78
970	95
970	278
970	286
970	417
970	435
970	510
970	566
970	570
970	622
970	624
970	641
970	693
970	699
970	707
970	721
970	742
970	749
970	753
970	784
970	800
970	813
970	826
970	841
970	842
970	845
970	849
970	855
970	877
970	879
970	886
970	891
970	911
970	913
970	919
970	950
970	959
970	963
970	982
970	997
971	67
971	187
971	285
971	289
971	339
971	409
971	463
971	493
971	504
971	513
971	520
971	533
971	534
971	559
971	582
971	583
971	589
971	625
971	659
971	673
971	701
971	709
971	710
971	738
971	752
971	771
971	773
971	774
971	780
971	823
971	836
971	841
971	846
971	848
971	850
971	853
971	872
971	883
971	894
971	942
971	968
971	973
971	981
972	54
972	97
972	195
972	216
972	254
972	329
972	360
972	391
972	451
972	455
972	498
972	508
972	520
972	531
972	549
972	568
972	605
972	620
972	665
972	667
972	689
972	700
972	718
972	720
972	726
972	746
972	750
972	772
972	784
972	809
972	816
972	823
972	853
972	866
972	889
972	898
972	904
972	925
972	932
972	935
972	959
972	977
972	980
972	996
972	998
973	54
973	98
973	104
973	124
973	174
973	197
973	232
973	270
973	297
973	298
973	324
973	377
973	426
973	434
973	435
973	479
973	484
973	517
973	542
973	555
973	608
973	653
973	658
973	665
973	672
973	680
973	682
973	699
973	721
973	730
973	751
973	760
973	807
973	814
973	815
973	824
973	827
973	829
973	846
973	871
973	874
973	876
973	900
973	954
973	971
973	999
974	33
974	59
974	69
974	80
974	92
974	94
974	108
974	124
974	138
974	140
974	164
974	167
974	180
974	201
974	306
974	368
974	378
974	380
974	414
974	448
974	449
974	471
974	475
974	491
974	518
974	532
974	569
974	597
974	632
974	633
974	636
974	638
974	651
974	714
974	736
974	752
974	767
974	788
974	797
974	798
974	811
974	829
974	887
974	911
974	940
974	955
974	961
974	995
975	116
975	147
975	168
975	281
975	315
975	370
975	371
975	392
975	400
975	406
975	423
975	438
975	446
975	490
975	499
975	565
975	576
975	586
975	593
975	609
975	632
975	654
975	655
975	664
975	676
975	691
975	700
975	735
975	822
975	824
975	833
975	834
975	845
975	846
975	869
975	872
975	880
975	910
975	923
975	931
975	936
975	939
975	958
975	979
975	983
975	999
976	104
976	115
976	142
976	150
976	168
976	249
976	307
976	351
976	365
976	368
976	375
976	392
976	405
976	408
976	414
976	456
976	500
976	525
976	568
976	579
976	581
976	594
976	616
976	624
976	668
976	688
976	696
976	717
976	737
976	747
976	785
976	793
976	807
976	809
976	814
976	818
976	857
976	874
976	878
976	887
976	897
976	920
976	928
976	953
976	990
976	996
977	62
977	97
977	152
977	195
977	262
977	297
977	299
977	366
977	410
977	468
977	481
977	523
977	530
977	563
977	596
977	606
977	625
977	643
977	646
977	668
977	683
977	687
977	710
977	713
977	720
977	723
977	732
977	744
977	798
977	805
977	830
977	868
977	871
977	899
977	906
977	915
977	919
977	922
977	930
977	932
977	945
977	946
977	972
977	996
977	1000
978	250
978	315
978	325
978	338
978	363
978	428
978	497
978	501
978	508
978	583
978	585
978	597
978	604
978	630
978	639
978	690
978	692
978	716
978	725
978	740
978	751
978	760
978	781
978	788
978	800
978	804
978	816
978	827
978	852
978	867
978	888
978	889
978	893
978	894
978	903
978	910
978	922
978	926
978	948
978	951
978	985
978	987
978	990
979	27
979	69
979	141
979	163
979	166
979	191
979	263
979	373
979	388
979	400
979	402
979	406
979	415
979	416
979	423
979	433
979	465
979	469
979	506
979	526
979	578
979	585
979	634
979	652
979	678
979	701
979	714
979	752
979	764
979	823
979	843
979	844
979	861
979	869
979	873
979	889
979	894
979	898
979	907
979	914
979	935
979	948
979	975
979	986
979	989
979	993
980	85
980	158
980	184
980	228
980	289
980	330
980	347
980	391
980	455
980	486
980	498
980	508
980	605
980	619
980	620
980	642
980	651
980	658
980	667
980	689
980	719
980	726
980	750
980	763
980	772
980	779
980	784
980	809
980	817
980	829
980	869
980	870
980	871
980	874
980	898
980	904
980	925
980	949
980	950
980	972
980	996
980	998
981	89
981	110
981	172
981	186
981	236
981	285
981	309
981	318
981	328
981	436
981	449
981	480
981	495
981	526
981	527
981	534
981	549
981	551
981	560
981	659
981	666
981	669
981	717
981	737
981	738
981	744
981	761
981	773
981	780
981	836
981	841
981	848
981	850
981	859
981	899
981	903
981	937
981	942
981	943
981	959
981	961
981	964
981	971
981	987
982	47
982	89
982	113
982	128
982	182
982	240
982	245
982	250
982	255
982	291
982	294
982	304
982	331
982	335
982	349
982	354
982	373
982	389
982	402
982	417
982	539
982	591
982	613
982	618
982	645
982	646
982	656
982	671
982	673
982	713
982	729
982	734
982	762
982	768
982	820
982	825
982	838
982	844
982	847
982	848
982	864
982	888
982	911
982	941
982	956
982	957
982	967
982	970
983	46
983	57
983	87
983	140
983	165
983	166
983	179
983	198
983	361
983	388
983	392
983	406
983	438
983	473
983	522
983	561
983	576
983	593
983	602
983	609
983	641
983	659
983	664
983	674
983	687
983	719
983	751
983	771
983	795
983	821
983	824
983	833
983	845
983	846
983	855
983	877
983	886
983	887
983	901
983	916
983	917
983	923
983	943
983	975
983	986
984	23
984	126
984	159
984	160
984	182
984	197
984	221
984	223
984	320
984	349
984	374
984	398
984	490
984	577
984	581
984	591
984	603
984	610
984	615
984	618
984	645
984	670
984	706
984	717
984	734
984	741
984	762
984	787
984	798
984	800
984	825
984	844
984	854
984	864
984	871
984	876
984	885
984	900
984	920
984	941
984	957
984	967
984	969
984	989
985	71
985	161
985	187
985	217
985	282
985	314
985	325
985	382
985	385
985	432
985	464
985	501
985	518
985	564
985	583
985	630
985	634
985	661
985	682
985	695
985	700
985	740
985	760
985	771
985	781
985	804
985	813
985	816
985	821
985	837
985	848
985	852
985	867
985	888
985	889
985	896
985	903
985	918
985	926
985	942
985	948
985	954
985	978
985	987
985	990
986	27
986	133
986	191
986	211
986	224
986	284
986	388
986	415
986	416
986	423
986	431
986	433
986	436
986	438
986	465
986	470
986	506
986	529
986	533
986	634
986	651
986	678
986	679
986	685
986	690
986	709
986	714
986	715
986	749
986	750
986	752
986	768
986	800
986	827
986	840
986	861
986	871
986	892
986	894
986	910
986	914
986	915
986	965
986	979
986	983
986	989
987	48
987	139
987	181
987	191
987	205
987	217
987	283
987	325
987	331
987	424
987	432
987	454
987	501
987	549
987	583
987	618
987	622
987	692
987	695
987	707
987	740
987	741
987	760
987	781
987	785
987	799
987	804
987	816
987	820
987	852
987	867
987	888
987	889
987	903
987	926
987	930
987	948
987	962
987	978
987	981
987	985
987	990
987	998
988	61
988	89
988	127
988	159
988	180
988	192
988	225
988	237
988	281
988	335
988	342
988	358
988	370
988	391
988	497
988	509
988	596
988	634
988	659
988	661
988	679
988	688
988	721
988	737
988	741
988	748
988	775
988	786
988	803
988	821
988	851
988	870
988	876
988	898
988	918
988	928
988	933
988	945
988	950
988	952
988	968
988	994
989	22
989	69
989	75
989	116
989	123
989	128
989	133
989	217
989	263
989	318
989	329
989	415
989	416
989	423
989	430
989	431
989	465
989	529
989	630
989	634
989	678
989	690
989	707
989	714
989	715
989	752
989	790
989	797
989	823
989	830
989	841
989	843
989	861
989	870
989	894
989	903
989	904
989	905
989	914
989	928
989	934
989	940
989	979
989	984
989	986
990	341
990	405
990	432
990	483
990	501
990	554
990	609
990	630
990	647
990	648
990	675
990	692
990	695
990	719
990	720
990	735
990	740
990	757
990	758
990	759
990	760
990	768
990	771
990	781
990	782
990	804
990	816
990	851
990	852
990	867
990	870
990	888
990	889
990	903
990	926
990	948
990	961
990	976
990	978
990	985
990	987
990	994
991	16
991	19
991	103
991	134
991	206
991	235
991	261
991	308
991	320
991	322
991	358
991	389
991	395
991	409
991	421
991	432
991	487
991	533
991	571
991	574
991	628
991	631
991	638
991	646
991	669
991	683
991	698
991	706
991	754
991	779
991	781
991	828
991	857
991	869
991	901
991	906
991	920
991	921
991	924
991	926
991	927
991	928
991	929
991	932
991	937
991	945
991	992
992	15
992	19
992	52
992	58
992	169
992	201
992	235
992	251
992	261
992	291
992	298
992	302
992	308
992	320
992	387
992	389
992	393
992	409
992	441
992	449
992	450
992	452
992	463
992	487
992	561
992	571
992	612
992	628
992	646
992	669
992	698
992	706
992	754
992	792
992	828
992	829
992	880
992	915
992	925
992	929
992	932
992	964
992	965
992	991
993	34
993	149
993	187
993	193
993	198
993	260
993	276
993	337
993	369
993	453
993	464
993	470
993	473
993	499
993	511
993	515
993	538
993	539
993	544
993	572
993	577
993	601
993	636
993	661
993	675
993	699
993	721
993	746
993	752
993	759
993	765
993	776
993	784
993	793
993	808
993	817
993	854
993	877
993	894
993	899
993	901
993	947
993	956
993	962
993	979
993	994
993	1000
994	138
994	170
994	258
994	273
994	346
994	355
994	367
994	402
994	408
994	412
994	427
994	452
994	459
994	493
994	505
994	547
994	559
994	562
994	626
994	641
994	643
994	672
994	735
994	754
994	756
994	775
994	777
994	784
994	811
994	813
994	817
994	847
994	851
994	875
994	879
994	881
994	886
994	905
994	908
994	913
994	937
994	944
994	965
994	988
994	990
994	993
994	997
995	59
995	92
995	94
995	96
995	138
995	162
995	167
995	196
995	201
995	306
995	324
995	345
995	368
995	378
995	380
995	388
995	428
995	435
995	449
995	471
995	475
995	493
995	518
995	532
995	548
995	552
995	573
995	597
995	622
995	626
995	633
995	638
995	651
995	688
995	690
995	705
995	729
995	767
995	788
995	797
995	802
995	846
995	852
995	885
995	901
995	911
995	944
995	974
996	2
996	57
996	297
996	391
996	455
996	498
996	508
996	551
996	556
996	567
996	587
996	605
996	620
996	630
996	667
996	669
996	689
996	700
996	718
996	726
996	739
996	746
996	750
996	765
996	771
996	772
996	780
996	781
996	784
996	807
996	809
996	825
996	874
996	898
996	904
996	911
996	925
996	926
996	929
996	972
996	976
996	977
996	980
996	997
996	998
997	44
997	51
997	68
997	69
997	93
997	105
997	120
997	341
997	393
997	408
997	431
997	493
997	498
997	526
997	552
997	568
997	573
997	577
997	625
997	662
997	671
997	686
997	700
997	705
997	752
997	813
997	847
997	851
997	867
997	875
997	881
997	886
997	891
997	899
997	913
997	916
997	944
997	953
997	955
997	964
997	970
997	994
997	996
998	250
998	375
998	376
998	408
998	455
998	471
998	498
998	508
998	605
998	620
998	644
998	648
998	667
998	683
998	689
998	709
998	718
998	724
998	726
998	746
998	750
998	772
998	774
998	784
998	785
998	800
998	809
998	836
998	874
998	880
998	890
998	898
998	904
998	913
998	914
998	925
998	927
998	966
998	972
998	980
998	987
998	996
998	999
999	29
999	83
999	96
999	229
999	262
999	269
999	324
999	360
999	422
999	426
999	480
999	484
999	488
999	489
999	513
999	579
999	580
999	608
999	617
999	628
999	665
999	679
999	680
999	682
999	687
999	717
999	750
999	752
999	753
999	796
999	811
999	827
999	849
999	858
999	882
999	914
999	919
999	951
999	958
999	960
999	965
999	966
999	973
999	975
999	998
1000	73
1000	111
1000	129
1000	135
1000	180
1000	221
1000	293
1000	333
1000	338
1000	442
1000	447
1000	472
1000	480
1000	485
1000	489
1000	516
1000	522
1000	537
1000	612
1000	635
1000	690
1000	697
1000	711
1000	736
1000	764
1000	812
1000	858
1000	859
1000	869
1000	893
1000	895
1000	902
1000	907
1000	909
1000	910
1000	912
1000	915
1000	917
1000	935
1000	957
1000	977
1000	993
