1	28 
2	28 
3	89 
4	31 
5	40 
6	2 
7	39 
8	54 
9	88 
10	62 
11	71 
12	9 
13	56 
14	56 
15	54 
16	39 
17	15 
18	74 
19	20 
20	63 
21	40 
22	50 
23	50 
24	40 
25	42 
26	77 
27	36 
28	30 
29	45 
30	56 
31	62 
32	4 
33	39 
34	61 
35	22 
36	83 
37	28 
38	88 
39	39 
40	2 
41	1 
42	57 
43	54 
44	37 
45	74 
46	5 
47	54 
48	52 
49	45 
50	40 
51	4 
52	37 
53	15 
54	40 
55	30 
56	43 
57	29 
58	13 
59	34 
60	25 
61	2 
62	72 
63	2 
64	31 
65	75 
66	32 
67	11 
68	7 
69	25 
70	36 
71	50 
72	42 
73	30 
74	56 
75	2 
76	70 
77	2 
78	26 
79	84 
80	63 
81	45 
82	3 
83	9 
84	53 
85	32 
86	83 
87	57 
88	17 
89	69 
90	76 
91	2 
92	47 
93	30 
94	37 
95	81 
96	86 
97	15 
98	67 
99	50 
100	54 
101	28 
102	61 
103	19 
104	81 
105	85 
106	76 
107	72 
108	28 
109	68 
110	79 
111	10 
112	36 
113	52 
114	45 
115	4 
116	63 
117	9 
118	77 
119	11 
120	68 
121	33 
122	51 
123	85 
124	31 
125	4 
126	40 
127	4 
128	60 
129	1 
130	90 
131	8 
132	24 
133	15 
134	38 
135	54 
136	56 
137	56 
138	88 
139	54 
140	61 
141	61 
142	30 
143	33 
144	68 
145	9 
146	72 
147	32 
148	23 
149	52 
150	25 
151	88 
152	44 
153	16 
154	11 
155	25 
156	5 
157	50 
158	6 
159	69 
160	71 
161	40 
162	7 
163	48 
164	7 
165	11 
166	11 
167	49 
168	11 
169	81 
170	50 
171	88 
172	58 
173	4 
174	30 
175	22 
176	8 
177	31 
178	41 
179	28 
180	71 
181	9 
182	59 
183	29 
184	49 
185	36 
186	29 
187	49 
188	20 
189	60 
190	49 
191	28 
192	69 
193	63 
194	85 
195	79 
196	44 
197	41 
198	1 
199	50 
200	68 
201	6 
202	7 
203	58 
204	3 
205	30 
206	5 
207	78 
208	75 
209	18 
210	37 
211	64 
212	52 
213	11 
214	34 
215	72 
216	61 
217	70 
218	39 
219	26 
220	13 
221	6 
222	9 
223	20 
224	76 
225	91 
226	21 
227	52 
228	39 
229	20 
230	9 
231	80 
232	34 
233	63 
234	75 
235	89 
236	15 
237	82 
238	53 
239	66 
240	44 
241	49 
242	83 
243	61 
244	24 
245	35 
246	23 
247	63 
248	63 
249	15 
250	45 
251	31 
252	4 
253	44 
254	34 
255	89 
256	23 
257	23 
258	14 
259	70 
260	27 
261	35 
262	75 
263	23 
264	10 
265	34 
266	7 
267	59 
268	15 
269	12 
270	21 
271	32 
272	26 
273	53 
274	41 
275	73 
276	45 
277	56 
278	71 
279	78 
280	24 
281	91 
282	91 
283	41 
284	47 
285	1 
286	79 
287	56 
288	51 
289	60 
290	90 
291	10 
292	84 
293	48 
294	45 
295	24 
296	59 
297	51 
298	5 
299	20 
300	37 
301	85 
302	37 
303	7 
304	19 
305	70 
306	41 
307	81 
308	13 
309	42 
310	39 
311	84 
312	31 
313	17 
314	84 
315	60 
316	80 
317	16 
318	83 
319	62 
320	34 
321	26 
322	24 
323	58 
324	66 
325	24 
326	43 
327	37 
328	41 
329	70 
330	15 
331	45 
332	62 
333	70 
334	51 
335	77 
336	70 
337	48 
338	61 
339	12 
340	72 
341	29 
342	18 
343	72 
344	72 
345	27 
346	62 
347	83 
348	10 
349	71 
350	82 
351	84 
352	39 
353	24 
354	60 
355	83 
356	80 
357	51 
358	59 
359	85 
360	73 
361	25 
362	1 
363	49 
364	13 
365	34 
366	20 
367	18 
368	26 
369	26 
370	70 
371	70 
372	1 
373	31 
374	7 
375	18 
376	22 
377	5 
378	6 
379	34 
380	79 
381	62 
382	12 
383	71 
384	33 
385	62 
386	44 
387	49 
388	77 
389	32 
390	84 
391	66 
392	24 
393	74 
394	17 
395	7 
396	20 
397	49 
398	62 
399	64 
400	47 
401	19 
402	22 
403	72 
404	91 
405	25 
406	76 
407	85 
408	14 
409	52 
410	47 
411	52 
412	12 
413	12 
414	31 
415	61 
416	51 
417	48 
418	68 
419	64 
420	74 
421	48 
422	12 
423	20 
424	80 
425	84 
426	52 
427	51 
428	14 
429	79 
430	89 
431	80 
432	89 
433	84 
434	79 
435	55 
436	14 
437	88 
438	17 
439	49 
440	1 
441	85 
442	1 
443	90 
444	10 
445	57 
446	27 
447	38 
448	12 
449	12 
450	68 
451	6 
452	22 
453	14 
454	71 
455	48 
456	42 
457	16 
458	29 
459	29 
460	49 
461	58 
462	73 
463	64 
464	48 
465	90 
466	29 
467	36 
468	79 
469	80 
470	47 
471	32 
472	58 
473	74 
474	36 
475	26 
476	68 
477	48 
478	75 
479	27 
480	22 
481	5 
482	69 
483	62 
484	21 
485	46 
486	25 
487	75 
488	88 
489	3 
490	19 
491	68 
492	75 
493	60 
494	22 
495	64 
496	79 
497	43 
498	44 
499	58 
500	68 
501	35 
502	53 
503	80 
504	46 
505	80 
506	72 
507	22 
508	33 
509	25 
510	18 
511	64 
512	85 
513	33 
514	65 
515	60 
516	63 
517	37 
518	53 
519	29 
520	25 
521	32 
522	6 
523	63 
524	58 
525	53 
526	13 
527	26 
528	71 
529	17 
530	20 
531	41 
532	85 
533	36 
534	22 
535	8 
536	5 
537	80 
538	35 
539	53 
540	67 
541	65 
542	71 
543	46 
544	5 
545	33 
546	14 
547	5 
548	33 
549	86 
550	66 
551	51 
552	48 
553	10 
554	78 
555	16 
556	79 
557	91 
558	81 
559	83 
560	17 
561	37 
562	29 
563	21 
564	16 
565	14 
566	74 
567	84 
568	13 
569	67 
570	79 
571	53 
572	36 
573	64 
574	84 
575	75 
576	77 
577	47 
578	10 
579	23 
580	68 
581	27 
582	51 
583	87 
584	19 
585	41 
586	23 
587	23 
588	64 
589	88 
590	75 
591	88 
592	58 
593	3 
594	17 
595	33 
596	55 
597	67 
598	57 
599	82 
600	23 
601	87 
602	58 
603	89 
604	18 
605	22 
606	41 
607	66 
608	13 
609	80 
610	89 
611	53 
612	64 
613	90 
614	10 
615	81 
616	21 
617	10 
618	73 
619	17 
620	87 
621	76 
622	47 
623	84 
624	69 
625	12 
626	19 
627	73 
628	89 
629	36 
630	47 
631	26 
632	65 
633	21 
634	60 
635	67 
636	89 
637	35 
638	60 
639	27 
640	32 
641	33 
642	26 
643	13 
644	33 
645	55 
646	60 
647	13 
648	88 
649	42 
650	44 
651	36 
652	89 
653	64 
654	59 
655	77 
656	18 
657	67 
658	79 
659	32 
660	73 
661	86 
662	86 
663	41 
664	10 
665	53 
666	14 
667	77 
668	69 
669	55 
670	87 
671	74 
672	81 
673	76 
674	42 
675	42 
676	27 
677	19 
678	59 
679	67 
680	42 
681	65 
682	35 
683	32 
684	55 
685	47 
686	73 
687	17 
688	75 
689	83 
690	6 
691	17 
692	38 
693	67 
694	23 
695	12 
696	83 
697	51 
698	57 
699	13 
700	43 
701	67 
702	87 
703	17 
704	83 
705	13 
706	47 
707	3 
708	21 
709	86 
710	8 
711	67 
712	21 
713	18 
714	47 
715	14 
716	21 
717	17 
718	59 
719	42 
720	14 
721	65 
722	69 
723	76 
724	42 
725	14 
726	16 
727	35 
728	58 
729	44 
730	46 
731	14 
732	42 
733	59 
734	67 
735	17 
736	78 
737	35 
738	10 
739	82 
740	27 
741	91 
742	44 
743	32 
744	81 
745	12 
746	73 
747	8 
748	12 
749	43 
750	87 
751	65 
752	35 
753	16 
754	51 
755	57 
756	90 
757	76 
758	73 
759	86 
760	38 
761	78 
762	16 
763	78 
764	66 
765	77 
766	3 
767	16 
768	57 
769	58 
770	46 
771	87 
772	90 
773	46 
774	46 
775	27 
776	12 
777	91 
778	87 
779	77 
780	83 
781	55 
782	6 
783	84 
784	87 
785	69 
786	77 
787	3 
788	90 
789	91 
790	83 
791	82 
792	18 
793	53 
794	66 
795	87 
796	65 
797	77 
798	69 
799	44 
800	68 
801	10 
802	91 
803	86 
804	81 
805	91 
806	46 
807	13 
808	16 
809	69 
810	78 
811	87 
812	91 
813	76 
814	90 
815	59 
816	6 
817	87 
818	74 
819	27 
820	59 
821	21 
822	44 
823	6 
824	65 
825	66 
826	35 
827	78 
828	6 
829	27 
830	38 
831	69 
832	3 
833	91 
834	43 
835	3 
836	43 
837	55 
838	27 
839	35 
840	8 
841	57 
842	16 
843	43 
844	3 
845	55 
846	78 
847	8 
848	82 
849	69 
850	76 
851	82 
852	35 
853	18 
854	3 
855	77 
856	44 
857	77 
858	76 
859	3 
860	74 
861	65 
862	43 
863	6 
864	57 
865	78 
866	21 
867	6 
868	3 
869	90 
870	68 
871	74 
872	19 
873	16 
874	66 
875	74 
876	82 
877	19 
878	82 
879	57 
880	69 
881	19 
882	81 
883	35 
884	38 
885	74 
886	27 
887	19 
888	82 
889	65 
890	19 
891	78 
892	43 
893	90 
894	74 
895	81 
896	59 
897	17 
898	73 
899	55 
900	18 
901	44 
902	65 
903	38 
904	19 
905	73 
906	66 
907	57 
908	38 
909	18 
910	12 
911	73 
912	86 
913	46 
914	38 
915	81 
916	76 
917	86 
918	78 
919	38 
920	65 
921	21 
922	43 
923	76 
924	90 
925	16 
926	66 
927	65 
928	74 
929	46 
930	8 
931	46 
932	82 
933	86 
934	43 
935	43 
936	8 
937	21 
938	8 
939	55 
940	66 
941	38 
942	38 
943	19 
944	38 
945	46 
946	8 
947	65 
948	55 
949	57 
950	66 
951	57 
952	57 
953	66 
954	57 
955	27 
956	59 
957	73 
958	73 
959	46 
960	82 
961	8 
962	90 
963	78 
964	66 
965	82 
966	46 
967	90 
968	55 
969	86 
970	38 
971	43 
972	73 
973	18 
974	55 
975	8 
976	8 
977	86 
978	90 
979	81 
980	38 
981	86 
982	55 
983	82 
984	55 
985	78 
986	18 
987	46 
988	8 
989	78 
990	43 
991	81 
992	81 
993	82 
994	86 
995	86 
996	59 
997	21 
998	12 
999	59 
1000	59 
