1	807
2	786
7	792
12	904
13	14
13	30
13	277
13	287
14	13
19	929
20	516
20	523
30	13
40	771
48	996
58	699
64	725
70	696
71	824
78	631
78	642
79	567
79	574
79	623
79	783
81	331
82	801
83	838
84	793
85	743
89	880
89	967
96	726
102	751
109	682
109	870
114	331
114	783
116	516
116	523
120	800
120	870
130	697
135	994
144	744
144	870
149	977
150	509
150	520
153	925
159	849
159	880
171	784
174	878
178	585
178	606
178	663
182	893
182	999
183	721
185	937
187	737
188	736
191	995
192	880
195	658
196	759
196	822
196	901
197	663
200	870
203	757
203	769
205	695
208	575
208	590
208	688
208	770
213	675
214	708
218	972
226	921
226	937
226	997
232	265
232	320
232	365
232	379
232	850
234	688
240	901
247	516
247	523
251	679
255	728
256	694
257	694
259	305
259	333
260	886
260	955
262	688
263	694
265	232
267	805
267	956
267	999
267	1000
269	685
269	910
269	998
270	840
270	997
271	743
272	631
272	642
273	793
274	663
275	958
276	331
277	13
279	851
280	353
280	907
281	833
283	663
287	13
288	754
292	783
294	331
295	353
296	956
296	999
296	1000
297	697
297	754
299	530
301	512
301	532
301	788
302	517
302	561
305	259
306	663
307	991
308	526
308	608
308	705
308	807
308	887
310	352
311	623
311	783
313	750
313	897
314	783
314	982
315	634
315	638
315	646
316	748
317	747
317	873
317	925
318	702
318	780
318	790
319	483
320	232
322	353
323	769
323	781
325	353
325	919
326	971
326	990
328	663
331	81
331	114
331	276
331	294
333	259
334	697
334	754
335	779
335	857
339	998
340	343
340	344
340	403
340	506
343	340
343	506
344	340
346	483
350	960
350	965
351	623
351	783
351	790
352	310
353	280
353	295
353	322
353	325
353	392
354	634
354	638
354	646
357	697
357	754
358	956
358	1000
361	486
361	509
361	520
363	722
364	699
365	232
366	530
367	900
367	973
367	986
375	900
375	973
375	986
375	992
379	232
379	859
381	483
382	998
383	930
384	548
385	670
386	822
386	856
386	901
387	918
388	857
389	659
389	683
389	743
389	808
391	950
392	353
393	710
393	894
394	802
394	897
398	483
401	890
401	943
402	605
403	340
403	506
404	777
404	833
405	486
406	916
406	923
407	512
407	532
409	411
409	426
411	409
411	426
412	910
412	998
416	754
417	421
418	870
420	656
420	894
421	417
421	455
421	464
421	477
421	552
421	735
422	998
426	409
426	411
427	754
427	780
431	719
437	589
437	591
437	648
438	703
438	897
444	617
444	664
444	782
444	801
445	745
445	949
445	951
445	952
445	954
446	886
446	955
447	941
447	970
448	998
449	910
449	998
450	800
450	870
451	816
451	863
453	666
453	720
453	731
454	528
454	542
455	421
456	674
457	762
457	767
457	842
457	925
458	459
458	466
458	519
458	562
459	458
459	466
459	519
459	562
461	728
461	769
462	958
463	573
463	588
463	612
463	653
464	421
464	852
465	962
465	967
465	978
466	458
466	459
466	519
466	562
467	572
467	629
467	651
468	658
469	609
470	685
470	706
470	714
471	743
472	728
472	769
473	875
473	885
473	894
473	928
474	572
474	629
474	651
474	760
475	527
475	631
475	642
476	690
476	800
476	870
477	421
478	688
479	886
479	955
480	534
480	605
481	536
481	544
481	547
482	831
482	880
483	319
483	346
483	381
483	398
483	800
484	866
484	920
484	921
484	937
484	997
485	913
485	945
485	959
485	966
486	361
486	405
486	509
486	520
486	951
487	575
487	590
487	688
488	589
488	591
488	648
489	844
489	874
490	872
490	904
490	943
491	800
491	870
492	688
493	515
493	634
493	638
493	646
493	819
494	534
494	605
495	573
495	588
495	612
495	653
496	570
496	658
497	862
497	990
498	742
498	822
498	856
498	901
499	659
499	728
499	769
500	800
500	848
500	870
501	826
501	839
501	852
501	883
502	665
502	793
504	913
504	959
504	966
505	609
506	340
506	343
506	403
506	806
508	548
508	595
508	641
508	644
508	711
509	150
509	361
509	486
509	520
510	853
510	909
510	973
510	986
511	573
511	588
511	612
511	653
511	985
512	301
512	407
512	532
512	993
513	548
513	595
513	641
513	644
514	861
514	889
514	947
515	493
515	634
515	638
515	646
516	20
516	116
516	247
516	523
517	302
517	561
518	611
518	665
518	793
518	832
519	458
519	459
519	466
519	562
520	150
520	361
520	486
520	509
521	640
521	659
521	683
521	743
521	811
522	782
522	816
522	823
522	828
522	863
522	867
523	20
523	116
523	247
523	516
524	602
524	728
524	769
525	665
525	793
526	308
526	699
526	807
527	475
527	631
527	642
527	732
528	454
528	542
528	677
529	897
530	299
530	366
531	663
531	876
532	301
532	407
532	512
533	572
533	629
533	651
533	664
534	480
534	494
534	605
535	976
535	988
536	481
536	544
536	547
537	609
538	883
539	665
539	793
540	657
540	734
542	454
542	528
543	945
543	959
543	966
543	987
544	481
544	536
544	547
546	712
546	715
546	720
546	725
546	731
547	481
547	536
547	544
547	881
548	384
548	508
548	513
548	595
548	641
548	644
548	705
548	812
549	912
550	704
550	950
551	582
551	697
551	754
552	421
552	928
553	578
553	614
553	664
553	801
555	767
555	873
555	925
556	570
556	658
557	777
557	789
557	833
558	895
558	897
558	915
558	979
558	991
558	992
559	689
559	696
559	780
559	790
560	703
560	897
561	302
561	517
562	458
562	459
562	466
562	519
562	776
563	720
563	866
563	921
563	937
563	997
564	873
564	925
565	720
565	731
565	774
566	894
567	79
567	574
567	783
567	813
568	699
569	657
569	701
569	734
570	496
570	556
570	658
571	611
571	665
571	793
572	467
572	474
572	533
572	629
572	651
573	463
573	495
573	511
573	588
573	612
573	653
574	79
574	567
574	783
574	799
575	208
575	487
575	590
575	688
576	765
576	779
576	786
576	797
576	855
576	886
577	622
577	630
577	685
577	706
577	714
577	877
578	553
578	614
578	664
578	738
578	801
579	586
579	587
579	600
579	694
580	800
580	870
581	819
581	829
581	886
581	955
582	551
582	697
582	754
583	750
583	771
583	778
583	784
583	795
583	811
583	817
583	892
584	872
584	877
584	881
584	887
584	890
584	904
584	943
585	178
585	606
585	663
586	579
586	587
586	600
586	694
587	579
587	586
587	600
587	694
588	463
588	495
588	511
588	573
588	612
588	653
589	437
589	488
589	591
589	648
590	208
590	487
590	575
590	688
591	437
591	488
591	589
591	648
592	602
592	728
592	769
593	832
593	835
593	844
593	854
593	859
593	868
593	936
594	687
594	703
594	735
594	897
595	508
595	513
595	548
595	641
595	644
596	689
596	939
596	948
596	968
596	974
597	657
597	701
597	734
597	882
598	758
598	907
598	949
598	951
598	952
598	954
599	888
599	932
599	965
599	983
599	993
600	579
600	586
600	587
600	694
601	750
601	771
601	778
601	784
601	795
601	811
601	817
602	524
602	592
602	728
602	769
603	610
603	628
603	636
603	652
603	934
604	853
604	900
604	909
604	961
604	973
604	986
605	402
605	480
605	494
605	534
605	828
606	178
606	585
606	663
606	683
607	940
607	950
607	953
607	964
608	308
608	643
608	647
608	705
608	807
609	469
609	505
609	537
610	603
610	628
610	636
610	652
611	518
611	571
611	665
611	793
612	463
612	495
612	511
612	573
612	588
612	653
613	687
613	893
613	962
613	967
613	978
614	553
614	578
614	617
614	664
614	801
614	847
615	882
615	895
615	979
615	991
615	992
616	821
616	866
616	921
616	937
616	997
617	444
617	614
617	664
617	738
617	801
618	746
618	898
618	911
618	957
618	958
618	972
619	687
619	691
619	897
621	850
621	858
621	916
621	923
622	577
622	630
622	685
622	706
622	714
623	79
623	311
623	351
623	783
624	831
624	849
624	880
625	745
625	748
625	910
625	998
626	877
626	881
626	887
626	890
626	904
626	943
627	746
627	901
627	911
627	957
627	958
627	972
628	603
628	610
628	636
628	652
629	467
629	474
629	533
629	572
629	651
630	577
630	622
630	685
630	706
630	714
631	78
631	272
631	475
631	527
631	642
632	861
632	889
632	927
632	947
633	866
633	921
633	937
633	950
633	997
634	315
634	354
634	493
634	515
634	638
634	646
635	655
635	657
635	679
635	693
635	701
635	711
635	734
636	603
636	610
636	628
636	652
637	826
637	839
637	852
637	883
638	315
638	354
638	493
638	515
638	634
638	646
639	819
639	829
639	838
639	886
639	955
640	521
640	659
640	683
640	743
641	508
641	513
641	548
641	595
641	644
642	78
642	272
642	475
642	527
642	631
643	608
643	647
643	699
643	705
643	807
644	508
644	513
644	548
644	595
644	641
645	939
645	948
645	968
645	974
646	315
646	354
646	493
646	515
646	634
646	638
647	608
647	643
647	699
647	705
647	807
647	981
648	437
648	488
648	589
648	591
649	674
649	675
649	680
649	719
649	724
649	732
650	742
650	799
650	822
650	825
650	856
650	901
651	467
651	474
651	533
651	572
651	629
652	603
652	610
652	628
652	636
653	463
653	495
653	511
653	573
653	588
653	612
653	952
654	820
654	956
654	996
654	999
654	1000
655	635
655	765
655	779
655	786
655	797
655	855
655	857
656	420
656	713
656	792
656	853
656	900
656	909
656	973
656	986
657	540
657	569
657	597
657	635
657	679
657	693
657	701
657	711
657	734
657	938
658	195
658	468
658	496
658	556
658	570
658	676
659	389
659	499
659	521
659	640
659	683
659	743
660	746
660	898
660	905
660	908
660	911
660	957
660	958
660	972
661	912
661	933
661	969
661	977
661	981
661	994
661	995
662	665
662	759
662	917
662	933
662	969
662	977
662	981
662	994
662	995
663	178
663	197
663	274
663	283
663	306
663	328
663	531
663	585
663	606
663	922
664	444
664	533
664	553
664	578
664	614
664	617
664	738
664	801
665	502
665	518
665	525
665	539
665	571
665	611
665	662
665	793
666	453
666	715
666	720
666	725
666	731
666	853
667	765
667	779
667	786
667	797
667	855
667	857
668	785
668	798
668	809
668	831
668	849
668	880
669	766
669	939
669	948
669	968
669	974
669	982
669	984
670	385
670	702
670	750
670	771
670	778
670	784
670	795
670	811
670	817
671	818
671	860
671	871
671	875
671	885
671	894
671	928
671	949
672	740
672	882
672	895
672	915
672	979
672	991
672	992
673	678
673	757
673	813
673	850
673	858
673	916
673	923
674	456
674	649
674	675
674	680
674	719
674	724
674	732
674	791
675	213
675	649
675	674
675	680
675	719
675	724
675	732
676	658
676	740
676	775
676	819
676	829
676	838
676	886
676	955
677	528
677	872
677	877
677	881
677	887
677	890
677	904
677	943
678	673
678	718
678	820
678	896
678	956
678	996
678	999
678	1000
679	251
679	635
679	657
679	693
679	701
679	711
679	734
680	649
680	674
680	675
680	719
680	724
680	732
681	824
681	861
681	889
681	902
681	920
681	927
681	947
682	109
682	737
682	752
682	826
682	839
682	852
682	883
683	389
683	521
683	606
683	640
683	659
683	743
684	837
684	899
684	948
684	968
684	974
684	982
684	984
684	999
685	269
685	470
685	577
685	622
685	630
685	706
685	714
686	898
686	905
686	911
686	957
686	958
686	972
687	594
687	613
687	619
687	691
687	703
687	717
687	735
687	897
688	208
688	234
688	262
688	478
688	487
688	492
688	575
688	590
688	1000
689	559
689	596
689	696
689	704
689	780
689	790
690	476
690	782
690	816
690	823
690	828
690	863
690	867
691	619
691	687
691	703
691	717
691	735
691	897
691	964
692	908
692	914
692	941
692	942
692	944
692	980
693	635
693	657
693	679
693	701
693	711
693	734
693	856
694	256
694	257
694	263
694	579
694	586
694	587
694	600
694	898
695	205
695	745
695	748
695	776
695	910
695	998
696	70
696	559
696	689
696	704
696	780
696	790
697	130
697	297
697	334
697	357
697	551
697	582
697	754
698	755
698	841
698	864
698	879
698	949
698	951
698	952
698	954
699	58
699	364
699	526
699	568
699	643
699	647
699	705
699	731
699	807
700	834
700	836
700	843
700	892
700	934
700	935
700	962
700	971
701	569
701	597
701	635
701	657
701	679
701	693
701	711
701	734
702	318
702	670
702	750
702	771
702	778
702	784
702	795
702	811
702	817
703	438
703	560
703	594
703	687
703	691
703	717
703	735
703	897
704	550
704	689
704	696
704	780
704	790
705	308
705	548
705	608
705	643
705	647
705	699
705	807
706	470
706	577
706	622
706	630
706	685
706	714
706	979
707	739
707	832
707	835
707	844
707	854
707	859
707	868
708	214
708	821
708	866
708	921
708	937
708	997
709	917
709	933
709	969
709	977
709	981
709	994
709	995
710	393
710	930
710	938
710	946
710	961
710	975
710	976
710	988
711	508
711	635
711	657
711	679
711	693
711	701
711	734
712	546
712	821
712	866
712	921
712	937
712	997
713	656
713	792
713	809
713	853
713	900
713	909
713	973
713	986
714	470
714	577
714	622
714	630
714	685
714	706
714	867
715	546
715	666
715	720
715	725
715	731
715	957
716	821
716	866
716	921
716	937
716	955
716	997
717	687
717	691
717	703
717	735
717	897
717	988
718	678
718	753
718	815
718	820
718	896
718	956
718	996
718	999
718	1000
719	431
719	649
719	674
719	675
719	680
719	724
719	732
720	453
720	546
720	563
720	565
720	666
720	715
720	725
721	183
721	824
721	889
721	902
721	920
721	927
721	947
722	363
722	785
722	798
722	809
722	831
722	849
722	880
723	757
723	813
723	850
723	858
723	884
723	916
723	923
724	649
724	674
724	675
724	680
724	719
724	732
724	987
725	64
725	546
725	666
725	715
725	720
725	731
726	96
726	753
726	762
726	767
726	808
726	842
726	873
726	925
727	737
727	752
727	826
727	839
727	852
727	883
727	941
728	255
728	461
728	472
728	499
728	524
728	592
728	602
728	769
729	742
729	799
729	822
729	856
729	901
730	913
730	929
730	931
730	945
730	966
730	987
731	453
731	546
731	565
731	666
731	699
731	715
731	725
732	527
732	649
732	674
732	675
732	680
732	719
732	724
733	815
733	820
733	896
733	956
733	996
733	999
733	1000
734	540
734	569
734	597
734	635
734	657
734	679
734	693
734	701
734	711
735	421
735	594
735	687
735	691
735	703
735	717
735	897
736	188
736	761
736	827
736	865
736	891
736	918
736	963
736	985
736	989
737	187
737	682
737	727
737	752
737	826
737	839
737	852
737	883
738	578
738	617
738	664
738	801
739	707
739	888
739	932
739	960
739	965
739	983
739	993
740	672
740	676
740	775
740	829
740	838
740	886
740	955
741	777
741	789
741	802
741	805
741	812
741	833
741	855
742	498
742	650
742	729
742	752
742	799
742	822
742	856
742	901
743	85
743	271
743	389
743	471
743	521
743	640
743	659
743	683
744	144
744	804
744	882
744	895
744	915
744	979
744	991
744	992
745	445
745	625
745	695
745	748
745	776
745	910
745	998
746	618
746	627
746	660
746	758
746	795
746	826
746	898
746	905
746	957
746	958
746	972
747	317
747	930
747	938
747	946
747	961
747	975
747	976
747	988
748	316
748	625
748	695
748	745
748	910
748	998
749	834
749	862
749	892
749	909
749	922
749	934
749	935
749	971
749	990
750	313
750	583
750	601
750	670
750	702
750	771
750	778
750	784
750	795
750	811
750	817
751	102
751	824
751	861
751	889
751	902
751	920
751	927
751	947
752	682
752	727
752	737
752	742
752	826
752	839
752	852
752	883
753	718
753	726
753	762
753	767
753	808
753	842
753	873
753	925
754	288
754	297
754	334
754	357
754	416
754	427
754	551
754	582
754	697
755	698
755	841
755	864
755	879
755	907
755	949
755	951
755	952
755	954
756	788
756	814
756	869
756	893
756	924
756	962
756	967
756	978
757	203
757	673
757	723
757	813
757	850
757	858
757	916
757	923
758	598
758	746
758	898
758	905
758	911
758	957
758	958
758	972
759	196
759	662
759	912
759	917
759	933
759	969
759	977
759	981
759	994
759	995
760	474
760	830
760	903
760	908
760	914
760	919
760	941
760	942
760	944
760	970
760	980
761	736
761	846
761	891
761	906
761	918
761	963
761	985
761	989
762	457
762	726
762	753
762	767
762	808
762	842
762	873
762	925
763	827
763	846
763	865
763	891
763	918
763	963
763	985
763	989
764	794
764	825
764	874
764	906
764	926
764	940
764	950
764	953
764	964
765	576
765	655
765	667
765	779
765	786
765	797
765	855
765	857
765	911
766	669
766	787
766	832
766	835
766	844
766	854
766	859
766	868
767	457
767	555
767	726
767	753
767	762
767	808
767	842
767	873
767	925
768	841
768	864
768	879
768	907
768	949
768	951
768	952
768	954
769	203
769	323
769	461
769	472
769	499
769	524
769	592
769	602
769	728
769	818
770	208
770	913
770	929
770	931
770	945
770	959
770	966
770	987
771	40
771	583
771	601
771	670
771	702
771	750
771	778
771	784
771	795
771	811
771	817
772	814
772	869
772	893
772	924
772	962
772	967
772	978
773	913
773	929
773	931
773	945
773	959
773	970
773	987
774	565
774	913
774	929
774	931
774	945
774	959
774	966
774	987
775	676
775	740
775	819
775	829
775	838
775	886
775	935
775	955
776	562
776	695
776	745
776	910
776	998
777	404
777	557
777	741
777	789
777	802
777	805
777	812
777	833
778	583
778	601
778	670
778	702
778	750
778	771
778	784
778	795
778	811
778	817
778	989
779	335
779	576
779	655
779	667
779	765
779	786
779	797
779	855
779	857
780	318
780	427
780	559
780	689
780	696
780	704
780	790
781	323
781	837
781	899
781	939
781	948
781	968
781	974
781	982
781	984
782	444
782	522
782	690
782	823
782	828
782	863
782	867
783	79
783	114
783	292
783	311
783	314
783	351
783	567
783	574
783	623
784	171
784	583
784	601
784	670
784	702
784	750
784	771
784	778
784	795
784	811
784	817
785	668
785	722
785	798
785	809
785	831
785	849
785	880
785	975
786	2
786	576
786	655
786	667
786	765
786	779
786	797
786	855
786	857
787	766
787	815
787	832
787	835
787	844
787	854
787	859
787	868
788	301
788	756
788	814
788	869
788	893
788	924
788	962
788	967
788	978
789	557
789	741
789	777
789	802
789	805
789	812
789	833
790	318
790	351
790	559
790	689
790	696
790	704
790	780
791	674
791	876
791	878
791	888
791	932
791	960
791	965
791	983
791	993
792	7
792	656
792	713
792	853
792	900
792	909
792	973
792	986
793	84
793	273
793	502
793	518
793	525
793	539
793	571
793	611
793	665
794	764
794	825
794	845
794	874
794	906
794	926
794	940
794	950
794	953
794	964
795	583
795	601
795	670
795	702
795	746
795	750
795	771
795	778
795	784
795	811
795	817
796	824
796	889
796	902
796	920
796	927
796	947
797	576
797	655
797	667
797	765
797	779
797	786
797	855
797	857
798	668
798	722
798	785
798	809
798	831
798	849
798	880
798	903
799	574
799	650
799	729
799	742
799	822
799	856
799	901
800	120
800	450
800	476
800	483
800	491
800	500
800	580
800	870
801	82
801	444
801	553
801	578
801	614
801	617
801	664
801	738
802	394
802	741
802	777
802	789
802	805
802	812
802	833
803	830
803	912
803	917
803	933
803	969
803	977
803	981
803	994
803	995
804	744
804	882
804	895
804	915
804	979
804	991
804	992
805	267
805	741
805	777
805	789
805	802
805	812
805	833
806	506
806	929
806	931
806	945
806	959
806	966
806	987
807	1
807	308
807	526
807	608
807	643
807	647
807	699
807	705
808	389
808	726
808	753
808	762
808	767
808	842
808	873
808	925
809	668
809	713
809	722
809	785
809	798
809	831
809	849
809	880
810	827
810	846
810	891
810	963
810	985
810	989
811	521
811	583
811	601
811	670
811	702
811	750
811	771
811	778
811	784
811	795
811	817
812	548
812	741
812	777
812	789
812	802
812	805
812	833
813	567
813	673
813	723
813	757
813	850
813	858
813	916
813	923
814	756
814	772
814	788
814	869
814	893
814	924
814	962
814	967
814	978
815	718
815	733
815	787
815	820
815	896
815	956
815	996
815	999
815	1000
816	451
816	522
816	690
816	823
816	828
816	867
816	926
817	583
817	601
817	670
817	702
817	750
817	771
817	778
817	784
817	795
817	811
817	968
818	671
818	769
818	860
818	871
818	875
818	885
818	894
818	928
819	493
819	581
819	639
819	676
819	775
819	829
819	838
819	886
819	955
820	654
820	678
820	718
820	733
820	815
820	896
820	956
820	996
820	999
820	1000
821	616
821	708
821	712
821	716
821	866
821	921
821	937
821	963
821	997
822	196
822	386
822	498
822	650
822	729
822	742
822	799
822	856
822	860
822	901
823	522
823	690
823	782
823	816
823	828
823	863
823	867
823	925
824	71
824	681
824	721
824	751
824	796
824	861
824	902
824	920
824	927
824	947
825	650
825	764
825	794
825	874
825	906
825	926
825	940
825	950
825	953
825	964
826	501
826	637
826	682
826	727
826	737
826	746
826	752
826	839
826	852
826	883
827	736
827	763
827	810
827	846
827	865
827	891
827	918
827	963
827	985
827	989
828	522
828	605
828	690
828	782
828	816
828	823
828	863
828	867
829	581
829	639
829	676
829	740
829	775
829	819
829	838
829	869
829	886
829	955
830	760
830	803
830	884
830	903
830	908
830	914
830	919
830	941
830	942
830	944
830	970
830	980
831	482
831	624
831	668
831	722
831	785
831	798
831	809
831	849
831	880
831	940
832	518
832	593
832	707
832	766
832	787
832	835
832	844
832	854
832	859
832	868
833	281
833	404
833	557
833	741
833	777
833	789
833	802
833	805
833	812
833	991
834	700
834	749
834	836
834	843
834	892
834	922
834	934
834	935
834	971
834	990
835	593
835	707
835	766
835	787
835	832
835	844
835	854
835	859
835	868
835	953
836	700
836	834
836	843
836	862
836	892
836	922
836	934
836	935
836	971
836	974
836	990
837	684
837	781
837	899
837	939
837	945
837	948
837	968
837	974
837	982
837	984
838	83
838	639
838	676
838	740
838	775
838	819
838	829
838	886
838	955
839	501
839	637
839	682
839	727
839	737
839	752
839	826
839	852
839	883
839	889
840	270
840	930
840	936
840	938
840	946
840	961
840	975
840	976
840	988
841	698
841	755
841	768
841	864
841	879
841	907
841	923
841	949
841	951
841	952
841	954
842	457
842	726
842	753
842	762
842	767
842	808
842	873
842	895
842	925
843	700
843	834
843	836
843	862
843	892
843	922
843	934
843	935
843	942
843	971
843	990
844	489
844	593
844	707
844	766
844	787
844	832
844	835
844	854
844	859
844	868
845	794
845	899
845	939
845	948
845	968
845	974
845	982
845	984
846	761
846	763
846	810
846	827
846	865
846	891
846	918
846	963
846	985
846	989
847	614
847	930
847	936
847	938
847	946
847	961
847	975
847	976
847	988
848	500
848	851
848	876
848	878
848	888
848	932
848	960
848	965
848	983
848	993
849	159
849	624
849	668
849	722
849	785
849	798
849	809
849	831
849	858
849	880
850	232
850	621
850	673
850	723
850	757
850	813
850	858
850	916
850	923
851	279
851	848
851	876
851	878
851	888
851	932
851	960
851	965
851	983
851	993
852	464
852	501
852	637
852	682
852	727
852	737
852	752
852	826
852	839
852	883
853	510
853	604
853	656
853	666
853	713
853	792
853	900
853	909
853	973
853	986
854	593
854	707
854	766
854	787
854	832
854	835
854	844
854	859
854	863
854	868
855	576
855	655
855	667
855	741
855	765
855	779
855	786
855	797
855	857
856	386
856	498
856	650
856	693
856	729
856	742
856	799
856	822
856	901
857	335
857	388
857	655
857	667
857	765
857	779
857	786
857	797
857	855
858	621
858	673
858	723
858	757
858	813
858	849
858	850
858	916
858	923
859	379
859	593
859	707
859	766
859	787
859	832
859	835
859	844
859	854
859	868
860	671
860	818
860	822
860	871
860	875
860	885
860	894
860	928
861	514
861	632
861	681
861	751
861	824
861	889
861	902
861	920
861	927
861	947
862	497
862	749
862	836
862	843
862	892
862	922
862	934
862	935
862	971
862	990
863	451
863	522
863	690
863	782
863	823
863	828
863	854
863	867
864	698
864	755
864	768
864	841
864	879
864	907
864	949
864	951
864	952
864	954
865	736
865	763
865	827
865	846
865	902
865	918
865	963
865	985
865	989
866	484
866	563
866	616
866	633
866	708
866	712
866	716
866	821
866	905
866	921
866	937
866	997
867	522
867	690
867	714
867	782
867	816
867	823
867	828
867	863
868	593
868	707
868	766
868	787
868	832
868	835
868	844
868	854
868	859
868	966
869	756
869	772
869	788
869	814
869	829
869	893
869	924
869	962
869	967
869	978
870	109
870	120
870	144
870	200
870	418
870	450
870	476
870	491
870	500
870	580
870	800
870	990
871	671
871	818
871	860
871	875
871	885
871	894
871	896
871	928
872	490
872	584
872	677
872	877
872	881
872	887
872	890
872	904
872	943
873	317
873	555
873	564
873	726
873	753
873	762
873	767
873	808
873	842
873	925
873	984
874	489
874	764
874	794
874	825
874	906
874	926
874	940
874	950
874	953
874	964
875	473
875	671
875	818
875	860
875	871
875	885
875	891
875	894
875	928
876	531
876	791
876	848
876	851
876	878
876	888
876	932
876	960
876	965
876	983
876	993
877	577
877	584
877	626
877	677
877	872
877	881
877	887
877	890
877	904
877	943
878	174
878	791
878	848
878	851
878	876
878	888
878	932
878	960
878	965
878	983
878	993
879	698
879	755
879	768
879	841
879	864
879	907
879	946
879	949
879	951
879	952
879	954
880	89
880	159
880	192
880	482
880	624
880	668
880	722
880	785
880	798
880	809
880	831
880	849
881	547
881	584
881	626
881	677
881	872
881	877
881	887
881	890
881	904
881	943
882	597
882	615
882	672
882	744
882	804
882	895
882	915
882	979
882	991
882	992
883	501
883	538
883	637
883	682
883	727
883	737
883	752
883	826
883	839
883	852
884	723
884	830
884	903
884	908
884	914
884	919
884	941
884	942
884	944
884	970
884	980
885	473
885	671
885	818
885	860
885	871
885	875
885	894
885	928
885	976
886	260
886	446
886	479
886	576
886	581
886	639
886	676
886	740
886	775
886	819
886	829
886	838
886	955
887	308
887	584
887	626
887	677
887	872
887	877
887	881
887	890
887	904
887	943
888	599
888	739
888	791
888	848
888	851
888	876
888	878
888	932
888	960
888	965
888	983
888	993
889	514
889	632
889	681
889	721
889	751
889	796
889	839
889	861
889	902
889	920
889	927
889	947
890	401
890	584
890	626
890	677
890	872
890	877
890	881
890	887
890	904
890	943
891	736
891	761
891	763
891	810
891	827
891	846
891	875
891	918
891	963
891	985
891	989
892	583
892	700
892	749
892	834
892	836
892	843
892	862
892	922
892	934
892	935
892	971
892	990
893	182
893	613
893	756
893	772
893	788
893	814
893	869
893	924
893	962
893	967
893	978
894	393
894	420
894	473
894	566
894	671
894	818
894	860
894	871
894	875
894	885
894	928
895	558
895	615
895	672
895	744
895	804
895	842
895	882
895	915
895	979
895	991
895	992
896	678
896	718
896	733
896	815
896	820
896	871
896	956
896	996
896	999
896	1000
897	313
897	394
897	438
897	529
897	558
897	560
897	594
897	619
897	687
897	691
897	703
897	717
897	735
898	618
898	660
898	686
898	694
898	746
898	758
898	905
898	911
898	957
898	958
898	972
899	684
899	781
899	837
899	845
899	939
899	948
899	968
899	974
899	982
899	984
900	367
900	375
900	604
900	656
900	713
900	792
900	853
900	909
900	973
900	986
901	196
901	240
901	386
901	498
901	627
901	650
901	729
901	742
901	799
901	822
901	856
902	681
902	721
902	751
902	796
902	824
902	861
902	865
902	889
902	920
902	927
902	947
903	760
903	798
903	830
903	884
903	908
903	914
903	919
903	941
903	942
903	944
903	970
903	980
904	12
904	490
904	584
904	626
904	677
904	872
904	877
904	881
904	887
904	890
904	943
905	660
905	686
905	746
905	758
905	866
905	898
905	911
905	957
905	958
905	972
906	761
906	764
906	794
906	825
906	874
906	926
906	940
906	950
906	953
906	964
907	280
907	598
907	755
907	768
907	841
907	864
907	879
907	949
907	951
907	952
907	954
908	660
908	692
908	760
908	830
908	884
908	903
908	914
908	919
908	942
908	944
908	970
908	980
909	510
909	604
909	656
909	713
909	749
909	792
909	853
909	900
909	973
909	986
910	269
910	412
910	449
910	625
910	695
910	745
910	748
910	776
910	916
910	998
911	618
911	627
911	660
911	686
911	758
911	765
911	898
911	905
911	957
911	958
911	972
912	549
912	661
912	759
912	803
912	917
912	921
912	933
912	969
912	977
912	981
912	994
912	995
913	485
913	504
913	730
913	770
913	773
913	774
913	929
913	931
913	945
913	959
913	966
913	978
913	987
914	692
914	760
914	830
914	884
914	903
914	908
914	919
914	941
914	942
914	944
914	969
914	970
914	980
915	558
915	672
915	744
915	804
915	882
915	895
915	979
915	991
915	992
916	406
916	621
916	673
916	723
916	757
916	813
916	850
916	858
916	910
916	923
917	662
917	709
917	759
917	803
917	912
917	933
917	948
917	969
917	977
917	981
917	994
917	995
918	387
918	736
918	761
918	763
918	827
918	846
918	865
918	891
918	963
918	985
918	989
919	325
919	760
919	830
919	884
919	903
919	908
919	914
919	941
919	942
919	944
919	970
919	980
920	484
920	681
920	721
920	751
920	796
920	824
920	861
920	889
920	902
920	927
920	947
921	226
921	484
921	563
921	616
921	633
921	708
921	712
921	716
921	821
921	866
921	912
921	937
921	997
922	663
922	749
922	834
922	836
922	843
922	862
922	892
922	934
922	935
922	971
922	990
923	406
923	621
923	673
923	723
923	757
923	813
923	841
923	850
923	858
923	916
924	756
924	772
924	788
924	814
924	869
924	893
924	962
924	967
924	978
924	998
925	153
925	317
925	457
925	555
925	564
925	726
925	753
925	762
925	767
925	808
925	823
925	842
925	873
926	764
926	794
926	816
926	825
926	874
926	906
926	940
926	950
926	953
926	964
927	632
927	681
927	721
927	751
927	796
927	824
927	861
927	889
927	902
927	920
927	947
928	473
928	552
928	671
928	818
928	860
928	871
928	875
928	885
928	894
929	19
929	730
929	770
929	773
929	774
929	806
929	913
929	931
929	945
929	959
929	966
929	987
930	383
930	710
930	747
930	840
930	847
930	936
930	938
930	946
930	961
930	975
930	976
930	988
931	730
931	770
931	773
931	774
931	806
931	913
931	929
931	945
931	959
931	966
931	987
932	599
932	739
932	791
932	848
932	851
932	876
932	878
932	888
932	960
932	965
932	983
932	993
933	661
933	662
933	709
933	759
933	803
933	912
933	917
933	969
933	977
933	981
933	994
933	995
934	603
934	700
934	749
934	834
934	836
934	843
934	862
934	892
934	922
934	935
934	971
934	990
935	700
935	749
935	775
935	834
935	836
935	843
935	862
935	892
935	922
935	934
935	971
935	990
936	593
936	840
936	847
936	930
936	938
936	946
936	961
936	975
936	976
936	988
937	185
937	226
937	484
937	563
937	616
937	633
937	708
937	712
937	716
937	821
937	866
937	921
937	997
938	657
938	710
938	747
938	840
938	847
938	930
938	936
938	946
938	961
938	975
938	976
938	988
939	596
939	645
939	669
939	781
939	837
939	845
939	899
939	948
939	968
939	974
939	982
939	984
940	607
940	764
940	794
940	825
940	831
940	874
940	906
940	926
940	950
940	953
940	964
941	447
941	692
941	727
941	760
941	830
941	884
941	903
941	914
941	919
941	942
941	944
941	970
941	980
942	692
942	760
942	830
942	843
942	884
942	903
942	908
942	914
942	919
942	941
942	944
942	970
942	980
943	401
943	490
943	584
943	626
943	677
943	872
943	877
943	881
943	887
943	890
943	904
943	983
944	692
944	760
944	830
944	884
944	903
944	908
944	914
944	919
944	941
944	942
944	970
944	980
945	485
945	543
945	730
945	770
945	773
945	774
945	806
945	837
945	913
945	929
945	931
945	959
945	966
945	987
946	710
946	747
946	840
946	847
946	879
946	930
946	936
946	938
946	961
946	975
946	976
946	988
947	514
947	632
947	681
947	721
947	751
947	796
947	824
947	861
947	889
947	902
947	920
947	927
948	596
948	645
948	669
948	684
948	781
948	837
948	845
948	899
948	917
948	939
948	968
948	982
948	984
949	445
949	598
949	671
949	698
949	755
949	768
949	841
949	864
949	879
949	907
949	951
949	952
949	954
950	391
950	550
950	607
950	633
950	764
950	794
950	825
950	874
950	906
950	926
950	940
950	953
950	964
951	445
951	486
951	598
951	698
951	755
951	768
951	841
951	864
951	879
951	907
951	949
951	952
951	954
952	445
952	598
952	653
952	698
952	755
952	768
952	841
952	864
952	879
952	907
952	949
952	951
952	954
953	607
953	764
953	794
953	825
953	835
953	874
953	906
953	926
953	940
953	950
953	964
954	445
954	598
954	698
954	755
954	768
954	841
954	864
954	879
954	907
954	949
954	951
954	952
954	965
955	260
955	446
955	479
955	581
955	639
955	676
955	716
955	740
955	775
955	819
955	829
955	838
955	886
956	267
956	296
956	358
956	654
956	678
956	718
956	733
956	815
956	820
956	896
956	996
956	999
956	1000
957	618
957	627
957	660
957	686
957	715
957	746
957	758
957	898
957	905
957	911
957	958
957	972
958	275
958	462
958	618
958	627
958	660
958	686
958	746
958	758
958	898
958	905
958	911
958	957
958	972
959	485
959	504
959	543
959	770
959	773
959	774
959	806
959	913
959	929
959	931
959	945
959	966
959	987
960	350
960	739
960	791
960	848
960	851
960	876
960	878
960	888
960	932
960	965
960	983
960	993
961	604
961	710
961	747
961	840
961	847
961	930
961	936
961	938
961	946
961	975
961	976
961	988
962	465
962	613
962	700
962	756
962	772
962	788
962	814
962	869
962	893
962	924
962	967
962	978
963	736
963	761
963	763
963	810
963	821
963	827
963	846
963	865
963	891
963	918
963	985
963	989
964	607
964	691
964	764
964	794
964	825
964	874
964	906
964	926
964	940
964	950
964	953
965	350
965	599
965	739
965	791
965	848
965	851
965	876
965	878
965	888
965	932
965	954
965	960
965	983
965	993
966	485
966	504
966	543
966	730
966	770
966	774
966	806
966	868
966	913
966	929
966	931
966	945
966	959
966	987
967	89
967	465
967	613
967	756
967	772
967	788
967	814
967	869
967	893
967	924
967	962
967	978
968	596
968	645
968	669
968	684
968	781
968	817
968	837
968	845
968	899
968	939
968	948
968	974
968	982
968	984
969	661
969	662
969	709
969	759
969	803
969	912
969	914
969	917
969	933
969	977
969	981
969	994
969	995
970	447
970	760
970	773
970	830
970	884
970	903
970	908
970	914
970	919
970	941
970	942
970	944
970	980
971	326
971	700
971	749
971	834
971	836
971	843
971	862
971	892
971	922
971	934
971	935
971	990
972	218
972	618
972	627
972	660
972	686
972	746
972	758
972	898
972	905
972	911
972	957
972	958
973	367
973	375
973	510
973	604
973	656
973	713
973	792
973	853
973	900
973	909
973	986
974	596
974	645
974	669
974	684
974	781
974	836
974	837
974	845
974	899
974	939
974	968
974	982
974	984
975	710
975	747
975	785
975	840
975	847
975	930
975	936
975	938
975	946
975	961
975	976
975	988
976	535
976	710
976	747
976	840
976	847
976	885
976	930
976	936
976	938
976	946
976	961
976	975
976	988
977	149
977	661
977	662
977	709
977	759
977	803
977	912
977	917
977	933
977	969
977	981
977	994
977	995
978	465
978	613
978	756
978	772
978	788
978	814
978	869
978	893
978	913
978	924
978	962
978	967
979	558
979	615
979	672
979	706
979	744
979	804
979	882
979	895
979	915
979	991
979	992
980	692
980	760
980	830
980	884
980	903
980	908
980	914
980	919
980	941
980	942
980	944
980	970
981	647
981	661
981	662
981	709
981	759
981	803
981	912
981	917
981	933
981	969
981	977
981	994
981	995
982	314
982	669
982	684
982	781
982	837
982	845
982	899
982	939
982	948
982	968
982	974
982	984
983	599
983	739
983	791
983	848
983	851
983	876
983	878
983	888
983	932
983	943
983	960
983	965
983	993
984	669
984	684
984	781
984	837
984	845
984	873
984	899
984	939
984	948
984	968
984	974
984	982
985	511
985	736
985	761
985	763
985	810
985	827
985	846
985	865
985	891
985	918
985	963
985	989
986	367
986	375
986	510
986	604
986	656
986	713
986	792
986	853
986	900
986	909
986	973
986	997
987	543
987	724
987	730
987	770
987	773
987	774
987	806
987	913
987	929
987	931
987	945
987	959
987	966
988	535
988	710
988	717
988	747
988	840
988	847
988	930
988	936
988	938
988	946
988	961
988	975
988	976
989	736
989	761
989	763
989	778
989	810
989	827
989	846
989	865
989	891
989	918
989	963
989	985
990	326
990	497
990	749
990	834
990	836
990	843
990	862
990	870
990	892
990	922
990	934
990	935
990	971
991	307
991	558
991	615
991	672
991	744
991	804
991	833
991	882
991	895
991	915
991	979
991	992
992	375
992	558
992	615
992	672
992	744
992	804
992	882
992	895
992	915
992	979
992	991
993	512
993	599
993	739
993	791
993	848
993	851
993	876
993	878
993	888
993	932
993	960
993	965
993	983
994	135
994	661
994	662
994	709
994	759
994	803
994	912
994	917
994	933
994	969
994	977
994	981
994	995
995	191
995	661
995	662
995	709
995	759
995	803
995	912
995	917
995	933
995	969
995	977
995	981
995	994
996	48
996	654
996	678
996	718
996	733
996	815
996	820
996	896
996	956
996	999
996	1000
997	226
997	270
997	484
997	563
997	616
997	633
997	708
997	712
997	716
997	821
997	866
997	921
997	937
997	986
998	269
998	339
998	382
998	412
998	422
998	448
998	449
998	625
998	695
998	745
998	748
998	776
998	910
998	924
999	182
999	267
999	296
999	654
999	678
999	684
999	718
999	733
999	815
999	820
999	896
999	956
999	996
999	1000
1000	267
1000	296
1000	358
1000	654
1000	678
1000	688
1000	718
1000	733
1000	815
1000	820
1000	896
1000	956
1000	996
1000	999
