6	779
6	943
11	885
15	828
18	714
20	876
24	686
26	989
36	921
44	795
47	759
49	899
52	997
66	778
68	760
72	1000
73	100
73	154
73	310
76	873
78	659
78	796
81	738
81	991
82	963
88	983
94	756
96	893
96	972
100	73
103	777
112	799
113	916
116	673
121	913
126	941
130	897
135	660
136	657
142	877
148	896
154	73
155	894
161	851
161	956
161	997
164	897
165	819
166	787
171	925
172	669
178	677
183	859
188	667
203	814
206	879
209	817
217	749
218	954
219	818
221	980
222	758
225	717
228	917
234	797
235	595
235	627
235	700
235	715
235	934
239	487
240	729
241	675
243	691
244	819
245	862
247	295
249	783
250	710
250	760
251	920
252	301
252	373
252	389
252	409
254	729
255	295
257	355
257	363
260	990
261	795
262	269
262	357
263	830
266	956
266	997
267	422
267	428
269	262
269	357
269	835
270	304
270	305
270	661
271	912
272	779
274	709
274	893
274	972
275	729
277	698
277	945
279	402
280	723
280	781
285	508
285	956
287	753
287	905
287	949
290	771
291	803
292	674
292	976
293	848
293	940
294	402
294	786
295	247
295	255
295	316
295	364
295	432
295	472
297	836
299	897
300	976
301	252
303	659
304	270
304	305
305	270
305	304
306	666
306	739
307	826
308	855
308	895
308	908
310	73
312	879
316	295
317	965
318	677
320	365
323	490
323	567
323	610
323	659
323	861
324	838
324	852
324	854
324	863
324	873
324	892
325	780
326	677
328	770
329	410
329	414
330	783
332	666
332	692
333	719
336	854
337	402
337	909
338	907
341	487
343	819
346	707
346	723
347	659
347	739
348	855
348	895
348	908
350	798
352	875
353	508
353	968
354	402
355	257
355	363
357	262
357	269
358	668
360	594
360	647
360	678
361	723
362	987
363	257
363	355
364	295
365	320
366	783
367	733
369	820
371	884
372	879
373	252
376	710
376	760
380	743
380	952
382	665
383	762
384	776
384	881
385	554
385	566
385	634
386	723
387	794
387	840
388	820
389	252
390	712
390	937
395	432
395	472
396	785
396	901
397	779
398	487
398	844
399	790
399	806
400	448
400	499
400	982
402	279
402	294
402	337
402	354
402	420
404	830
406	718
408	952
409	252
410	329
410	414
410	938
413	659
414	329
414	410
416	764
416	884
417	804
419	508
420	402
421	919
422	267
422	428
423	449
423	515
423	522
425	683
427	675
428	267
428	422
429	556
429	608
429	628
430	786
430	824
430	876
430	897
431	485
431	491
431	534
431	541
432	295
432	395
432	472
432	670
433	889
433	922
433	939
433	977
434	710
434	760
434	939
435	783
436	488
436	500
436	527
437	830
438	795
439	753
439	905
439	949
440	675
441	529
441	547
441	594
441	647
442	699
442	721
442	749
442	793
442	814
443	444
443	462
443	501
443	540
444	443
444	462
444	501
444	540
444	754
445	556
445	608
445	628
445	671
446	778
446	779
446	780
447	664
447	672
447	693
447	795
448	400
448	499
449	423
449	515
449	522
450	583
450	677
451	753
451	905
451	949
454	768
454	977
454	985
455	893
455	915
455	972
457	563
457	572
457	578
457	587
457	613
458	787
458	788
458	805
458	830
459	892
459	979
459	993
460	685
460	821
460	843
460	882
461	966
461	969
462	443
462	444
462	501
462	540
463	752
463	956
463	997
464	764
464	806
464	884
464	998
467	584
467	783
469	906
469	930
469	942
469	999
470	820
471	893
471	972
472	295
472	395
472	432
473	825
473	902
473	952
473	990
474	555
474	602
474	666
474	739
475	987
475	995
476	786
476	824
476	876
476	897
477	503
477	504
477	511
477	992
478	794
478	840
479	584
479	704
479	711
479	783
479	888
480	604
480	644
480	698
481	607
481	723
482	855
482	895
482	908
483	492
483	517
484	932
484	961
485	431
485	491
485	534
485	541
487	239
487	341
487	398
487	509
487	514
487	538
487	601
488	436
488	500
488	527
489	786
489	824
489	876
489	897
490	323
490	659
490	948
491	431
491	485
491	534
491	541
491	951
492	483
492	517
492	755
493	705
493	802
493	895
493	908
494	604
494	698
494	889
495	786
495	802
495	824
495	876
495	897
496	957
497	821
497	843
497	882
498	530
499	400
499	448
500	436
500	488
500	527
501	443
501	444
501	462
501	540
502	870
502	956
502	997
503	477
503	504
503	511
503	701
504	477
504	503
504	511
504	999
505	910
505	978
508	285
508	353
508	419
509	487
509	601
510	659
511	477
511	503
511	504
512	607
512	723
513	785
513	811
513	901
514	487
514	601
515	423
515	449
515	522
516	830
517	483
517	492
518	554
518	566
518	634
519	957
520	820
521	666
521	739
521	805
522	423
522	449
522	515
523	658
523	710
523	760
524	586
524	593
524	599
524	631
525	753
525	882
525	905
525	949
526	778
526	780
526	915
527	436
527	488
527	500
528	946
528	976
529	441
529	547
529	594
529	647
530	498
531	729
532	583
532	677
533	893
533	915
533	972
534	431
534	485
534	491
534	541
535	644
535	698
535	735
536	940
536	991
537	687
537	701
537	819
538	487
538	601
539	778
539	779
539	780
540	443
540	444
540	462
540	501
540	852
541	431
541	485
541	491
541	534
541	800
542	729
543	675
544	752
544	870
544	956
546	710
546	760
547	441
547	529
547	594
547	647
547	847
549	607
549	723
549	829
550	792
550	808
550	881
551	836
551	902
551	990
552	785
552	811
552	853
552	901
553	564
553	626
553	729
554	385
554	518
554	566
554	634
554	801
555	474
555	602
555	652
555	666
555	739
555	837
556	429
556	445
556	608
556	628
556	832
557	684
557	692
557	713
557	722
557	726
557	795
558	778
558	779
558	780
559	614
559	664
559	672
559	693
559	795
560	562
560	674
560	905
560	949
561	690
561	708
561	710
561	760
562	560
562	654
562	674
562	905
562	949
563	457
563	572
563	578
563	587
563	613
564	553
564	626
564	729
564	967
565	769
565	893
565	915
565	972
566	385
566	518
566	554
566	634
567	323
567	610
567	659
568	831
568	928
568	953
568	987
568	995
569	838
569	852
569	854
569	863
569	873
569	883
569	892
569	942
570	826
570	827
570	848
570	865
570	872
570	937
571	577
571	590
571	687
571	701
571	819
572	457
572	563
572	578
572	587
572	613
573	887
573	891
573	984
573	996
574	859
574	934
574	944
574	957
575	928
575	987
575	995
576	580
576	785
576	811
576	853
576	901
576	953
577	571
577	590
577	687
577	701
577	819
577	867
578	457
578	563
578	572
578	587
578	613
579	641
579	680
579	722
579	740
579	749
579	793
580	576
580	581
580	809
580	811
580	815
580	853
580	901
581	580
581	785
581	811
581	839
581	853
581	901
582	641
582	699
582	775
582	814
583	450
583	532
583	677
583	940
584	467
584	479
584	620
584	704
584	711
584	783
585	850
585	867
585	955
585	958
585	959
585	983
586	524
586	593
586	599
586	631
587	457
587	563
587	572
587	578
587	613
587	746
588	898
588	910
588	913
588	919
588	954
588	978
589	824
589	876
589	897
590	571
590	577
590	687
590	701
590	819
591	886
591	894
591	920
591	927
591	963
591	998
592	658
592	787
592	788
592	805
592	830
593	524
593	586
593	599
593	631
594	360
594	441
594	529
594	547
594	647
594	726
595	235
595	675
595	700
595	715
596	684
596	692
596	711
596	713
596	722
596	726
597	906
597	930
597	942
597	999
598	764
598	790
598	806
598	884
598	885
598	950
599	524
599	586
599	593
599	631
600	838
600	859
600	934
600	944
600	957
601	487
601	509
601	514
601	538
601	751
602	474
602	555
602	652
602	666
602	739
602	890
603	641
603	699
603	749
603	793
603	814
604	480
604	494
604	644
604	698
605	627
605	675
605	700
605	715
606	764
606	790
606	806
606	884
606	885
607	481
607	512
607	549
607	723
608	429
608	445
608	556
608	628
609	720
609	776
609	792
609	808
609	881
610	323
610	567
610	659
611	861
611	870
611	956
611	997
612	778
612	779
612	780
613	457
613	563
613	572
613	578
613	587
613	725
614	559
614	664
614	672
614	693
614	795
615	969
616	784
616	904
616	924
616	943
616	946
616	976
617	776
617	792
617	808
617	881
618	772
618	777
618	821
618	843
618	882
618	961
619	786
619	824
619	876
619	897
620	584
620	704
620	711
620	783
620	812
621	898
621	910
621	919
621	929
621	954
621	978
622	769
622	893
622	915
622	972
623	955
623	958
623	959
623	983
625	970
625	971
625	981
625	989
625	994
626	553
626	564
626	700
626	729
627	235
627	605
627	675
627	700
627	715
628	429
628	445
628	556
628	608
628	789
629	663
629	970
629	971
629	973
629	981
629	989
629	994
630	690
630	850
630	955
630	958
630	959
630	983
631	524
631	586
631	593
631	599
632	638
632	656
633	772
633	777
633	821
633	843
633	863
633	882
634	385
634	518
634	554
634	566
635	844
635	879
635	888
636	906
636	930
636	942
636	999
637	851
637	930
637	942
637	999
638	632
638	656
639	684
639	692
639	713
639	722
639	726
640	688
640	868
640	889
640	914
640	922
640	939
640	977
640	985
641	579
641	582
641	603
641	680
641	740
641	793
641	814
642	727
642	951
642	966
642	968
642	969
642	975
642	982
642	992
643	752
643	861
643	870
643	956
643	997
644	480
644	535
644	604
644	698
645	769
645	915
645	972
646	825
646	839
646	841
646	847
646	952
646	990
647	360
647	441
647	529
647	547
647	594
648	838
648	852
648	854
648	863
648	873
648	883
648	892
650	850
650	902
650	955
650	958
650	959
650	983
651	781
651	842
651	894
651	914
651	920
651	963
651	998
652	555
652	602
652	666
652	739
653	802
653	855
653	895
653	908
654	562
654	753
654	905
654	949
655	864
655	932
655	961
655	980
655	986
655	993
655	1000
656	632
656	638
656	978
657	136
657	676
657	746
657	774
657	844
657	879
657	888
658	523
658	592
658	742
658	787
658	788
658	805
658	830
659	78
659	303
659	323
659	347
659	413
659	490
659	510
659	567
659	610
660	135
660	868
660	889
660	914
660	922
660	939
660	977
660	985
661	270
661	850
661	867
661	955
661	958
661	959
661	983
662	697
662	727
662	748
662	776
662	792
662	808
662	881
663	629
663	769
663	893
663	915
663	972
664	447
664	559
664	614
664	672
664	693
664	742
664	795
665	382
665	669
665	734
665	735
665	738
665	775
665	794
665	840
666	306
666	332
666	474
666	521
666	555
666	602
666	652
666	739
667	188
667	833
667	903
667	917
667	918
667	935
667	941
668	358
668	864
668	896
668	932
668	980
668	986
668	1000
669	172
669	665
669	734
669	735
669	738
669	775
669	794
669	840
670	432
670	689
670	754
670	782
670	859
670	934
670	944
670	957
671	445
671	834
671	923
671	925
671	947
671	965
671	967
671	988
672	447
672	559
672	614
672	664
672	693
672	779
672	795
673	116
673	706
673	751
673	755
673	759
673	828
673	849
673	869
673	890
674	292
674	560
674	562
674	753
674	905
674	949
675	241
675	427
675	440
675	543
675	595
675	605
675	627
675	700
675	715
675	933
676	657
676	745
676	746
676	774
676	844
676	879
676	888
677	178
677	318
677	326
677	450
677	532
677	583
677	911
678	360
678	757
678	810
678	813
678	862
678	940
678	991
679	686
679	802
679	855
679	895
679	908
679	959
680	579
680	641
680	699
680	740
680	749
680	793
680	814
680	960
681	704
681	911
681	970
681	971
681	973
681	981
681	989
681	994
682	702
682	703
682	719
682	737
682	820
682	822
683	425
683	706
683	751
683	755
683	759
683	828
683	849
683	869
683	890
684	557
684	596
684	639
684	692
684	713
684	722
684	726
684	792
685	460
685	756
685	850
685	867
685	955
685	958
685	959
685	983
686	24
686	679
686	802
686	855
686	895
686	908
687	537
687	571
687	577
687	590
687	695
687	701
687	819
688	640
688	822
688	909
688	928
688	936
688	953
688	987
688	995
689	670
689	720
689	782
689	934
689	944
689	957
690	561
690	630
690	708
690	710
690	760
691	243
691	898
691	910
691	913
691	919
691	929
691	954
691	978
692	332
692	557
692	596
692	639
692	684
692	713
692	722
692	726
693	447
693	559
693	614
693	664
693	672
693	795
694	858
694	904
694	906
694	924
694	943
694	946
694	976
695	687
695	829
695	851
695	906
695	930
695	942
695	999
696	766
696	858
696	904
696	924
696	943
696	946
696	976
697	662
697	727
697	776
697	792
697	808
697	841
697	881
698	277
698	480
698	494
698	535
698	604
698	644
698	969
699	442
699	582
699	603
699	680
699	740
699	749
699	793
699	814
700	235
700	595
700	605
700	626
700	627
700	675
700	715
701	503
701	537
701	571
701	577
701	590
701	687
701	819
702	682
702	703
702	719
702	737
702	820
703	682
703	702
703	719
703	737
703	820
704	479
704	584
704	620
704	681
704	711
704	783
705	493
705	782
705	859
705	934
705	944
705	957
706	673
706	683
706	745
706	751
706	755
706	759
706	782
706	828
706	849
706	869
706	890
707	346
707	880
707	899
707	921
707	945
707	964
707	979
707	993
708	561
708	690
708	710
708	760
708	843
709	274
709	858
709	904
709	924
709	943
709	946
709	976
710	250
710	376
710	434
710	523
710	546
710	561
710	690
710	708
710	760
711	479
711	584
711	596
711	620
711	704
711	783
712	390
712	871
712	926
712	950
712	964
712	979
712	993
713	557
713	596
713	639
713	684
713	692
713	722
713	726
714	18
714	767
714	781
714	842
714	894
714	920
714	927
714	963
714	998
715	235
715	595
715	605
715	627
715	675
715	700
715	926
716	750
716	773
716	807
716	826
716	827
716	848
716	865
716	872
716	937
717	225
717	772
717	777
717	797
717	821
717	843
717	882
718	406
718	784
718	829
718	851
718	906
718	942
718	999
719	333
719	682
719	702
719	703
719	737
719	820
720	609
720	689
720	754
720	859
720	934
720	944
720	957
721	442
721	864
721	896
721	961
721	980
721	986
721	1000
722	557
722	579
722	596
722	639
722	684
722	692
722	713
722	726
723	280
723	346
723	361
723	386
723	481
723	512
723	549
723	607
724	887
724	891
724	907
724	912
724	916
724	984
724	996
725	613
725	756
725	867
725	955
725	958
725	959
725	983
726	557
726	594
726	596
726	639
726	684
726	692
726	713
726	722
727	642
727	662
727	697
727	776
727	792
727	808
727	881
728	833
728	903
728	917
728	918
728	935
728	941
728	946
729	240
729	254
729	275
729	531
729	542
729	553
729	564
729	626
729	842
730	810
730	880
730	899
730	921
730	926
730	945
730	950
730	964
730	993
731	866
731	871
731	951
731	966
731	968
731	969
731	975
731	982
731	992
732	744
732	757
732	763
732	803
732	810
732	862
732	875
732	991
733	367
733	889
733	914
733	922
733	939
733	977
733	985
734	665
734	669
734	735
734	738
734	775
734	840
734	958
735	535
735	665
735	669
735	734
735	738
735	775
735	794
735	840
736	774
736	844
736	888
737	682
737	702
737	703
737	719
737	820
737	955
738	81
738	665
738	669
738	734
738	735
738	775
738	794
738	840
739	306
739	347
739	474
739	521
739	555
739	602
739	652
739	666
740	579
740	641
740	680
740	699
740	749
740	793
740	814
740	995
741	744
741	878
741	887
741	891
741	907
741	912
741	916
741	984
741	996
742	658
742	664
742	787
742	788
742	805
742	830
743	380
743	834
743	965
743	967
743	988
744	732
744	741
744	878
744	907
744	912
744	916
744	984
744	996
745	676
745	706
745	746
745	774
745	844
745	879
745	888
746	587
746	657
746	676
746	745
746	774
746	844
746	879
746	888
747	752
747	768
747	860
747	870
747	956
747	997
748	662
748	769
748	893
748	915
748	972
749	217
749	442
749	579
749	603
749	680
749	699
749	740
749	793
749	814
750	716
750	807
750	826
750	827
750	848
750	865
750	872
750	930
750	937
751	601
751	673
751	683
751	706
751	755
751	759
751	828
751	849
751	869
751	890
752	463
752	544
752	643
752	747
752	768
752	861
752	870
752	927
752	956
752	997
753	287
753	439
753	451
753	525
753	654
753	674
753	905
753	949
753	975
754	444
754	670
754	720
754	782
754	859
754	934
754	944
754	957
755	492
755	673
755	683
755	706
755	751
755	759
755	828
755	849
755	869
755	890
756	94
756	685
756	725
756	850
756	955
756	958
756	959
756	983
757	678
757	732
757	810
757	812
757	813
757	846
757	862
757	875
757	940
757	991
758	222
758	898
758	910
758	913
758	919
758	929
758	954
758	978
759	47
759	673
759	683
759	706
759	751
759	755
759	828
759	849
759	869
759	890
760	68
760	250
760	376
760	434
760	523
760	546
760	561
760	690
760	708
760	710
761	769
761	832
761	834
761	923
761	925
761	933
761	965
761	967
761	988
762	383
762	878
762	887
762	891
762	907
762	912
762	916
762	984
762	996
763	732
763	803
763	810
763	812
763	813
763	824
763	862
763	875
763	940
763	991
764	416
764	464
764	598
764	606
764	765
764	790
764	799
764	884
764	885
764	944
765	764
765	790
765	799
765	806
765	872
765	884
765	885
766	696
766	864
766	896
766	932
766	961
766	980
766	986
766	1000
767	714
767	781
767	842
767	894
767	920
767	927
767	947
767	963
767	998
768	454
768	747
768	752
768	861
768	870
768	956
768	997
769	565
769	622
769	645
769	663
769	748
769	761
769	893
769	915
769	972
770	328
770	796
770	833
770	874
770	877
770	903
770	917
770	918
770	935
770	941
771	290
771	857
771	911
771	970
771	971
771	973
771	981
771	989
771	994
772	618
772	633
772	717
772	777
772	797
772	821
772	843
772	882
773	716
773	826
773	827
773	848
773	865
773	872
773	937
774	657
774	676
774	736
774	745
774	746
774	830
774	844
774	879
774	888
775	582
775	665
775	669
775	734
775	735
775	738
775	794
775	840
776	384
776	609
776	617
776	662
776	697
776	727
776	792
776	808
776	881
777	103
777	618
777	633
777	717
777	772
777	797
777	821
777	843
777	882
778	66
778	446
778	526
778	539
778	558
778	612
778	779
778	780
779	6
779	272
779	397
779	446
779	539
779	558
779	612
779	672
779	778
779	780
780	325
780	446
780	526
780	539
780	558
780	612
780	778
780	779
781	280
781	651
781	714
781	767
781	894
781	927
781	963
781	998
782	670
782	689
782	705
782	706
782	754
782	859
782	934
782	944
782	957
783	249
783	330
783	366
783	435
783	467
783	479
783	584
783	620
783	704
783	711
783	827
784	616
784	718
784	829
784	851
784	906
784	930
784	942
784	999
785	396
785	513
785	552
785	576
785	581
785	809
785	815
785	853
785	901
785	981
786	294
786	430
786	476
786	489
786	495
786	619
786	824
786	876
786	897
787	166
787	458
787	592
787	658
787	742
787	788
787	805
787	830
788	458
788	592
788	658
788	742
788	787
788	805
788	830
788	878
789	628
789	864
789	896
789	932
789	961
789	980
789	986
789	1000
790	399
790	598
790	606
790	764
790	765
790	799
790	806
790	849
790	884
790	885
791	826
791	827
791	848
791	865
791	872
791	937
792	550
792	609
792	617
792	662
792	684
792	697
792	727
792	776
792	808
792	881
793	442
793	579
793	603
793	641
793	680
793	699
793	740
793	749
793	814
793	891
794	387
794	478
794	665
794	669
794	735
794	738
794	775
794	840
795	44
795	261
795	438
795	447
795	557
795	559
795	614
795	664
795	672
795	693
796	78
796	770
796	874
796	877
796	903
796	917
796	918
796	935
796	941
797	234
797	717
797	772
797	777
797	821
797	843
797	882
798	350
798	832
798	856
798	923
798	933
798	947
798	965
798	967
798	988
799	112
799	764
799	765
799	790
799	806
799	884
799	885
800	541
800	896
800	932
800	961
800	980
800	986
800	1000
801	554
801	836
801	839
801	841
801	847
801	902
801	952
801	990
802	493
802	495
802	653
802	679
802	686
802	855
802	895
802	908
803	291
803	732
803	763
803	810
803	812
803	813
803	862
803	875
803	940
803	991
804	417
804	822
804	909
804	928
804	936
804	953
804	987
804	995
805	458
805	521
805	592
805	658
805	742
805	787
805	788
805	830
806	399
806	464
806	598
806	606
806	765
806	790
806	799
806	809
806	884
806	885
807	716
807	750
807	826
807	827
807	848
807	865
807	868
807	872
807	937
808	550
808	609
808	617
808	662
808	697
808	727
808	776
808	792
808	881
808	929
809	580
809	785
809	806
809	811
809	815
809	853
809	901
810	678
810	730
810	732
810	757
810	763
810	803
810	862
810	875
810	991
811	513
811	552
811	576
811	580
811	581
811	809
811	815
811	853
811	901
812	620
812	757
812	763
812	803
812	813
812	862
812	875
812	940
812	991
813	678
813	757
813	763
813	803
813	812
813	862
813	875
813	940
813	991
814	203
814	442
814	582
814	603
814	641
814	680
814	699
814	740
814	749
814	793
815	580
815	785
815	809
815	811
815	853
815	858
815	901
816	846
816	865
816	900
816	931
816	938
816	948
816	960
816	962
816	974
817	209
817	823
817	835
817	900
817	931
817	938
817	948
817	960
817	962
817	974
818	219
818	858
818	904
818	924
818	943
818	946
818	976
819	165
819	244
819	343
819	537
819	571
819	577
819	590
819	687
819	701
820	369
820	388
820	470
820	520
820	682
820	702
820	703
820	719
820	737
820	987
821	460
821	497
821	618
821	633
821	717
821	772
821	777
821	797
821	843
821	882
822	682
822	688
822	804
822	831
822	909
822	928
822	936
822	953
822	987
822	995
823	817
823	835
823	846
823	900
823	931
823	938
823	948
823	960
823	962
823	974
824	430
824	476
824	489
824	495
824	589
824	619
824	763
824	786
824	876
824	897
825	473
825	646
825	836
825	839
825	841
825	847
825	902
825	952
825	990
826	307
826	570
826	716
826	750
826	773
826	791
826	807
826	827
826	848
826	865
826	872
826	937
827	570
827	716
827	750
827	773
827	783
827	791
827	807
827	826
827	848
827	865
827	872
827	937
828	15
828	673
828	683
828	706
828	751
828	755
828	759
828	849
828	869
828	890
829	549
829	695
829	718
829	784
829	851
829	906
829	930
829	942
829	999
830	263
830	404
830	437
830	458
830	516
830	592
830	658
830	742
830	774
830	787
830	788
830	805
831	568
831	822
831	837
831	909
831	928
831	936
831	953
831	987
831	995
832	556
832	761
832	798
832	834
832	856
832	886
832	925
832	933
832	947
832	965
832	967
832	988
833	667
833	728
833	770
833	874
833	877
833	903
833	917
833	918
833	935
833	941
834	671
834	743
834	761
834	832
834	856
834	886
834	923
834	925
834	931
834	933
834	947
834	965
835	269
835	817
835	823
835	846
835	900
835	931
835	938
835	948
835	960
835	962
835	974
836	297
836	551
836	801
836	825
836	839
836	841
836	847
836	902
836	952
836	990
837	555
837	831
837	909
837	928
837	936
837	953
837	987
837	995
838	324
838	569
838	600
838	648
838	852
838	854
838	860
838	863
838	873
838	883
838	892
839	581
839	646
839	801
839	825
839	836
839	841
839	847
839	902
839	952
839	990
840	387
840	478
840	665
840	669
840	734
840	735
840	738
840	775
840	794
840	922
841	646
841	697
841	801
841	825
841	836
841	839
841	847
841	902
841	952
841	990
842	651
842	714
842	729
842	767
842	894
842	920
842	927
842	963
842	998
843	460
843	497
843	618
843	633
843	708
843	717
843	772
843	777
843	797
843	821
843	882
844	398
844	635
844	657
844	676
844	736
844	745
844	746
844	774
844	879
844	888
845	866
845	951
845	966
845	968
845	969
845	975
845	982
845	992
846	757
846	816
846	823
846	835
846	900
846	931
846	938
846	948
846	960
846	962
846	974
847	547
847	646
847	801
847	825
847	836
847	839
847	841
847	902
847	952
847	990
848	293
848	570
848	716
848	750
848	773
848	791
848	807
848	826
848	827
848	865
848	872
848	937
849	673
849	683
849	706
849	751
849	755
849	759
849	790
849	828
849	869
849	890
850	585
850	630
850	650
850	661
850	685
850	756
850	867
850	923
850	955
850	958
850	959
850	983
851	161
851	637
851	695
851	718
851	784
851	829
851	906
851	930
851	942
851	999
852	324
852	540
852	569
852	648
852	838
852	854
852	860
852	863
852	873
852	883
852	892
853	552
853	576
853	580
853	581
853	785
853	809
853	811
853	815
853	901
853	962
854	324
854	336
854	569
854	648
854	838
854	852
854	860
854	863
854	873
854	883
854	892
855	308
855	348
855	482
855	653
855	679
855	686
855	802
855	895
855	908
856	798
856	832
856	834
856	886
856	923
856	925
856	933
856	947
856	965
856	967
856	988
857	771
857	911
857	970
857	971
857	973
857	974
857	981
857	989
857	994
858	694
858	696
858	709
858	815
858	818
858	904
858	924
858	943
858	946
858	976
859	183
859	574
859	600
859	670
859	705
859	720
859	754
859	782
859	934
859	944
859	957
860	747
860	838
860	852
860	854
860	863
860	873
860	883
860	892
861	323
861	611
861	643
861	752
861	768
861	870
861	956
861	997
862	245
862	678
862	732
862	757
862	763
862	803
862	810
862	812
862	813
862	875
862	940
862	991
863	324
863	569
863	633
863	648
863	838
863	852
863	854
863	860
863	873
863	883
863	892
864	655
864	668
864	721
864	766
864	789
864	869
864	896
864	961
864	980
864	986
864	1000
865	570
865	716
865	750
865	773
865	791
865	807
865	816
865	826
865	827
865	848
865	872
865	937
866	731
866	845
866	951
866	966
866	968
866	969
866	971
866	975
866	982
866	992
867	577
867	585
867	661
867	685
867	725
867	850
867	955
867	958
867	959
867	983
868	640
868	660
868	807
868	889
868	914
868	922
868	939
868	977
868	985
869	673
869	683
869	706
869	751
869	755
869	759
869	828
869	849
869	864
869	890
870	502
870	544
870	611
870	643
870	747
870	752
870	768
870	861
870	956
870	997
871	712
871	731
871	880
871	899
871	921
871	926
871	945
871	950
871	964
871	979
871	993
872	570
872	716
872	750
872	765
872	773
872	791
872	807
872	826
872	827
872	848
872	865
872	937
873	76
873	324
873	569
873	648
873	838
873	852
873	854
873	860
873	863
873	883
873	892
874	770
874	796
874	833
874	877
874	903
874	904
874	917
874	918
874	935
874	941
875	352
875	732
875	757
875	763
875	803
875	810
875	812
875	813
875	862
875	940
875	991
876	20
876	430
876	476
876	489
876	495
876	589
876	619
876	786
876	824
876	897
877	142
877	770
877	796
877	833
877	874
877	903
877	917
877	918
877	935
877	941
878	741
878	744
878	762
878	788
878	887
878	891
878	907
878	912
878	916
878	984
878	996
879	206
879	312
879	372
879	635
879	657
879	676
879	745
879	746
879	774
879	844
879	888
880	707
880	730
880	871
880	899
880	921
880	926
880	945
880	950
880	964
880	979
881	384
881	550
881	609
881	617
881	662
881	697
881	727
881	776
881	792
881	808
882	460
882	497
882	525
882	618
882	633
882	717
882	772
882	777
882	797
882	821
882	843
883	569
883	648
883	838
883	852
883	854
883	860
883	863
883	873
883	892
884	371
884	416
884	464
884	598
884	606
884	764
884	765
884	790
884	799
884	806
884	885
884	935
885	11
885	598
885	606
885	764
885	765
885	790
885	799
885	806
885	884
886	591
886	832
886	834
886	856
886	923
886	925
886	933
886	947
886	965
886	967
886	988
887	573
887	724
887	741
887	762
887	878
887	891
887	907
887	912
887	916
887	984
887	996
888	479
888	635
888	657
888	676
888	736
888	745
888	746
888	774
888	844
888	879
889	433
889	494
889	640
889	660
889	733
889	868
889	914
889	939
889	977
889	985
890	602
890	673
890	683
890	706
890	751
890	755
890	759
890	828
890	849
890	869
891	573
891	724
891	741
891	762
891	793
891	878
891	887
891	907
891	912
891	916
891	984
891	996
892	324
892	459
892	569
892	648
892	838
892	852
892	854
892	860
892	863
892	873
892	883
893	96
893	274
893	455
893	471
893	533
893	565
893	622
893	663
893	748
893	769
893	915
893	972
894	155
894	591
894	651
894	714
894	767
894	781
894	842
894	920
894	927
894	963
894	998
895	308
895	348
895	482
895	493
895	653
895	679
895	686
895	802
895	855
895	908
895	924
896	148
896	668
896	721
896	766
896	789
896	800
896	864
896	932
896	961
896	980
896	986
896	1000
897	130
897	164
897	299
897	430
897	476
897	489
897	495
897	589
897	619
897	786
897	824
897	876
897	997
898	588
898	621
898	691
898	758
898	905
898	910
898	913
898	919
898	929
898	954
898	978
899	49
899	707
899	730
899	871
899	880
899	921
899	926
899	945
899	950
899	964
899	979
899	993
900	816
900	817
900	823
900	835
900	846
900	931
900	938
900	948
900	960
900	962
900	974
901	396
901	513
901	552
901	576
901	580
901	581
901	785
901	809
901	811
901	815
901	853
902	473
902	551
902	650
902	801
902	825
902	836
902	839
902	841
902	847
902	952
902	990
903	667
903	728
903	770
903	796
903	833
903	874
903	877
903	917
903	918
903	935
903	941
904	616
904	694
904	696
904	709
904	818
904	858
904	874
904	924
904	943
904	946
904	976
905	287
905	439
905	451
905	525
905	560
905	562
905	654
905	674
905	753
905	898
905	949
906	469
906	597
906	636
906	694
906	695
906	718
906	784
906	829
906	851
906	930
906	942
906	999
907	338
907	724
907	741
907	744
907	762
907	878
907	887
907	891
907	912
907	916
907	984
907	996
908	308
908	348
908	482
908	493
908	653
908	679
908	686
908	802
908	855
908	895
908	936
909	337
909	688
909	804
909	822
909	831
909	837
909	928
909	936
909	953
909	995
910	505
910	588
910	621
910	691
910	758
910	898
910	913
910	919
910	929
910	954
910	978
911	677
911	681
911	771
911	857
911	970
911	971
911	973
911	981
911	989
911	994
912	271
912	724
912	741
912	744
912	762
912	878
912	887
912	891
912	907
912	916
912	984
912	996
913	121
913	588
913	691
913	758
913	898
913	910
913	919
913	929
913	954
913	978
914	640
914	651
914	660
914	733
914	868
914	889
914	922
914	939
914	977
914	985
915	455
915	526
915	533
915	565
915	622
915	645
915	663
915	748
915	769
915	893
915	972
916	113
916	724
916	741
916	744
916	762
916	878
916	887
916	891
916	907
916	912
916	984
916	996
917	228
917	667
917	728
917	770
917	796
917	833
917	874
917	877
917	903
917	918
917	935
917	941
918	667
918	728
918	770
918	796
918	833
918	874
918	877
918	903
918	917
918	935
918	941
918	973
919	421
919	588
919	621
919	691
919	758
919	898
919	910
919	913
919	929
919	954
919	978
920	251
920	591
920	651
920	714
920	767
920	842
920	894
920	927
920	963
920	998
921	36
921	707
921	730
921	871
921	880
921	899
921	926
921	950
921	964
921	979
921	993
922	433
922	640
922	660
922	733
922	840
922	868
922	914
922	939
922	977
922	985
923	671
923	761
923	798
923	834
923	850
923	856
923	886
923	925
923	933
923	947
923	965
923	967
923	988
924	616
924	694
924	696
924	709
924	818
924	858
924	895
924	904
924	943
924	946
924	976
925	171
925	671
925	761
925	832
925	834
925	856
925	886
925	923
925	933
925	947
925	965
925	967
925	988
926	712
926	715
926	730
926	871
926	880
926	899
926	921
926	945
926	950
926	964
926	979
926	993
927	591
927	714
927	752
927	767
927	781
927	842
927	894
927	920
927	963
927	998
928	568
928	575
928	688
928	804
928	822
928	831
928	837
928	909
928	936
928	953
928	970
928	987
928	995
929	621
929	691
929	758
929	808
929	898
929	910
929	913
929	919
929	954
929	978
930	469
930	597
930	636
930	637
930	695
930	750
930	784
930	829
930	851
930	906
930	942
930	999
931	816
931	817
931	823
931	834
931	835
931	846
931	900
931	938
931	948
931	960
931	962
931	974
932	484
932	655
932	668
932	766
932	789
932	800
932	896
932	961
932	980
932	986
932	1000
933	675
933	761
933	798
933	832
933	834
933	856
933	886
933	923
933	925
933	947
933	965
933	967
933	988
934	235
934	574
934	600
934	670
934	689
934	705
934	720
934	754
934	782
934	859
934	944
934	957
935	667
935	728
935	770
935	796
935	833
935	874
935	877
935	884
935	903
935	917
935	918
935	941
936	688
936	804
936	822
936	831
936	837
936	908
936	909
936	928
936	953
936	987
936	995
937	390
937	570
937	716
937	750
937	773
937	791
937	807
937	826
937	827
937	848
937	865
937	872
938	410
938	816
938	817
938	823
938	835
938	846
938	900
938	931
938	948
938	960
938	962
938	974
939	433
939	434
939	640
939	660
939	733
939	868
939	889
939	914
939	922
939	977
939	985
940	293
940	536
940	583
940	678
940	757
940	763
940	803
940	812
940	813
940	862
940	875
940	991
941	126
941	667
941	728
941	770
941	796
941	833
941	874
941	877
941	903
941	917
941	918
941	935
942	469
942	569
942	597
942	636
942	637
942	695
942	718
942	784
942	829
942	851
942	906
942	930
942	999
943	6
943	616
943	694
943	696
943	709
943	818
943	858
943	904
943	924
943	946
943	976
944	574
944	600
944	670
944	689
944	705
944	720
944	754
944	764
944	782
944	859
944	934
944	957
945	277
945	707
945	730
945	871
945	880
945	899
945	926
945	950
945	964
945	979
945	993
946	528
946	616
946	694
946	696
946	709
946	728
946	818
946	858
946	904
946	924
946	943
946	976
947	671
947	767
947	798
947	832
947	834
947	856
947	886
947	923
947	925
947	933
947	965
947	967
947	988
948	490
948	816
948	817
948	823
948	835
948	846
948	900
948	931
948	938
948	960
948	962
948	974
949	287
949	439
949	451
949	525
949	560
949	562
949	654
949	674
949	753
949	905
949	957
950	598
950	712
950	730
950	871
950	880
950	899
950	921
950	926
950	945
950	964
950	979
950	993
951	491
951	642
951	731
951	845
951	866
951	966
951	968
951	969
951	975
951	982
951	992
952	380
952	408
952	473
952	646
952	801
952	825
952	836
952	839
952	841
952	847
952	902
952	990
953	568
953	576
953	688
953	804
953	822
953	831
953	837
953	909
953	928
953	936
953	987
953	995
954	218
954	588
954	621
954	691
954	758
954	898
954	910
954	913
954	919
954	929
954	978
955	585
955	623
955	630
955	650
955	661
955	685
955	725
955	737
955	756
955	850
955	867
955	958
955	959
955	983
956	161
956	266
956	285
956	463
956	502
956	544
956	611
956	643
956	747
956	752
956	768
956	861
956	870
956	997
957	496
957	519
957	574
957	600
957	670
957	689
957	705
957	720
957	754
957	782
957	859
957	934
957	944
957	949
958	585
958	623
958	630
958	650
958	661
958	685
958	725
958	734
958	756
958	850
958	867
958	955
958	959
958	983
959	585
959	623
959	630
959	650
959	661
959	679
959	685
959	725
959	756
959	850
959	867
959	955
959	958
959	983
960	680
960	816
960	817
960	823
960	835
960	846
960	900
960	931
960	938
960	948
960	962
960	974
961	484
961	618
961	655
961	721
961	766
961	789
961	800
961	864
961	896
961	932
961	980
961	986
961	1000
962	816
962	817
962	823
962	835
962	846
962	853
962	900
962	931
962	938
962	948
962	960
962	974
963	82
963	591
963	651
963	714
963	767
963	781
963	842
963	894
963	920
963	927
963	998
964	707
964	712
964	730
964	871
964	880
964	899
964	921
964	926
964	945
964	950
964	979
964	993
964	994
965	317
965	671
965	743
965	761
965	798
965	832
965	834
965	856
965	886
965	923
965	925
965	933
965	947
965	967
965	988
966	461
966	642
966	731
966	845
966	866
966	951
966	968
966	969
966	975
966	982
966	992
967	564
967	671
967	743
967	761
967	798
967	832
967	856
967	886
967	923
967	925
967	933
967	947
967	965
967	988
968	353
968	642
968	731
968	845
968	866
968	951
968	966
968	969
968	975
968	982
968	992
969	461
969	615
969	642
969	698
969	731
969	845
969	866
969	951
969	966
969	968
969	975
969	982
969	992
970	625
970	629
970	681
970	771
970	857
970	911
970	928
970	971
970	973
970	981
970	989
970	994
971	625
971	629
971	681
971	771
971	857
971	866
971	911
971	970
971	973
971	981
971	989
971	994
972	96
972	274
972	455
972	471
972	533
972	565
972	622
972	645
972	663
972	748
972	769
972	893
972	915
972	991
973	629
973	681
973	771
973	857
973	911
973	918
973	970
973	971
973	981
973	989
973	994
974	816
974	817
974	823
974	835
974	846
974	857
974	900
974	931
974	938
974	948
974	960
974	962
975	642
975	731
975	753
975	845
975	866
975	951
975	966
975	968
975	969
975	982
975	992
976	292
976	300
976	528
976	616
976	694
976	696
976	709
976	818
976	858
976	904
976	924
976	943
976	946
977	433
977	454
977	640
977	660
977	733
977	868
977	889
977	914
977	922
977	939
977	985
977	986
978	505
978	588
978	621
978	656
978	691
978	758
978	898
978	910
978	913
978	919
978	929
978	954
979	459
979	707
979	712
979	871
979	880
979	899
979	921
979	926
979	945
979	950
979	964
979	993
980	221
980	655
980	668
980	721
980	766
980	789
980	800
980	864
980	896
980	932
980	961
980	986
980	1000
981	625
981	629
981	681
981	771
981	785
981	857
981	911
981	970
981	971
981	973
981	989
981	994
982	400
982	642
982	731
982	845
982	866
982	951
982	966
982	968
982	969
982	975
982	992
983	88
983	585
983	623
983	630
983	650
983	661
983	685
983	725
983	756
983	850
983	867
983	955
983	958
983	959
984	573
984	724
984	741
984	744
984	762
984	878
984	887
984	891
984	907
984	912
984	916
984	996
985	454
985	640
985	660
985	733
985	868
985	889
985	914
985	922
985	939
985	977
986	655
986	668
986	721
986	766
986	789
986	800
986	864
986	896
986	932
986	961
986	977
986	980
986	1000
987	362
987	475
987	568
987	575
987	688
987	804
987	820
987	822
987	831
987	837
987	928
987	936
987	953
987	995
988	671
988	743
988	761
988	798
988	832
988	856
988	886
988	923
988	925
988	933
988	947
988	965
988	967
989	26
989	625
989	629
989	681
989	771
989	857
989	911
989	970
989	971
989	973
989	981
989	994
990	260
990	473
990	551
990	646
990	801
990	825
990	836
990	839
990	841
990	847
990	902
990	952
991	81
991	536
991	678
991	732
991	757
991	763
991	803
991	810
991	812
991	813
991	862
991	875
991	940
991	972
992	477
992	642
992	731
992	845
992	866
992	951
992	966
992	968
992	969
992	975
992	982
993	459
993	655
993	707
993	712
993	730
993	871
993	899
993	921
993	926
993	945
993	950
993	964
993	979
994	625
994	629
994	681
994	771
994	857
994	911
994	964
994	970
994	971
994	973
994	981
994	989
995	475
995	568
995	575
995	688
995	740
995	804
995	822
995	831
995	837
995	909
995	928
995	936
995	953
995	987
996	573
996	724
996	741
996	744
996	762
996	878
996	887
996	891
996	907
996	912
996	916
996	984
997	52
997	161
997	266
997	463
997	502
997	611
997	643
997	747
997	752
997	768
997	861
997	870
997	897
997	956
998	464
998	591
998	651
998	714
998	767
998	781
998	842
998	894
998	920
998	927
998	963
999	469
999	504
999	597
999	636
999	637
999	695
999	718
999	784
999	829
999	851
999	906
999	930
999	942
1000	72
1000	655
1000	668
1000	721
1000	766
1000	789
1000	800
1000	864
1000	896
1000	932
1000	961
1000	980
1000	986
