2	969
4	819
16	920
21	852
22	730
24	660
28	814
29	932
30	814
34	707
37	779
47	693
52	716
59	824
63	840
75	841
76	768
80	850
82	800
84	789
89	800
93	736
95	774
103	797
106	869
109	946
110	701
111	690
111	775
112	759
112	780
113	678
130	778
130	832
131	778
131	832
139	946
140	976
141	986
146	778
146	832
152	721
155	920
159	687
160	915
161	763
162	940
166	736
168	736
169	687
169	853
170	832
173	684
174	682
175	850
179	744
185	670
188	814
188	934
191	775
192	855
192	866
198	976
203	760
205	946
207	990
214	870
216	699
218	948
219	926
222	760
222	766
223	969
223	986
224	361
227	831
228	752
228	764
229	691
229	700
231	736
233	951
233	956
236	663
237	786
239	705
240	844
241	695
241	787
242	361
247	844
251	713
257	687
260	316
260	325
260	343
260	355
260	771
261	969
261	986
268	986
270	729
270	763
271	763
271	858
272	760
275	844
279	961
280	666
285	959
287	579
293	741
296	843
308	760
308	766
313	720
316	260
318	745
318	789
319	868
321	733
322	542
322	615
322	616
323	763
325	260
327	787
328	840
331	965
331	984
333	361
335	739
336	814
337	844
339	665
339	736
343	260
344	687
346	687
348	986
352	674
353	736
353	828
354	760
355	260
355	887
357	778
357	832
358	752
361	224
361	242
361	333
361	949
362	780
364	842
364	938
365	968
365	983
365	988
365	990
366	741
367	971
367	974
367	992
368	699
368	789
369	967
370	752
372	744
373	953
374	917
376	500
376	530
377	388
377	408
377	477
377	972
380	675
380	922
380	964
380	972
380	1000
381	778
381	832
382	748
383	738
383	980
383	991
383	994
385	446
385	876
386	800
387	745
387	789
387	937
388	377
388	408
388	477
389	760
389	766
389	806
391	791
391	844
391	926
393	748
394	752
394	972
395	411
395	435
395	990
397	957
397	983
397	988
397	990
398	763
399	958
401	875
402	553
402	579
403	862
403	932
403	948
404	920
404	938
405	969
405	986
407	687
408	377
408	388
408	477
409	939
409	941
409	954
409	969
409	986
410	991
411	395
411	435
413	890
414	778
414	832
414	864
416	974
416	992
419	765
419	932
419	948
420	758
420	840
421	932
421	948
422	772
424	691
424	700
425	886
426	744
427	767
427	985
428	748
430	814
430	993
431	997
434	791
434	803
434	844
435	395
435	411
437	927
437	937
437	952
437	968
438	814
439	800
439	987
441	687
442	793
442	807
442	810
442	831
443	780
443	938
444	812
444	946
445	681
445	775
446	385
446	974
447	778
447	832
448	971
448	974
448	992
449	760
449	766
454	687
455	890
456	842
456	857
456	920
456	938
457	643
457	680
459	681
459	710
462	959
463	789
464	985
465	867
466	669
466	706
466	741
468	617
468	766
470	736
471	762
471	800
472	840
473	665
473	736
474	726
474	770
475	696
475	826
475	850
477	377
477	388
477	408
478	964
478	972
478	1000
481	952
482	943
482	964
482	972
482	1000
483	662
483	668
483	763
484	967
484	979
484	987
484	997
485	663
487	637
487	641
487	681
487	710
487	780
488	831
489	567
489	573
490	776
490	826
490	850
491	531
491	560
491	568
492	976
492	985
494	682
494	775
495	892
495	926
495	930
495	933
496	772
497	680
497	702
497	780
497	842
498	995
498	998
499	939
499	941
499	957
499	969
499	986
500	376
500	530
501	744
502	944
502	995
502	998
503	968
503	989
503	993
504	669
504	706
504	741
504	996
505	618
505	748
505	987
506	688
506	747
506	749
507	588
507	613
507	663
508	691
509	557
509	775
510	995
510	998
511	892
511	926
511	930
511	933
512	917
512	992
513	606
513	662
513	814
514	758
514	840
517	923
517	960
517	961
517	965
518	775
519	896
519	958
519	974
519	992
520	758
520	840
520	925
521	748
522	557
522	682
522	775
524	793
524	962
524	983
524	988
524	990
525	752
526	676
526	787
527	770
527	800
528	971
528	974
528	992
529	702
529	780
530	376
530	500
531	491
531	643
532	812
532	861
532	946
533	584
533	664
533	671
534	996
536	667
536	770
536	800
537	676
537	703
537	787
537	810
538	957
538	968
538	989
538	993
539	676
539	703
539	787
540	980
540	991
540	999
541	744
542	322
542	615
542	616
543	557
543	682
543	775
545	669
545	706
545	741
545	770
547	744
547	969
548	669
548	706
548	741
548	911
549	758
549	840
549	975
550	662
550	668
550	763
550	996
551	802
551	893
551	982
552	904
552	951
552	956
553	402
553	579
554	966
554	984
555	976
555	978
555	985
557	509
557	522
557	543
557	682
557	775
557	975
558	772
559	901
559	957
559	968
559	993
560	491
560	643
561	660
561	772
562	728
562	832
563	951
563	956
564	744
565	660
565	772
566	570
567	489
567	573
568	491
568	643
568	988
569	888
569	906
569	917
570	566
571	731
571	749
571	752
571	820
572	731
572	752
573	489
573	567
575	689
575	806
575	808
575	841
575	902
575	931
576	904
576	951
576	956
577	713
577	791
577	844
578	661
578	923
578	940
578	960
578	961
578	965
579	287
579	402
579	553
580	676
580	703
580	787
581	788
581	790
581	873
581	883
581	959
582	835
582	953
583	889
583	891
583	894
583	919
583	928
584	533
584	664
584	671
585	587
585	647
586	953
587	585
587	647
588	507
588	613
588	663
589	842
589	849
589	857
589	914
589	920
589	938
590	940
590	960
590	961
590	965
591	632
591	678
591	691
591	700
591	846
592	873
592	876
592	883
592	959
593	793
593	807
593	810
593	831
594	769
594	798
594	855
594	866
594	984
595	793
595	807
595	810
595	831
596	702
596	912
596	982
597	618
597	748
597	961
598	896
598	900
598	958
598	971
598	974
598	992
599	841
599	902
599	931
600	922
600	929
600	943
600	964
600	972
600	1000
601	848
601	859
601	888
601	900
601	906
601	917
602	860
602	904
602	951
602	956
603	846
603	854
603	867
603	890
603	893
603	903
603	993
604	817
604	892
604	926
604	930
604	933
605	713
605	791
605	844
605	956
606	513
606	621
606	634
606	657
606	814
607	889
607	891
607	894
607	919
607	928
608	854
608	867
608	890
608	893
608	903
609	662
609	668
609	763
610	740
610	776
610	826
610	850
611	781
611	957
611	968
611	989
611	993
612	670
612	758
612	840
613	507
613	588
613	663
614	782
614	812
614	821
614	853
614	861
614	946
615	322
615	542
615	616
616	322
616	542
616	615
617	468
617	760
617	766
618	505
618	597
618	748
619	677
619	699
619	745
619	789
619	998
620	817
620	892
620	926
620	930
620	933
621	606
621	634
621	814
622	740
622	975
622	977
622	981
622	996
623	680
623	702
623	780
624	758
624	840
625	677
625	927
625	937
625	952
626	725
626	802
626	982
627	907
627	924
627	953
628	911
628	935
628	939
628	941
628	954
628	986
629	713
629	791
629	844
630	898
630	976
630	978
630	985
631	675
631	692
631	721
632	591
632	678
632	691
632	700
633	726
633	770
633	800
634	606
634	621
634	657
634	669
634	814
635	873
635	876
635	883
635	959
635	988
636	670
636	731
636	758
636	840
637	487
637	641
637	681
637	710
637	796
638	927
638	937
638	952
639	811
639	849
639	857
639	914
639	920
639	938
640	726
640	770
640	800
641	487
641	637
641	681
641	710
642	922
642	929
642	943
642	964
642	972
642	1000
643	457
643	531
643	560
643	568
643	830
644	848
644	888
644	906
644	917
645	912
645	935
645	939
645	941
645	954
645	969
645	986
646	806
646	808
646	841
646	902
646	931
647	585
647	587
648	877
648	927
648	931
648	937
648	952
649	744
649	860
650	664
650	896
650	900
650	958
650	971
650	974
650	992
651	816
651	821
651	853
651	861
651	946
652	740
652	776
652	826
652	850
652	997
653	817
653	892
653	926
653	930
653	933
654	713
654	791
654	844
655	962
655	983
655	988
655	990
656	660
656	772
657	606
657	634
657	814
657	933
658	860
658	904
658	951
658	956
659	769
659	798
659	855
659	866
660	24
660	561
660	565
660	656
660	772
661	578
661	755
661	768
661	794
661	845
661	899
661	932
661	948
662	483
662	513
662	550
662	609
662	668
662	763
663	236
663	485
663	507
663	588
663	613
664	533
664	584
664	650
664	671
665	339
665	473
665	736
665	748
666	280
666	813
666	877
666	927
666	937
666	952
667	536
667	813
667	877
667	927
667	937
667	952
668	483
668	550
668	609
668	662
668	763
669	466
669	504
669	545
669	548
669	634
669	706
669	741
670	185
670	612
670	636
670	758
670	840
671	533
671	584
671	664
672	825
672	829
672	889
672	891
672	894
672	919
672	928
673	728
673	896
673	958
673	971
673	974
673	992
674	352
674	846
674	854
674	867
674	890
674	893
674	903
675	380
675	631
675	692
675	721
676	526
676	537
676	539
676	580
676	703
676	787
676	848
677	619
677	625
677	699
677	745
677	789
678	113
678	591
678	632
678	700
679	751
679	806
679	808
679	841
679	902
679	931
680	457
680	497
680	623
680	702
680	780
681	445
681	459
681	487
681	637
681	641
681	710
682	174
682	494
682	522
682	543
682	557
682	775
683	856
683	901
683	905
683	908
683	963
683	966
683	973
683	984
684	173
684	923
684	960
684	961
684	965
685	806
685	808
685	841
685	902
685	931
686	730
686	749
686	769
686	798
686	855
686	866
686	894
687	159
687	169
687	257
687	344
687	346
687	407
687	441
687	454
687	939
688	506
688	731
688	749
688	752
688	850
689	575
689	793
689	807
689	810
689	831
690	111
690	802
690	874
690	912
690	982
691	229
691	424
691	508
691	591
691	632
691	700
692	631
692	675
692	721
692	978
693	47
693	740
693	776
693	826
693	850
694	880
694	978
694	980
694	994
694	999
695	241
695	916
695	947
695	963
695	966
695	973
695	984
696	475
696	922
696	929
696	943
696	964
696	972
696	1000
697	816
697	825
697	829
697	889
697	891
697	894
697	919
697	928
698	812
698	816
698	853
698	861
698	946
698	954
699	216
699	368
699	619
699	677
699	745
699	789
700	229
700	424
700	591
700	632
700	678
700	691
701	110
701	725
701	762
701	765
701	802
701	839
701	874
701	912
702	497
702	529
702	596
702	623
702	680
702	780
703	537
703	539
703	580
703	676
703	787
704	799
704	892
704	926
704	930
704	933
705	239
705	730
705	769
705	798
705	855
705	866
706	466
706	504
706	545
706	548
706	669
706	741
706	919
707	34
707	808
707	841
707	902
707	931
708	925
708	962
708	983
708	988
708	990
709	814
709	880
709	980
709	991
709	994
709	999
710	459
710	487
710	637
710	641
710	681
710	967
711	805
711	806
711	841
711	902
711	931
712	875
712	929
712	943
712	964
712	965
712	972
712	1000
713	251
713	577
713	605
713	629
713	654
713	791
713	844
714	802
714	839
714	912
714	982
714	992
715	766
715	769
715	798
715	855
715	866
716	52
716	916
716	947
716	963
716	966
716	973
716	984
717	777
717	782
717	818
717	860
717	904
717	951
717	956
718	942
718	970
718	975
718	977
718	981
718	995
718	996
719	777
719	860
719	902
719	904
719	951
719	956
720	313
720	824
720	827
720	887
720	976
720	978
720	985
721	152
721	631
721	675
721	692
722	858
722	862
722	871
722	886
722	907
722	909
722	924
722	929
722	953
723	911
723	935
723	939
723	941
723	954
723	969
723	986
724	742
724	825
724	829
724	889
724	891
724	894
724	919
724	928
725	626
725	701
725	733
725	765
725	802
725	874
725	918
725	982
726	474
726	633
726	640
726	770
726	800
727	851
727	916
727	947
727	963
727	966
727	973
727	984
728	562
728	673
728	778
728	832
729	270
729	812
729	816
729	821
729	853
729	861
729	946
730	22
730	686
730	705
730	769
730	798
730	855
730	866
731	571
731	572
731	636
731	688
731	749
731	752
732	834
732	869
732	909
732	940
732	960
732	961
732	965
733	321
733	725
733	762
733	785
733	839
733	874
733	912
733	982
734	889
734	891
734	894
734	919
734	928
735	875
735	922
735	929
735	943
735	964
735	972
735	1000
736	93
736	166
736	168
736	231
736	339
736	353
736	470
736	473
736	665
736	897
737	897
737	910
737	915
737	921
737	944
737	949
737	995
737	998
738	383
738	897
738	915
738	921
738	944
738	949
738	950
738	995
738	998
739	335
739	868
739	880
739	980
739	991
739	994
739	999
740	610
740	622
740	652
740	693
740	776
740	826
740	850
741	293
741	366
741	466
741	504
741	545
741	548
741	669
741	706
742	724
742	868
742	980
742	991
742	994
742	999
743	851
743	882
743	923
743	940
743	960
743	961
743	965
744	179
744	372
744	426
744	501
744	541
744	547
744	564
744	649
744	865
744	940
745	318
745	387
745	619
745	677
745	699
745	789
745	857
746	799
746	817
746	892
746	926
746	930
746	933
747	506
747	779
747	788
747	790
747	873
747	876
747	883
747	959
748	382
748	393
748	428
748	505
748	521
748	597
748	618
748	665
749	506
749	571
749	686
749	688
749	731
749	752
750	777
750	782
750	860
750	904
750	951
750	956
751	679
751	799
751	817
751	892
751	926
751	930
751	933
752	228
752	358
752	370
752	394
752	525
752	571
752	572
752	688
752	731
752	749
753	834
753	870
753	879
753	895
753	910
753	936
753	967
753	979
753	987
753	997
754	761
754	881
754	882
754	925
754	962
754	983
754	988
754	990
755	661
755	794
755	845
755	899
755	932
755	948
756	864
756	868
756	964
756	980
756	991
756	994
756	999
757	759
757	824
757	885
757	887
757	898
757	976
757	978
757	985
758	420
758	514
758	520
758	549
758	612
758	624
758	636
758	670
758	840
759	112
759	757
759	827
759	885
759	887
759	976
759	978
759	985
760	203
760	222
760	272
760	308
760	354
760	389
760	449
760	617
760	766
761	754
761	881
761	882
761	913
761	925
761	948
761	962
761	983
761	988
761	990
762	471
762	701
762	733
762	765
762	785
762	839
762	874
762	912
762	982
763	161
763	270
763	271
763	323
763	398
763	483
763	550
763	609
763	662
763	668
763	896
764	228
764	865
764	872
764	884
764	945
764	957
764	968
764	989
764	993
765	419
765	701
765	725
765	762
765	785
765	839
765	874
765	912
765	982
766	222
766	308
766	389
766	449
766	468
766	617
766	715
766	760
767	427
767	795
767	813
767	836
767	852
767	877
767	927
767	937
767	952
768	76
768	661
768	845
768	899
768	932
768	948
769	594
769	659
769	686
769	705
769	715
769	730
769	798
769	855
769	866
770	474
770	527
770	536
770	545
770	633
770	640
770	726
770	800
771	260
771	847
771	895
771	936
771	967
771	979
771	987
771	997
772	422
772	496
772	558
772	561
772	565
772	656
772	660
772	923
773	846
773	854
773	867
773	890
773	893
773	903
773	947
774	95
774	881
774	882
774	913
774	925
774	962
774	983
774	988
774	990
775	111
775	191
775	445
775	494
775	509
775	518
775	522
775	543
775	557
775	682
775	795
776	490
776	610
776	652
776	693
776	740
776	826
776	850
776	903
777	717
777	719
777	750
777	782
777	860
777	904
777	951
777	956
777	989
778	130
778	131
778	146
778	357
778	381
778	414
778	447
778	728
778	832
778	908
779	37
779	747
779	788
779	790
779	873
779	876
779	883
779	959
780	112
780	362
780	443
780	487
780	497
780	529
780	623
780	680
780	702
781	611
781	881
781	882
781	913
781	925
781	962
781	983
781	988
781	990
782	614
782	717
782	750
782	777
782	860
782	904
782	951
782	956
783	790
783	915
783	921
783	944
783	949
783	950
783	995
783	998
784	819
784	864
784	868
784	880
784	974
784	980
784	984
784	991
784	994
784	999
785	733
785	762
785	765
785	802
785	839
785	874
785	912
785	982
785	995
786	237
786	823
786	858
786	862
786	871
786	886
786	907
786	909
786	924
786	953
787	241
787	327
787	526
787	537
787	539
787	580
787	676
787	703
788	581
788	747
788	779
788	790
788	873
788	876
788	883
788	959
789	84
789	318
789	368
789	387
789	463
789	619
789	677
789	699
789	745
790	581
790	747
790	779
790	783
790	788
790	873
790	876
790	883
790	959
791	391
791	434
791	577
791	605
791	629
791	654
791	713
791	844
791	914
792	815
792	818
792	828
792	848
792	859
792	888
792	906
792	917
793	442
793	524
793	593
793	595
793	689
793	807
793	810
793	831
794	661
794	755
794	845
794	899
794	932
794	948
795	767
795	775
795	813
795	836
795	852
795	877
795	927
795	937
795	952
796	637
796	809
796	835
796	865
796	872
796	884
796	945
796	968
796	989
796	993
797	103
797	897
797	915
797	921
797	944
797	949
797	950
797	995
797	998
798	594
798	659
798	686
798	705
798	715
798	730
798	769
798	855
798	866
798	873
799	704
799	746
799	751
799	817
799	892
799	913
799	926
799	930
799	933
800	82
800	89
800	386
800	439
800	471
800	527
800	536
800	633
800	640
800	726
800	770
800	963
801	896
801	900
801	942
801	958
801	971
801	974
801	992
802	551
802	626
802	690
802	701
802	714
802	725
802	785
802	874
802	912
802	982
803	434
803	804
803	820
803	897
803	915
803	921
803	949
803	950
803	995
803	998
804	803
804	820
804	907
804	915
804	921
804	944
804	949
804	950
804	995
804	998
805	711
805	870
805	878
805	879
805	895
805	910
805	936
805	967
805	979
805	987
805	997
806	389
806	575
806	646
806	679
806	685
806	711
806	808
806	841
806	902
806	931
807	442
807	593
807	595
807	689
807	793
807	810
807	831
807	983
808	575
808	646
808	679
808	685
808	707
808	806
808	839
808	841
808	902
808	931
809	796
809	835
809	872
809	884
809	945
809	957
809	968
809	989
809	993
810	442
810	537
810	593
810	595
810	689
810	793
810	807
810	831
811	639
811	838
811	842
811	849
811	857
811	914
811	920
811	938
811	1000
812	444
812	532
812	614
812	698
812	729
812	816
812	821
812	853
812	946
812	959
813	666
813	667
813	767
813	795
813	852
813	877
813	924
813	927
813	937
813	952
814	28
814	30
814	188
814	336
814	430
814	438
814	513
814	606
814	621
814	634
814	657
814	709
815	792
815	818
815	828
815	848
815	859
815	888
815	906
815	917
816	651
816	697
816	698
816	729
816	812
816	821
816	853
816	861
816	946
817	604
817	620
817	653
817	746
817	751
817	799
817	892
817	926
817	930
817	933
818	717
818	792
818	815
818	828
818	848
818	859
818	888
818	906
818	917
819	4
819	784
819	864
819	868
819	880
819	980
819	991
819	994
819	999
820	571
820	803
820	804
820	897
820	915
820	921
820	949
820	950
820	995
820	998
821	614
821	651
821	729
821	812
821	816
821	853
821	861
821	946
821	981
822	830
822	834
822	851
822	869
822	923
822	940
822	951
822	961
822	965
823	786
823	858
823	862
823	871
823	886
823	888
823	907
823	909
823	924
823	953
824	59
824	720
824	757
824	827
824	885
824	898
824	976
824	978
824	985
825	672
825	697
825	724
825	829
825	889
825	891
825	894
825	919
825	928
826	475
826	490
826	610
826	652
826	693
826	740
826	776
826	850
827	720
827	759
827	824
827	885
827	887
827	898
827	945
827	976
827	978
827	985
828	353
828	792
828	815
828	818
828	848
828	859
828	888
828	906
828	917
829	672
829	697
829	724
829	825
829	889
829	891
829	894
829	919
829	922
829	928
830	643
830	822
830	834
830	851
830	869
830	923
830	940
830	960
830	961
830	965
831	227
831	442
831	488
831	593
831	595
831	689
831	793
831	807
831	810
832	130
832	131
832	146
832	170
832	357
832	381
832	414
832	447
832	562
832	728
832	778
832	973
833	856
833	901
833	905
833	908
833	916
833	947
833	950
833	963
833	966
833	973
833	984
834	732
834	753
834	822
834	830
834	851
834	869
834	940
834	960
834	961
834	965
835	582
835	796
835	809
835	872
835	884
835	945
835	957
835	968
835	989
835	993
836	767
836	795
836	852
836	877
836	880
836	927
836	937
836	952
837	881
837	942
837	955
837	970
837	975
837	977
837	981
837	996
838	811
838	842
838	849
838	857
838	889
838	914
838	920
838	938
839	701
839	714
839	733
839	762
839	765
839	785
839	808
839	874
839	912
839	982
840	63
840	328
840	420
840	472
840	514
840	520
840	549
840	612
840	624
840	636
840	670
840	758
840	904
841	75
841	575
841	599
841	646
841	679
841	685
841	707
841	711
841	806
841	808
841	902
841	931
842	364
842	456
842	497
842	589
842	811
842	838
842	849
842	857
842	914
842	920
842	938
843	296
843	863
843	918
843	934
843	942
843	955
843	970
843	975
843	977
843	981
843	996
844	240
844	247
844	275
844	337
844	391
844	434
844	577
844	605
844	629
844	654
844	713
844	791
844	859
845	661
845	755
845	768
845	794
845	899
845	932
845	948
845	982
846	591
846	603
846	674
846	773
846	854
846	867
846	890
846	893
846	903
847	771
847	870
847	878
847	879
847	895
847	910
847	916
847	936
847	967
847	979
847	987
847	997
848	601
848	644
848	676
848	792
848	815
848	818
848	828
848	859
848	888
848	906
848	917
849	589
849	639
849	811
849	838
849	842
849	856
849	857
849	914
849	920
849	938
850	80
850	175
850	475
850	490
850	610
850	652
850	688
850	693
850	740
850	776
850	826
851	727
851	743
851	822
851	830
851	834
851	869
851	923
851	940
851	960
851	965
852	21
852	767
852	795
852	813
852	836
852	877
852	927
852	937
852	952
853	169
853	614
853	651
853	698
853	729
853	812
853	816
853	821
853	861
853	946
854	603
854	608
854	674
854	773
854	846
854	867
854	890
854	893
854	903
855	192
855	594
855	659
855	686
855	705
855	715
855	730
855	769
855	798
855	866
856	683
856	833
856	849
856	901
856	905
856	908
856	916
856	947
856	963
856	966
856	973
856	984
857	456
857	589
857	639
857	745
857	811
857	838
857	842
857	849
857	914
857	920
857	938
858	271
858	722
858	786
858	823
858	862
858	871
858	886
858	907
858	909
858	924
858	953
859	601
859	792
859	815
859	818
859	828
859	844
859	848
859	888
859	906
859	917
859	998
860	602
860	649
860	658
860	717
860	719
860	750
860	777
860	782
860	951
860	956
861	532
861	614
861	651
861	698
861	729
861	816
861	821
861	853
861	946
862	403
862	722
862	786
862	823
862	858
862	886
862	907
862	909
862	924
862	953
863	843
863	891
863	918
863	934
863	942
863	955
863	970
863	975
863	977
863	981
863	996
864	414
864	756
864	784
864	819
864	868
864	880
864	980
864	991
864	994
864	999
865	744
865	764
865	796
865	872
865	884
865	945
865	957
865	968
865	989
865	993
866	192
866	594
866	659
866	686
866	705
866	715
866	730
866	769
866	798
866	855
867	465
867	603
867	608
867	674
867	773
867	846
867	854
867	890
867	893
867	903
868	319
868	739
868	742
868	756
868	784
868	819
868	864
868	991
868	994
868	999
869	106
869	732
869	822
869	830
869	834
869	851
869	923
869	940
869	960
869	961
869	965
870	214
870	753
870	805
870	847
870	878
870	879
870	895
870	910
870	936
870	967
870	979
870	987
870	997
871	722
871	786
871	823
871	858
871	886
871	907
871	909
871	924
871	953
871	991
872	764
872	796
872	809
872	835
872	865
872	884
872	945
872	957
872	968
872	989
872	993
873	581
873	592
873	635
873	747
873	779
873	788
873	790
873	798
873	883
873	959
874	690
874	701
874	725
874	733
874	762
874	765
874	785
874	802
874	839
874	912
874	953
874	982
875	401
875	712
875	735
875	922
875	929
875	943
875	964
875	972
875	1000
876	385
876	592
876	635
876	747
876	779
876	788
876	790
876	883
876	959
877	648
877	666
877	667
877	767
877	795
877	813
877	836
877	852
877	927
877	937
877	952
878	805
878	847
878	870
878	879
878	885
878	895
878	910
878	936
878	967
878	979
878	987
878	997
879	753
879	805
879	847
879	870
879	878
879	895
879	910
879	917
879	936
879	967
879	979
879	987
879	997
880	694
880	709
880	739
880	784
880	819
880	836
880	864
880	980
880	991
880	994
880	999
881	754
881	761
881	774
881	781
881	837
881	882
881	913
881	925
881	962
881	983
881	988
881	990
882	743
882	754
882	761
882	774
882	781
882	881
882	913
882	925
882	962
882	983
882	988
882	990
883	581
883	592
883	635
883	747
883	779
883	788
883	790
883	873
883	876
883	959
883	999
884	764
884	796
884	809
884	835
884	865
884	872
884	945
884	957
884	966
884	968
884	989
884	993
885	757
885	759
885	824
885	827
885	878
885	887
885	898
885	976
885	978
885	985
886	425
886	722
886	786
886	823
886	858
886	862
886	871
886	907
886	909
886	924
886	953
887	355
887	720
887	757
887	759
887	827
887	885
887	898
887	976
887	978
887	985
888	569
888	601
888	644
888	792
888	815
888	818
888	823
888	828
888	848
888	859
888	906
888	917
889	583
889	607
889	672
889	697
889	724
889	734
889	825
889	829
889	838
889	891
889	894
889	919
889	928
890	413
890	455
890	603
890	608
890	674
890	773
890	846
890	854
890	867
890	893
890	903
891	583
891	607
891	672
891	697
891	724
891	734
891	825
891	829
891	863
891	889
891	894
891	919
891	928
892	495
892	511
892	604
892	620
892	653
892	704
892	746
892	751
892	799
892	817
892	926
892	928
892	930
892	933
893	551
893	603
893	608
893	674
893	773
893	846
893	854
893	867
893	890
893	903
894	583
894	607
894	672
894	686
894	697
894	724
894	734
894	825
894	829
894	889
894	891
894	919
894	928
895	753
895	771
895	805
895	847
895	870
895	878
895	879
895	910
895	936
895	967
895	979
895	980
895	987
895	997
896	519
896	598
896	650
896	673
896	763
896	801
896	900
896	958
896	971
896	992
897	736
897	737
897	738
897	797
897	803
897	820
897	915
897	921
897	944
897	949
897	950
897	995
897	998
898	630
898	757
898	824
898	827
898	885
898	887
898	976
898	978
898	985
898	986
899	661
899	755
899	768
899	794
899	845
899	932
899	948
899	970
900	598
900	601
900	650
900	801
900	896
900	958
900	971
900	974
900	992
901	559
901	683
901	833
901	856
901	905
901	908
901	916
901	947
901	963
901	966
901	973
901	984
902	575
902	599
902	646
902	679
902	685
902	707
902	711
902	719
902	806
902	808
902	841
902	931
903	603
903	608
903	674
903	773
903	776
903	846
903	854
903	867
903	890
903	893
904	552
904	576
904	602
904	658
904	717
904	719
904	750
904	777
904	782
904	840
904	951
904	956
905	683
905	833
905	856
905	901
905	908
905	916
905	943
905	947
905	963
905	966
905	973
905	984
906	569
906	601
906	644
906	792
906	815
906	818
906	828
906	848
906	859
906	888
906	917
906	954
907	627
907	722
907	786
907	804
907	823
907	858
907	862
907	871
907	886
907	909
907	924
907	952
907	953
908	683
908	778
908	833
908	856
908	901
908	905
908	916
908	947
908	963
908	966
908	973
908	984
909	722
909	732
909	786
909	823
909	858
909	862
909	871
909	886
909	907
909	924
909	953
910	737
910	753
910	805
910	847
910	870
910	878
910	879
910	895
910	936
910	967
910	979
910	987
910	997
911	548
911	628
911	723
911	935
911	941
911	954
911	969
911	986
912	596
912	645
912	690
912	701
912	714
912	733
912	762
912	765
912	785
912	802
912	839
912	874
912	982
913	761
913	774
913	781
913	799
913	881
913	882
913	925
913	962
913	983
913	988
913	990
914	589
914	639
914	791
914	811
914	838
914	842
914	849
914	857
914	920
914	938
915	160
915	737
915	738
915	783
915	797
915	803
915	804
915	820
915	897
915	921
915	944
915	950
915	995
915	998
916	695
916	716
916	727
916	833
916	847
916	856
916	901
916	905
916	908
916	947
916	963
916	966
916	973
916	984
917	374
917	512
917	569
917	601
917	644
917	792
917	815
917	818
917	828
917	848
917	859
917	879
917	888
917	906
918	725
918	843
918	863
918	934
918	942
918	955
918	970
918	975
918	977
918	981
918	996
919	583
919	607
919	672
919	697
919	706
919	724
919	734
919	825
919	829
919	889
919	891
919	894
919	928
920	16
920	155
920	404
920	456
920	589
920	639
920	811
920	838
920	842
920	849
920	857
920	914
920	938
921	737
921	738
921	783
921	797
921	803
921	804
921	820
921	897
921	915
921	944
921	949
921	950
921	955
921	995
921	998
922	380
922	600
922	642
922	696
922	735
922	829
922	875
922	929
922	943
922	964
922	972
922	1000
923	517
923	578
923	684
923	743
923	772
923	822
923	830
923	851
923	869
923	940
923	960
923	961
923	965
923	981
924	627
924	722
924	786
924	813
924	823
924	858
924	862
924	871
924	886
924	907
924	909
924	953
925	520
925	708
925	754
925	761
925	774
925	781
925	881
925	882
925	913
925	962
925	983
925	988
925	990
926	219
926	391
926	495
926	511
926	604
926	620
926	653
926	704
926	746
926	751
926	799
926	817
926	892
926	930
926	933
927	437
927	625
927	638
927	648
927	666
927	667
927	767
927	795
927	813
927	836
927	852
927	877
927	952
928	583
928	607
928	672
928	697
928	724
928	734
928	825
928	829
928	889
928	891
928	892
928	894
928	919
929	600
929	642
929	696
929	712
929	722
929	735
929	875
929	922
929	943
929	964
929	972
929	1000
930	495
930	511
930	604
930	620
930	653
930	704
930	746
930	751
930	799
930	817
930	892
930	926
930	933
930	977
931	575
931	599
931	646
931	648
931	679
931	685
931	707
931	711
931	806
931	808
931	841
931	902
932	29
932	403
932	419
932	421
932	661
932	755
932	768
932	794
932	845
932	899
932	948
933	495
933	511
933	604
933	620
933	653
933	657
933	704
933	746
933	751
933	799
933	817
933	892
933	926
933	930
934	188
934	843
934	863
934	918
934	942
934	955
934	970
934	975
934	977
934	981
934	996
935	628
935	645
935	723
935	911
935	939
935	941
935	954
935	959
935	969
935	986
936	753
936	771
936	805
936	847
936	870
936	878
936	879
936	895
936	910
936	962
936	967
936	979
936	987
936	997
937	387
937	437
937	625
937	638
937	648
937	666
937	667
937	767
937	795
937	813
937	836
937	852
937	877
937	952
938	364
938	404
938	443
938	456
938	589
938	639
938	811
938	838
938	842
938	849
938	857
938	914
938	920
939	409
939	499
939	628
939	645
939	687
939	723
939	935
939	941
939	954
939	969
939	986
940	162
940	578
940	590
940	732
940	743
940	744
940	822
940	830
940	834
940	851
940	869
940	923
940	960
940	961
940	965
941	409
941	499
941	628
941	645
941	723
941	911
941	935
941	939
941	954
941	969
941	971
941	986
942	718
942	801
942	837
942	843
942	863
942	918
942	934
942	955
942	960
942	970
942	975
942	977
942	981
942	996
943	482
943	600
943	642
943	696
943	712
943	735
943	875
943	905
943	922
943	929
943	964
943	972
943	1000
944	502
944	737
944	738
944	783
944	797
944	804
944	897
944	915
944	921
944	949
944	950
944	994
944	995
944	998
945	764
945	796
945	809
945	827
945	835
945	865
945	872
945	884
945	957
945	968
945	989
945	993
946	109
946	139
946	205
946	444
946	532
946	614
946	651
946	698
946	729
946	812
946	816
946	821
946	853
946	861
947	695
947	716
947	727
947	773
947	833
947	856
947	901
947	905
947	908
947	916
947	963
947	966
947	973
947	984
948	218
948	403
948	419
948	421
948	661
948	755
948	761
948	768
948	794
948	845
948	899
948	932
949	361
949	737
949	738
949	783
949	797
949	803
949	804
949	820
949	897
949	921
949	944
949	950
949	995
949	998
950	738
950	783
950	797
950	803
950	804
950	820
950	833
950	897
950	915
950	921
950	944
950	949
950	995
950	998
951	233
951	552
951	563
951	576
951	602
951	658
951	717
951	719
951	750
951	777
951	782
951	822
951	860
951	904
951	956
952	437
952	481
952	625
952	638
952	648
952	666
952	667
952	767
952	795
952	813
952	836
952	852
952	877
952	907
952	927
952	937
953	373
953	582
953	586
953	627
953	722
953	786
953	823
953	858
953	862
953	871
953	874
953	886
953	907
953	909
953	924
954	409
954	628
954	645
954	698
954	723
954	906
954	911
954	935
954	939
954	941
954	969
954	986
955	837
955	843
955	863
955	918
955	921
955	934
955	942
955	970
955	975
955	977
955	981
955	996
956	233
956	552
956	563
956	576
956	602
956	605
956	658
956	717
956	719
956	750
956	777
956	782
956	860
956	904
956	951
957	397
957	499
957	538
957	559
957	611
957	764
957	809
957	835
957	865
957	872
957	884
957	945
957	968
957	989
957	993
958	399
958	519
958	598
958	650
958	673
958	801
958	896
958	900
958	971
958	974
958	992
959	285
959	462
959	581
959	592
959	635
959	747
959	779
959	788
959	790
959	812
959	873
959	876
959	883
959	935
960	517
960	578
960	590
960	684
960	732
960	743
960	830
960	834
960	851
960	869
960	923
960	940
960	942
960	961
960	965
961	279
961	517
961	578
961	590
961	597
961	684
961	732
961	743
961	822
961	830
961	834
961	869
961	923
961	940
961	960
961	965
962	524
962	655
962	708
962	754
962	761
962	774
962	781
962	881
962	882
962	913
962	925
962	936
962	983
962	988
962	990
963	683
963	695
963	716
963	727
963	800
963	833
963	856
963	901
963	905
963	908
963	916
963	947
963	966
963	973
963	984
964	380
964	478
964	482
964	600
964	642
964	696
964	712
964	735
964	756
964	875
964	922
964	929
964	943
964	972
964	1000
965	331
965	517
965	578
965	590
965	684
965	712
965	732
965	743
965	822
965	830
965	834
965	851
965	869
965	923
965	940
965	960
965	961
966	554
966	683
966	695
966	716
966	727
966	833
966	856
966	884
966	901
966	905
966	908
966	916
966	947
966	963
966	973
966	984
967	369
967	484
967	710
967	753
967	771
967	805
967	847
967	870
967	878
967	879
967	895
967	910
967	936
967	979
967	987
967	997
968	365
968	437
968	503
968	538
968	559
968	611
968	764
968	796
968	809
968	835
968	865
968	872
968	884
968	945
968	957
968	989
968	993
969	2
969	223
969	261
969	405
969	409
969	499
969	547
969	645
969	723
969	911
969	935
969	939
969	941
969	954
969	986
970	718
970	837
970	843
970	863
970	899
970	918
970	934
970	942
970	955
970	975
970	977
970	981
970	996
971	367
971	448
971	528
971	598
971	650
971	673
971	801
971	896
971	900
971	941
971	958
971	974
971	992
972	377
972	380
972	394
972	478
972	482
972	600
972	642
972	696
972	712
972	735
972	875
972	922
972	929
972	943
972	964
972	1000
973	683
973	695
973	716
973	727
973	832
973	833
973	856
973	901
973	905
973	908
973	916
973	947
973	963
973	966
973	984
974	367
974	416
974	446
974	448
974	519
974	528
974	598
974	650
974	673
974	784
974	801
974	900
974	958
974	971
974	992
975	549
975	557
975	622
975	718
975	837
975	843
975	863
975	918
975	934
975	942
975	955
975	970
975	977
975	981
975	996
976	140
976	198
976	492
976	555
976	630
976	720
976	757
976	759
976	824
976	827
976	885
976	887
976	898
976	978
976	985
977	622
977	718
977	837
977	843
977	863
977	918
977	930
977	934
977	942
977	955
977	970
977	975
977	981
977	996
978	555
978	630
978	692
978	694
978	720
978	757
978	759
978	824
978	827
978	885
978	887
978	898
978	976
978	985
979	484
979	753
979	771
979	805
979	847
979	870
979	878
979	879
979	895
979	910
979	936
979	967
979	985
979	987
979	997
980	383
980	540
980	694
980	709
980	739
980	742
980	756
980	784
980	819
980	864
980	880
980	895
980	991
980	994
980	999
981	622
981	718
981	821
981	837
981	843
981	863
981	918
981	923
981	934
981	942
981	955
981	970
981	975
981	977
981	996
982	551
982	596
982	626
982	690
982	714
982	725
982	733
982	762
982	765
982	785
982	802
982	839
982	845
982	874
982	912
983	365
983	397
983	524
983	655
983	708
983	754
983	761
983	774
983	781
983	807
983	881
983	882
983	913
983	925
983	962
983	988
983	990
984	331
984	554
984	594
984	683
984	695
984	716
984	727
984	784
984	833
984	856
984	901
984	905
984	908
984	916
984	947
984	963
984	966
984	973
985	427
985	464
985	492
985	555
985	630
985	720
985	757
985	759
985	824
985	827
985	885
985	887
985	898
985	976
985	978
985	979
986	141
986	223
986	261
986	268
986	348
986	405
986	409
986	499
986	628
986	645
986	723
986	898
986	911
986	935
986	939
986	941
986	954
986	969
987	439
987	484
987	505
987	753
987	771
987	805
987	847
987	870
987	878
987	879
987	895
987	910
987	936
987	967
987	979
987	997
988	365
988	397
988	524
988	568
988	635
988	655
988	708
988	754
988	761
988	774
988	781
988	881
988	882
988	913
988	925
988	962
988	983
988	990
989	503
989	538
989	611
989	764
989	777
989	796
989	809
989	835
989	865
989	872
989	884
989	945
989	957
989	968
989	993
990	207
990	365
990	395
990	397
990	524
990	655
990	708
990	754
990	761
990	774
990	781
990	881
990	882
990	913
990	925
990	962
990	983
990	988
991	383
991	410
991	540
991	709
991	739
991	742
991	756
991	784
991	819
991	864
991	868
991	871
991	880
991	980
991	994
991	999
992	367
992	416
992	448
992	512
992	519
992	528
992	598
992	650
992	673
992	714
992	801
992	896
992	900
992	958
992	971
992	974
993	430
993	503
993	538
993	559
993	603
993	611
993	764
993	796
993	809
993	835
993	865
993	872
993	884
993	945
993	957
993	968
993	989
994	383
994	694
994	709
994	739
994	742
994	756
994	784
994	819
994	864
994	868
994	880
994	944
994	980
994	991
994	999
995	498
995	502
995	510
995	718
995	737
995	738
995	783
995	785
995	797
995	803
995	804
995	820
995	897
995	915
995	921
995	944
995	949
995	950
995	998
996	504
996	534
996	550
996	622
996	718
996	837
996	843
996	863
996	918
996	934
996	942
996	955
996	970
996	975
996	977
996	981
997	431
997	484
997	652
997	753
997	771
997	805
997	847
997	870
997	878
997	879
997	895
997	910
997	936
997	967
997	979
997	987
998	498
998	502
998	510
998	619
998	737
998	738
998	783
998	797
998	803
998	804
998	820
998	859
998	897
998	915
998	921
998	944
998	949
998	950
998	995
999	540
999	694
999	709
999	739
999	742
999	756
999	784
999	819
999	864
999	868
999	880
999	883
999	980
999	991
999	994
1000	380
1000	478
1000	482
1000	600
1000	642
1000	696
1000	712
1000	735
1000	811
1000	875
1000	922
1000	929
1000	943
1000	964
1000	972
