14	718
21	645
25	785
26	738
30	780
37	859
43	737
45	726
46	983
55	729
62	783
65	711
68	750
74	679
77	594
79	594
79	877
82	722
82	730
85	910
95	713
101	594
101	739
102	989
103	594
104	652
107	792
110	841
113	645
122	750
124	935
125	818
126	937
129	816
131	710
132	784
132	812
132	816
137	910
138	975
143	981
150	663
160	908
162	594
165	659
170	963
170	999
175	708
176	680
196	946
197	814
199	809
200	857
201	683
201	950
205	660
209	801
209	820
211	650
211	910
212	690
220	910
226	921
230	716
231	343
232	834
232	835
232	872
233	874
233	943
240	791
241	718
241	720
241	724
242	813
242	839
243	270
245	261
245	359
245	870
247	389
248	586
249	845
250	914
250	918
253	749
253	771
253	781
253	810
256	292
256	349
256	392
257	801
257	820
258	745
259	874
259	943
260	665
260	679
260	685
260	700
261	245
261	359
261	926
266	798
268	894
268	981
269	389
270	243
273	345
273	358
273	496
278	932
278	990
280	932
280	990
282	847
285	873
292	256
292	349
292	392
292	985
293	994
294	829
295	801
295	820
297	951
297	953
297	968
299	756
301	434
301	467
301	492
302	903
305	920
306	735
306	978
306	987
308	813
308	839
312	950
314	718
314	720
314	724
315	843
316	795
320	655
321	759
330	816
335	952
335	980
337	787
337	803
337	883
337	893
338	591
338	686
339	389
342	912
342	932
342	990
343	231
343	411
343	439
343	493
343	517
343	754
344	764
345	273
345	496
347	784
347	816
348	810
349	256
349	292
349	392
352	780
354	429
354	521
354	902
357	831
358	273
358	496
358	853
359	245
359	261
359	653
363	927
365	952
365	980
366	780
366	891
367	906
367	950
369	816
370	591
371	780
375	799
375	800
375	900
378	912
378	990
379	919
380	841
385	645
389	247
389	269
389	339
389	401
392	256
392	292
392	349
394	930
396	875
397	698
397	750
398	550
398	568
398	606
398	611
400	404
400	444
400	509
400	522
401	389
403	416
403	501
404	400
406	801
406	820
407	425
407	437
407	458
407	625
407	852
408	566
408	592
408	669
409	801
409	820
411	343
412	646
412	741
412	790
413	801
413	820
414	666
414	736
414	777
414	835
414	872
416	403
416	501
416	815
417	886
417	909
417	933
417	991
419	448
419	566
419	592
420	800
420	851
420	900
421	836
421	887
421	906
421	922
421	936
421	981
422	874
422	943
423	518
423	591
424	736
424	777
424	835
424	872
425	407
425	437
425	458
425	625
425	667
427	741
427	790
428	800
428	851
428	900
429	354
429	521
430	599
431	548
431	594
431	633
432	803
432	825
432	883
432	893
434	301
434	467
434	492
435	841
435	949
436	721
436	728
436	782
436	784
436	816
437	407
437	425
437	458
437	625
438	736
438	777
438	835
438	872
438	895
439	343
440	599
440	770
441	813
441	839
443	835
443	872
444	400
445	719
445	795
445	845
445	878
445	895
445	927
446	698
446	750
447	725
447	935
448	419
448	566
448	592
448	757
449	800
449	900
450	545
450	586
450	642
450	848
451	698
451	750
452	740
452	763
452	841
452	951
453	685
453	866
453	870
453	907
454	679
454	685
454	700
455	599
456	959
456	972
458	407
458	425
458	437
458	625
458	731
459	769
459	800
459	851
459	900
460	973
460	974
460	977
461	599
461	664
462	599
463	599
464	745
465	801
465	820
466	963
466	967
466	984
466	999
467	301
467	434
467	492
467	851
468	706
468	757
469	638
470	491
470	567
470	577
470	578
470	613
470	776
471	550
471	568
471	606
471	611
472	486
473	527
473	645
473	798
474	725
474	822
474	935
475	662
475	722
475	730
475	882
477	662
477	722
477	730
477	996
478	537
478	560
478	579
478	616
478	638
478	867
479	527
479	645
479	992
482	888
483	912
483	932
483	990
485	596
485	660
485	757
486	472
486	805
488	527
488	645
489	662
489	668
489	722
489	730
490	884
490	954
490	997
491	470
491	567
491	577
491	578
491	613
492	301
492	434
492	467
492	715
493	343
494	644
494	668
494	703
494	887
495	741
495	790
496	273
496	345
496	358
497	798
499	681
499	914
499	918
500	969
501	403
501	416
501	866
502	773
502	786
502	846
502	865
502	978
502	987
503	846
504	741
504	790
505	643
505	666
505	684
505	704
505	745
506	643
506	666
506	684
506	745
506	793
507	662
507	722
507	730
508	813
508	839
508	955
509	400
510	660
510	706
510	757
511	803
511	825
511	829
511	883
511	893
512	877
512	899
512	903
514	662
514	722
514	730
514	962
515	679
515	685
515	700
516	961
516	964
517	343
518	423
518	591
518	966
521	354
521	429
521	749
522	400
523	698
523	750
523	823
524	736
524	777
524	835
524	872
525	741
525	790
526	798
527	473
527	479
527	488
527	601
527	610
527	645
528	773
528	786
528	978
528	987
529	623
529	644
529	668
529	703
530	581
530	650
530	701
530	708
530	780
530	968
531	603
531	643
531	666
531	684
531	745
532	704
532	711
532	741
532	790
532	800
533	704
533	711
533	741
533	790
534	725
534	822
534	935
535	639
535	661
535	810
536	757
537	478
537	560
537	579
537	616
537	638
538	864
538	912
538	932
538	990
539	545
539	582
539	583
539	586
539	642
540	884
540	954
540	997
541	772
541	787
541	837
541	850
541	852
541	853
542	596
542	660
542	706
542	757
542	876
543	627
543	654
543	707
543	716
543	768
544	736
544	777
544	835
544	872
545	450
545	539
545	582
545	583
545	642
546	721
546	782
546	784
546	816
546	998
547	914
547	918
548	431
548	594
548	633
549	904
549	952
549	980
550	398
550	471
550	568
550	606
550	611
551	830
551	922
551	926
551	951
551	968
552	905
552	960
552	979
553	803
553	825
553	829
553	883
553	893
554	808
554	826
554	863
554	874
554	943
555	797
555	830
555	856
555	926
555	953
555	968
556	743
556	800
556	851
556	900
557	623
557	644
557	668
557	703
558	721
558	782
558	784
558	816
559	687
559	693
559	718
559	720
559	724
560	478
560	537
560	579
560	616
560	638
560	821
561	705
561	740
561	763
561	841
562	905
562	960
562	979
563	718
563	720
563	724
564	873
564	878
564	895
564	927
565	682
565	905
565	960
565	979
566	408
566	419
566	448
566	592
567	470
567	491
567	577
567	578
567	613
567	644
568	398
568	471
568	550
568	606
568	611
569	807
569	833
569	877
569	899
569	903
570	678
570	788
570	937
570	941
570	950
571	735
571	773
571	786
571	846
571	978
571	987
572	808
572	826
572	863
572	874
572	943
573	705
573	740
573	763
573	808
573	841
574	640
574	683
574	752
574	813
574	839
575	589
575	614
575	618
576	739
576	821
576	937
576	941
576	950
577	470
577	491
577	567
577	578
577	613
577	943
578	470
578	491
578	567
578	577
578	613
579	478
579	537
579	560
579	616
579	638
580	735
580	773
580	786
580	846
580	978
580	987
581	530
581	650
581	701
581	708
581	780
581	868
582	539
582	545
582	583
582	586
582	642
582	863
583	539
583	545
583	582
583	586
583	642
583	706
584	762
584	803
584	825
584	829
584	883
584	893
585	725
585	806
585	822
585	935
586	248
586	450
586	539
586	582
586	583
586	642
586	794
587	957
587	995
588	912
588	932
588	990
589	575
589	614
589	618
589	689
590	884
590	954
590	997
591	338
591	370
591	423
591	518
592	408
592	419
592	448
592	566
593	743
593	851
593	900
594	77
594	79
594	101
594	103
594	162
594	431
594	548
594	633
595	651
595	682
595	698
595	750
596	485
596	542
596	660
596	706
596	757
597	627
597	654
597	707
597	716
597	768
597	995
598	621
598	678
598	833
598	849
598	877
598	899
598	903
599	430
599	440
599	455
599	461
599	462
599	463
600	705
600	740
600	763
600	841
601	527
601	610
601	645
603	531
603	643
603	666
603	745
604	844
604	892
604	925
604	993
605	881
605	888
605	892
605	924
605	925
605	993
606	398
606	471
606	550
606	568
606	611
606	649
607	949
607	969
607	971
607	988
607	989
608	897
608	959
608	972
609	928
609	948
609	965
609	978
609	982
610	527
610	601
610	645
611	398
611	471
611	550
611	568
611	606
612	732
612	864
612	912
612	932
612	990
613	470
613	491
613	567
613	577
613	578
614	575
614	589
614	618
615	884
615	954
615	997
616	478
616	537
616	560
616	579
616	638
616	701
617	845
617	873
617	878
617	895
617	927
617	982
618	575
618	589
618	614
619	973
619	974
619	977
619	985
620	716
620	768
620	924
621	598
621	807
621	833
621	877
621	899
622	788
622	821
622	937
622	941
622	950
623	529
623	557
623	644
623	668
623	703
623	913
624	686
624	690
624	715
624	798
625	407
625	425
625	437
625	458
625	802
626	679
626	685
626	700
627	543
627	597
627	654
627	707
627	768
628	662
628	722
628	730
629	640
629	705
629	740
629	763
629	841
630	803
630	825
630	829
630	883
630	893
631	716
631	768
632	788
632	937
632	941
632	950
633	431
633	548
633	594
634	803
634	825
634	829
634	883
634	893
634	923
635	773
635	786
635	846
635	978
635	987
636	866
636	870
636	907
636	910
637	864
637	912
637	932
637	990
638	469
638	478
638	537
638	560
638	579
638	616
638	740
639	535
639	647
639	658
639	699
639	749
639	771
639	781
639	810
640	574
640	629
640	683
640	752
640	813
640	839
641	802
641	886
641	909
641	929
641	966
641	972
641	991
641	992
642	450
642	539
642	545
642	582
642	583
642	586
642	912
643	505
643	506
643	531
643	603
643	684
643	745
643	746
644	494
644	529
644	557
644	567
644	623
644	668
644	703
645	21
645	113
645	385
645	473
645	479
645	488
645	527
645	601
645	610
645	699
646	412
646	797
646	830
646	926
646	951
646	953
646	968
647	639
647	658
647	699
647	749
647	771
647	781
647	810
647	854
648	735
648	786
648	978
648	981
648	987
649	606
649	875
649	876
649	913
649	934
649	970
649	976
649	1000
650	211
650	530
650	581
650	701
650	708
650	780
651	595
651	682
651	698
651	750
651	779
652	104
652	743
652	800
652	851
652	900
653	359
653	673
653	696
653	713
653	785
653	793
653	794
654	543
654	597
654	627
654	707
654	716
654	768
655	320
655	725
655	819
655	822
655	862
655	935
656	680
656	710
656	759
656	814
656	828
656	855
656	857
657	705
657	890
657	904
657	923
657	952
657	980
658	639
658	647
658	695
658	699
658	749
658	771
658	781
658	810
659	165
659	875
659	876
659	913
659	934
659	970
659	976
659	1000
660	205
660	485
660	510
660	542
660	596
660	706
660	757
661	535
661	866
661	870
661	907
661	910
662	475
662	477
662	489
662	507
662	514
662	628
662	722
662	730
662	860
663	150
663	799
663	843
663	915
663	946
663	973
663	974
663	977
663	985
664	461
664	834
664	869
664	885
664	894
664	901
664	911
664	947
665	260
665	806
665	847
665	849
665	871
665	898
665	948
665	965
665	982
666	414
666	505
666	506
666	531
666	603
666	684
666	745
667	425
667	894
667	901
667	911
667	947
668	489
668	494
668	529
668	557
668	623
668	644
668	703
669	408
669	885
669	894
669	911
669	947
670	777
670	796
670	840
670	879
670	919
670	920
670	931
670	944
671	844
671	892
671	925
671	971
671	993
672	836
672	838
672	885
672	887
672	906
672	922
672	936
672	981
673	653
673	696
673	713
673	785
673	793
673	794
673	833
674	961
674	964
675	970
675	976
675	1000
676	884
676	891
676	916
676	921
676	942
676	954
676	997
677	745
677	891
677	916
677	921
677	942
677	954
677	997
678	570
678	598
678	807
678	833
678	877
678	899
678	903
679	74
679	260
679	454
679	515
679	626
679	685
679	700
680	176
680	656
680	702
680	710
680	814
680	828
680	855
680	857
681	499
681	938
681	955
681	961
681	962
681	986
682	565
682	595
682	651
682	698
682	750
683	201
683	574
683	640
683	752
683	813
683	839
684	505
684	506
684	531
684	643
684	666
684	745
685	260
685	453
685	454
685	515
685	626
685	679
685	700
686	338
686	624
686	689
686	690
686	691
686	715
686	798
687	559
687	718
687	720
687	724
688	752
688	813
688	839
689	589
689	686
689	690
689	691
689	715
689	798
690	212
690	624
690	686
690	689
690	691
690	715
690	798
691	686
691	689
691	690
691	715
691	798
691	918
692	709
692	751
692	834
692	869
692	885
692	894
692	901
692	947
693	559
693	796
693	840
693	879
693	919
693	920
693	931
693	944
695	658
695	739
695	821
695	937
695	941
695	950
696	653
696	673
696	713
696	736
696	785
696	793
696	794
697	792
697	882
697	905
697	908
697	940
697	960
697	979
698	397
698	446
698	451
698	523
698	595
698	651
698	682
698	750
699	639
699	645
699	647
699	658
699	749
699	771
699	781
699	810
700	260
700	454
700	515
700	626
700	679
700	685
700	775
701	530
701	581
701	616
701	650
701	708
701	780
702	680
702	710
702	759
702	814
702	828
702	855
702	857
703	494
703	529
703	557
703	623
703	644
703	668
704	505
704	532
704	533
704	711
704	741
704	790
705	561
705	573
705	600
705	629
705	657
705	740
705	763
705	841
706	468
706	510
706	542
706	583
706	596
706	660
706	757
707	543
707	597
707	627
707	654
707	716
707	727
707	768
708	175
708	530
708	581
708	650
708	701
708	780
709	692
709	886
709	909
709	933
709	966
709	991
709	992
710	131
710	656
710	680
710	702
710	759
710	814
710	828
710	855
710	857
711	65
711	532
711	533
711	704
711	741
711	790
712	866
712	870
712	907
712	910
713	95
713	653
713	673
713	696
713	785
713	793
713	794
714	866
714	870
714	907
714	910
714	941
715	492
715	624
715	686
715	689
715	690
715	691
715	798
716	230
716	543
716	597
716	620
716	631
716	654
716	707
716	768
717	817
717	822
717	867
717	938
717	955
717	961
717	962
717	964
717	986
718	14
718	241
718	314
718	559
718	563
718	687
718	720
718	724
719	445
719	755
719	795
719	845
719	873
719	878
719	895
719	927
719	987
720	241
720	314
720	559
720	563
720	687
720	718
720	724
720	778
721	436
721	546
721	558
721	782
721	784
721	816
721	898
722	82
722	475
722	477
722	489
722	507
722	514
722	628
722	662
722	730
723	796
723	797
723	830
723	926
723	951
723	953
723	968
724	241
724	314
724	559
724	563
724	687
724	718
724	720
724	830
725	447
725	474
725	534
725	585
725	655
725	726
725	756
725	819
725	822
725	862
725	988
726	45
726	725
726	756
726	819
726	822
726	862
726	935
727	707
727	792
727	882
727	908
727	940
727	960
727	979
728	436
728	761
728	831
728	949
728	969
728	971
728	988
728	989
729	55
729	761
729	764
729	770
729	804
729	831
729	949
729	971
729	988
729	989
730	82
730	475
730	477
730	489
730	507
730	514
730	628
730	662
730	722
730	734
731	458
731	751
731	834
731	869
731	885
731	894
731	901
731	911
731	947
732	612
732	864
732	912
732	932
732	947
732	990
733	766
733	880
733	897
733	958
733	959
733	972
733	983
733	998
734	730
734	772
734	787
734	837
734	850
734	852
734	853
735	306
735	571
735	580
735	648
735	773
735	819
735	846
735	978
735	987
736	414
736	424
736	438
736	524
736	544
736	696
736	777
736	835
736	872
737	43
737	930
737	963
737	967
737	984
737	994
737	999
738	26
738	760
738	774
738	801
738	820
739	101
739	576
739	695
739	788
739	821
739	937
739	941
739	950
740	452
740	561
740	573
740	600
740	629
740	638
740	705
740	763
740	841
741	412
741	427
741	495
741	504
741	525
741	532
741	533
741	704
741	711
741	790
742	837
742	861
742	875
742	876
742	913
742	917
742	934
742	970
742	976
742	1000
743	556
743	593
743	652
743	800
743	851
743	872
743	900
744	776
744	808
744	826
744	863
744	874
744	940
744	943
745	258
745	464
745	505
745	506
745	531
745	603
745	643
745	666
745	677
745	684
746	643
746	791
746	811
746	823
746	860
746	865
746	914
746	918
747	754
747	796
747	827
747	840
747	879
747	919
747	920
747	931
747	934
748	818
748	844
748	881
748	888
748	892
748	924
748	925
748	938
748	993
749	253
749	521
749	639
749	647
749	658
749	699
749	771
749	781
749	810
750	68
750	122
750	397
750	446
750	451
750	523
750	595
750	651
750	682
750	698
751	692
751	731
751	772
751	834
751	869
751	885
751	901
751	911
751	947
752	574
752	640
752	683
752	688
752	813
752	839
753	758
753	767
753	871
753	930
753	963
753	967
753	984
753	994
754	343
754	747
754	796
754	827
754	840
754	879
754	919
754	920
754	931
754	944
755	719
755	795
755	845
755	850
755	873
755	878
755	895
755	927
756	299
756	725
756	726
756	819
756	822
756	862
756	935
757	448
757	468
757	485
757	510
757	536
757	542
757	596
757	660
757	706
758	753
758	767
758	779
758	868
758	930
758	963
758	967
758	984
758	994
758	999
759	321
759	656
759	702
759	710
759	814
759	828
759	855
759	857
760	738
760	774
760	801
760	820
760	862
761	728
761	729
761	804
761	949
761	969
761	971
761	988
761	989
762	584
762	886
762	909
762	929
762	966
762	991
762	992
763	452
763	561
763	573
763	600
763	629
763	705
763	740
763	841
763	846
764	344
764	729
764	804
764	831
764	949
764	969
764	971
764	988
764	989
765	832
765	880
765	897
765	901
765	958
765	959
765	972
765	983
765	998
766	733
766	832
766	880
766	897
766	958
766	959
766	972
766	983
766	998
767	753
767	758
767	868
767	930
767	967
767	984
767	994
767	999
768	543
768	597
768	620
768	627
768	631
768	654
768	707
768	716
769	459
769	805
769	806
769	842
769	847
769	849
769	928
769	948
769	965
769	982
770	440
770	729
770	804
770	831
770	949
770	969
770	971
770	988
770	989
771	253
771	639
771	647
771	658
771	699
771	749
771	781
771	810
771	967
772	541
772	734
772	751
772	787
772	837
772	850
772	852
772	853
773	502
773	528
773	571
773	580
773	635
773	735
773	846
773	978
773	987
774	738
774	760
774	801
774	820
774	986
775	700
775	815
775	854
775	858
775	890
775	904
775	923
775	952
775	980
776	470
776	744
776	808
776	826
776	863
776	874
776	943
777	414
777	424
777	438
777	524
777	544
777	670
777	736
777	835
777	872
778	720
778	809
778	817
778	856
778	867
778	938
778	955
778	961
778	962
778	964
778	986
779	651
779	758
779	930
779	963
779	967
779	984
779	994
779	999
780	30
780	352
780	366
780	371
780	530
780	581
780	650
780	701
780	708
781	253
781	639
781	647
781	658
781	699
781	749
781	771
781	810
781	890
782	436
782	546
782	558
782	721
782	784
782	816
782	873
783	62
783	930
783	963
783	967
783	984
783	994
783	999
784	132
784	347
784	436
784	546
784	558
784	721
784	782
784	816
784	960
785	25
785	653
785	673
785	696
785	713
785	793
785	794
786	502
786	528
786	571
786	580
786	635
786	648
786	846
786	889
786	978
786	987
787	337
787	541
787	734
787	772
787	837
787	850
787	852
787	853
788	570
788	622
788	632
788	739
788	821
788	937
788	941
788	950
789	890
789	904
789	923
789	952
789	980
790	412
790	427
790	495
790	504
790	525
790	532
790	533
790	704
790	711
790	741
791	240
791	746
791	811
791	823
791	860
791	865
791	914
791	918
792	107
792	697
792	727
792	882
792	905
792	908
792	940
792	960
792	979
793	506
793	653
793	673
793	696
793	713
793	785
793	794
794	586
794	653
794	673
794	696
794	713
794	785
794	793
795	316
795	445
795	719
795	755
795	845
795	873
795	878
795	895
795	927
796	670
796	693
796	723
796	747
796	754
796	840
796	879
796	919
796	920
796	931
796	944
797	555
797	646
797	723
797	830
797	926
797	944
797	951
797	953
797	968
798	266
798	473
798	497
798	526
798	624
798	686
798	689
798	690
798	691
798	715
799	375
799	663
799	843
799	859
799	915
799	946
799	973
799	974
799	977
799	985
800	375
800	420
800	428
800	449
800	459
800	532
800	556
800	652
800	743
800	851
800	900
801	209
801	257
801	295
801	406
801	409
801	413
801	465
801	738
801	760
801	774
801	820
802	625
802	641
802	824
802	886
802	909
802	929
802	933
802	966
802	991
802	992
803	337
803	432
803	511
803	553
803	584
803	630
803	634
803	825
803	829
803	840
803	883
803	893
804	729
804	761
804	764
804	770
804	831
804	949
804	969
804	971
804	988
804	989
805	486
805	769
805	806
805	842
805	847
805	849
805	871
805	898
805	928
805	948
805	965
805	982
806	585
806	665
806	769
806	805
806	842
806	849
806	871
806	898
806	928
806	948
806	965
806	982
807	569
807	621
807	678
807	833
807	877
807	899
807	903
808	554
808	572
808	573
808	744
808	776
808	826
808	863
808	874
808	943
809	199
809	778
809	817
809	856
809	867
809	938
809	955
809	961
809	962
809	964
809	986
810	253
810	348
810	535
810	639
810	647
810	658
810	699
810	749
810	771
810	781
811	746
811	791
811	823
811	860
811	865
811	886
811	914
811	918
812	132
812	889
812	896
812	902
812	939
812	945
812	956
812	957
812	975
812	995
812	996
813	242
813	308
813	441
813	508
813	574
813	640
813	683
813	688
813	752
813	839
814	197
814	656
814	680
814	702
814	710
814	759
814	828
814	855
814	857
815	416
815	775
815	854
815	858
815	890
815	904
815	923
815	952
815	980
816	129
816	132
816	330
816	347
816	369
816	436
816	546
816	558
816	721
816	782
816	784
817	717
817	778
817	809
817	820
817	856
817	867
817	938
817	955
817	962
817	964
817	986
818	125
818	748
818	844
818	848
818	881
818	888
818	892
818	924
818	925
818	993
819	655
819	725
819	726
819	735
819	756
819	822
819	862
819	935
820	209
820	257
820	295
820	406
820	409
820	413
820	465
820	738
820	760
820	774
820	801
820	817
821	560
821	576
821	622
821	695
821	739
821	788
821	937
821	941
821	950
822	474
822	534
822	585
822	655
822	717
822	725
822	726
822	756
822	819
822	862
822	935
823	523
823	746
823	791
823	811
823	860
823	865
823	914
823	918
824	802
824	886
824	909
824	929
824	933
824	966
824	991
824	992
825	432
825	511
825	553
825	584
825	630
825	634
825	803
825	829
825	879
825	883
825	893
826	554
826	572
826	744
826	776
826	808
826	863
826	874
826	943
826	956
827	747
827	754
827	840
827	879
827	919
827	920
827	931
827	944
828	656
828	680
828	702
828	710
828	759
828	814
828	855
828	857
828	1000
829	294
829	511
829	553
829	584
829	630
829	634
829	803
829	825
829	883
829	893
830	551
830	555
830	646
830	723
830	724
830	797
830	951
830	953
830	968
831	357
831	728
831	729
831	764
831	770
831	804
831	949
831	969
831	971
831	988
831	989
832	765
832	766
832	880
832	897
832	958
832	959
832	972
832	983
832	998
833	569
833	598
833	621
833	673
833	678
833	807
833	877
833	899
833	903
834	232
834	664
834	692
834	731
834	751
834	869
834	885
834	894
834	901
834	911
834	947
835	232
835	414
835	424
835	438
835	443
835	524
835	544
835	736
835	777
835	872
836	421
836	672
836	838
836	887
836	906
836	922
836	936
836	981
837	541
837	734
837	742
837	772
837	787
837	850
837	852
837	853
838	672
838	836
838	887
838	906
838	922
838	936
838	981
839	242
839	308
839	441
839	508
839	574
839	640
839	683
839	688
839	752
839	813
839	939
840	670
840	693
840	747
840	754
840	796
840	803
840	827
840	879
840	919
840	920
840	931
840	944
841	110
841	380
841	435
841	452
841	561
841	573
841	600
841	629
841	705
841	740
841	763
842	769
842	805
842	806
842	847
842	849
842	871
842	874
842	898
842	928
842	948
842	965
842	982
843	315
843	663
843	799
843	859
843	915
843	946
843	973
843	974
843	977
843	985
844	604
844	671
844	748
844	818
844	848
844	881
844	888
844	892
844	924
844	993
845	249
845	445
845	617
845	719
845	755
845	795
845	873
845	878
845	895
845	927
846	502
846	503
846	571
846	580
846	635
846	735
846	763
846	773
846	786
846	978
846	987
847	282
847	665
847	769
847	805
847	842
847	849
847	871
847	898
847	928
847	948
847	965
847	982
848	450
848	818
848	844
848	881
848	888
848	892
848	924
848	925
848	993
849	598
849	665
849	769
849	805
849	806
849	842
849	847
849	871
849	898
849	928
849	948
849	982
850	541
850	734
850	755
850	772
850	787
850	837
850	852
850	853
851	420
851	428
851	459
851	467
851	556
851	593
851	652
851	743
851	800
851	900
852	407
852	541
852	734
852	772
852	787
852	837
852	850
852	853
853	358
853	541
853	734
853	772
853	787
853	837
853	850
853	852
854	647
854	775
854	815
854	858
854	890
854	904
854	923
854	952
854	980
855	656
855	680
855	702
855	710
855	759
855	814
855	828
855	857
855	931
856	555
856	778
856	809
856	817
856	867
856	938
856	955
856	961
856	962
856	964
856	986
857	200
857	656
857	680
857	702
857	710
857	759
857	814
857	828
857	855
858	775
858	815
858	854
858	890
858	904
858	923
858	952
858	958
858	980
859	37
859	799
859	843
859	915
859	946
859	973
859	974
859	977
859	985
860	662
860	746
860	791
860	811
860	823
860	865
860	914
860	918
861	742
861	864
861	875
861	876
861	913
861	917
861	934
861	970
861	976
861	1000
862	655
862	725
862	726
862	756
862	760
862	819
862	822
862	935
863	554
863	572
863	582
863	744
863	776
863	808
863	826
863	874
863	943
864	538
864	612
864	637
864	732
864	861
864	912
864	932
864	990
865	502
865	746
865	791
865	811
865	823
865	860
865	914
865	918
866	453
866	501
866	636
866	661
866	712
866	714
866	870
866	907
866	910
867	478
867	717
867	778
867	809
867	817
867	856
867	955
867	961
867	962
867	964
867	986
868	581
868	758
868	767
868	930
868	963
868	967
868	984
868	994
868	999
869	664
869	692
869	731
869	751
869	834
869	885
869	894
869	901
869	911
869	915
869	947
870	245
870	453
870	636
870	661
870	712
870	714
870	866
870	907
870	910
871	665
871	753
871	805
871	806
871	842
871	847
871	849
871	898
871	928
871	948
871	965
871	982
872	232
872	414
872	424
872	438
872	443
872	524
872	544
872	736
872	743
872	777
872	835
873	285
873	564
873	617
873	719
873	755
873	782
873	795
873	845
873	878
873	895
873	927
874	233
874	259
874	422
874	554
874	572
874	744
874	776
874	808
874	826
874	842
874	863
874	943
875	396
875	649
875	659
875	742
875	861
875	876
875	913
875	917
875	934
875	970
875	976
875	1000
876	542
876	649
876	659
876	742
876	861
876	875
876	913
876	917
876	934
876	970
876	976
876	1000
877	79
877	512
877	569
877	598
877	621
877	678
877	807
877	833
877	899
877	903
878	445
878	564
878	617
878	719
878	755
878	795
878	845
878	873
878	895
878	927
879	670
879	693
879	747
879	754
879	796
879	825
879	827
879	840
879	919
879	920
879	931
879	944
880	733
880	765
880	766
880	832
880	897
880	958
880	959
880	972
880	983
880	998
881	605
881	748
881	818
881	844
881	848
881	888
881	892
881	917
881	924
881	925
881	993
882	475
882	697
882	727
882	792
882	905
882	908
882	940
882	960
882	979
883	337
883	432
883	511
883	553
883	584
883	630
883	634
883	803
883	825
883	829
883	893
884	490
884	540
884	590
884	615
884	676
884	891
884	916
884	921
884	942
884	954
884	997
885	664
885	669
885	672
885	692
885	731
885	751
885	834
885	869
885	894
885	901
885	911
885	947
886	417
886	641
886	709
886	762
886	802
886	811
886	824
886	929
886	933
886	966
886	991
886	992
887	421
887	494
887	672
887	836
887	838
887	906
887	922
887	936
887	981
888	482
888	605
888	748
888	818
888	844
888	848
888	881
888	892
888	924
888	925
888	993
889	786
889	812
889	896
889	902
889	939
889	945
889	956
889	957
889	975
889	995
889	996
890	657
890	775
890	781
890	789
890	815
890	854
890	858
890	904
890	923
890	952
890	980
891	366
891	676
891	677
891	884
891	916
891	921
891	942
891	954
891	997
892	604
892	605
892	671
892	748
892	818
892	844
892	848
892	881
892	888
892	924
892	925
892	993
893	337
893	432
893	511
893	553
893	584
893	630
893	634
893	803
893	825
893	829
893	883
894	268
894	664
894	667
894	669
894	692
894	731
894	834
894	869
894	885
894	901
894	911
894	947
895	438
895	445
895	564
895	617
895	719
895	755
895	795
895	845
895	873
895	878
895	927
896	812
896	889
896	902
896	939
896	945
896	956
896	957
896	975
896	995
896	996
897	608
897	733
897	765
897	766
897	832
897	880
897	958
897	959
897	972
897	983
897	998
898	665
898	721
898	805
898	806
898	842
898	847
898	849
898	871
898	928
898	948
898	965
898	982
899	512
899	569
899	598
899	621
899	678
899	807
899	833
899	877
899	903
899	953
900	375
900	420
900	428
900	449
900	459
900	556
900	593
900	652
900	743
900	800
900	851
900	929
901	664
901	667
901	692
901	731
901	751
901	765
901	834
901	869
901	885
901	894
901	911
901	947
902	354
902	812
902	889
902	896
902	939
902	945
902	956
902	957
902	975
902	995
902	996
903	302
903	512
903	569
903	598
903	678
903	807
903	833
903	877
903	899
904	549
904	657
904	775
904	789
904	815
904	854
904	858
904	890
904	923
904	942
904	952
904	980
905	552
905	562
905	565
905	697
905	792
905	882
905	908
905	940
905	960
905	979
905	997
906	367
906	421
906	672
906	836
906	838
906	887
906	922
906	936
906	981
907	453
907	636
907	661
907	712
907	714
907	866
907	870
907	910
907	948
908	160
908	697
908	727
908	792
908	882
908	905
908	940
908	960
908	979
909	417
909	641
909	709
909	762
909	802
909	824
909	929
909	933
909	966
909	991
909	992
910	85
910	137
910	211
910	220
910	636
910	661
910	712
910	714
910	866
910	870
910	907
911	664
911	667
911	669
911	731
911	751
911	834
911	869
911	885
911	894
911	901
911	947
911	959
912	342
912	378
912	483
912	538
912	588
912	612
912	637
912	642
912	732
912	864
912	932
912	990
913	623
913	649
913	659
913	742
913	861
913	875
913	876
913	917
913	934
913	970
913	976
913	1000
914	250
914	499
914	547
914	746
914	791
914	811
914	823
914	860
914	865
914	918
915	663
915	799
915	843
915	859
915	869
915	946
915	973
915	974
915	977
915	985
916	676
916	677
916	884
916	891
916	921
916	942
916	954
916	970
916	997
917	742
917	861
917	875
917	876
917	881
917	913
917	934
917	970
917	976
917	1000
918	250
918	499
918	547
918	691
918	746
918	791
918	811
918	823
918	860
918	865
918	914
919	379
919	670
919	693
919	747
919	754
919	796
919	827
919	840
919	879
919	920
919	931
919	944
920	305
920	670
920	693
920	747
920	754
920	796
920	827
920	840
920	879
920	919
920	931
920	944
921	226
921	676
921	677
921	884
921	891
921	916
921	942
921	954
921	997
922	421
922	551
922	672
922	836
922	838
922	887
922	906
922	936
922	981
923	634
923	657
923	775
923	789
923	815
923	854
923	858
923	890
923	904
923	952
923	980
924	605
924	620
924	748
924	818
924	844
924	848
924	881
924	888
924	892
924	925
924	993
925	604
925	605
925	671
925	748
925	818
925	848
925	881
925	888
925	892
925	924
925	993
926	261
926	551
926	555
926	646
926	723
926	797
926	951
926	953
926	968
927	363
927	445
927	564
927	617
927	719
927	755
927	795
927	845
927	873
927	878
927	895
928	609
928	769
928	805
928	806
928	842
928	847
928	849
928	871
928	898
928	948
928	965
928	982
929	641
929	762
929	802
929	824
929	886
929	900
929	909
929	933
929	966
929	991
929	992
930	394
930	737
930	753
930	758
930	767
930	779
930	783
930	868
930	963
930	967
930	984
930	994
930	999
931	670
931	693
931	747
931	754
931	796
931	827
931	840
931	855
931	879
931	919
931	920
931	944
932	278
932	280
932	342
932	483
932	538
932	588
932	612
932	637
932	732
932	864
932	912
932	990
933	417
933	709
933	802
933	824
933	886
933	909
933	929
933	966
933	991
933	992
934	649
934	659
934	742
934	747
934	861
934	875
934	876
934	913
934	917
934	970
934	976
934	1000
935	124
935	447
935	474
935	534
935	585
935	655
935	726
935	756
935	819
935	822
935	862
936	421
936	672
936	836
936	838
936	887
936	906
936	922
936	981
937	126
937	570
937	576
937	622
937	632
937	695
937	739
937	788
937	821
937	941
937	950
938	681
938	717
938	748
938	778
938	809
938	817
938	856
938	955
938	961
938	962
938	964
938	986
939	812
939	839
939	889
939	896
939	902
939	945
939	956
939	957
939	975
939	995
939	996
940	697
940	727
940	744
940	792
940	882
940	905
940	908
940	960
940	979
941	570
941	576
941	622
941	632
941	695
941	714
941	739
941	788
941	821
941	937
941	950
942	676
942	677
942	884
942	891
942	904
942	916
942	921
942	954
942	997
943	233
943	259
943	422
943	554
943	572
943	577
943	744
943	776
943	808
943	826
943	863
943	874
944	670
944	693
944	754
944	796
944	797
944	827
944	840
944	879
944	919
944	920
944	931
945	812
945	889
945	896
945	902
945	939
945	956
945	957
945	975
945	995
945	996
946	196
946	663
946	799
946	843
946	859
946	915
946	973
946	974
946	977
946	985
947	664
947	667
947	669
947	692
947	731
947	732
947	751
947	834
947	869
947	885
947	894
947	901
947	911
948	609
948	665
948	769
948	805
948	806
948	842
948	847
948	849
948	871
948	898
948	907
948	928
948	965
948	982
949	435
949	607
949	728
949	729
949	761
949	764
949	770
949	804
949	831
949	969
949	971
949	988
949	989
950	201
950	312
950	367
950	570
950	576
950	622
950	632
950	695
950	739
950	788
950	821
950	937
950	941
950	984
951	297
951	452
951	551
951	646
951	723
951	797
951	830
951	926
951	953
951	968
952	335
952	365
952	549
952	657
952	775
952	789
952	815
952	854
952	858
952	890
952	904
952	923
952	980
953	297
953	555
953	646
953	723
953	797
953	830
953	899
953	926
953	951
953	968
954	490
954	540
954	590
954	615
954	676
954	677
954	884
954	891
954	916
954	921
954	942
954	997
955	508
955	681
955	717
955	778
955	809
955	817
955	856
955	867
955	938
955	961
955	962
955	964
955	986
956	812
956	826
956	889
956	896
956	902
956	939
956	945
956	957
956	975
956	995
956	996
957	587
957	812
957	889
957	896
957	902
957	939
957	945
957	956
957	975
957	995
957	996
958	733
958	765
958	766
958	832
958	858
958	880
958	897
958	959
958	972
958	983
958	998
959	456
959	608
959	733
959	765
959	766
959	832
959	880
959	897
959	911
959	958
959	972
959	983
959	998
960	552
960	562
960	565
960	697
960	727
960	784
960	792
960	882
960	905
960	908
960	940
960	979
961	516
961	674
961	681
961	717
961	778
961	809
961	856
961	867
961	938
961	955
961	962
961	964
961	986
962	514
962	681
962	717
962	778
962	809
962	817
962	856
962	867
962	938
962	955
962	961
962	964
962	986
963	170
963	466
963	737
963	753
963	758
963	779
963	783
963	868
963	930
963	967
963	984
963	994
963	999
964	516
964	674
964	717
964	778
964	809
964	817
964	856
964	867
964	938
964	955
964	961
964	962
964	986
965	609
965	665
965	769
965	805
965	806
965	842
965	847
965	871
965	898
965	928
965	948
965	982
966	518
966	641
966	709
966	762
966	802
966	824
966	886
966	909
966	929
966	933
966	991
966	992
967	466
967	737
967	753
967	758
967	767
967	771
967	779
967	783
967	868
967	930
967	963
967	984
967	994
967	999
968	297
968	530
968	551
968	555
968	646
968	723
968	797
968	830
968	926
968	951
968	953
969	500
969	607
969	728
969	761
969	764
969	770
969	804
969	831
969	949
969	971
969	988
969	989
970	649
970	659
970	675
970	742
970	861
970	875
970	876
970	913
970	916
970	917
970	934
970	976
970	1000
971	607
971	671
971	728
971	729
971	761
971	764
971	770
971	804
971	831
971	949
971	969
971	988
971	989
972	456
972	608
972	641
972	733
972	765
972	766
972	832
972	880
972	897
972	958
972	959
972	983
972	998
973	460
973	619
973	663
973	799
973	843
973	859
973	915
973	946
973	974
973	977
973	985
974	460
974	619
974	663
974	799
974	843
974	859
974	915
974	946
974	973
974	977
974	985
975	138
975	812
975	889
975	896
975	902
975	939
975	945
975	956
975	957
975	995
975	996
976	649
976	659
976	675
976	742
976	861
976	875
976	876
976	913
976	917
976	934
976	970
976	1000
977	460
977	619
977	663
977	799
977	843
977	859
977	915
977	946
977	973
977	974
977	985
978	306
978	502
978	528
978	571
978	580
978	609
978	635
978	648
978	735
978	773
978	786
978	846
978	987
979	552
979	562
979	565
979	697
979	727
979	792
979	882
979	905
979	908
979	940
979	960
980	335
980	365
980	549
980	657
980	775
980	789
980	815
980	854
980	858
980	890
980	904
980	923
980	952
981	143
981	268
981	421
981	648
981	672
981	836
981	838
981	887
981	906
981	922
981	936
982	609
982	617
982	665
982	769
982	805
982	806
982	842
982	847
982	849
982	871
982	898
982	928
982	948
982	965
983	46
983	733
983	765
983	766
983	832
983	880
983	897
983	958
983	959
983	972
983	998
984	466
984	737
984	753
984	758
984	767
984	779
984	783
984	868
984	930
984	950
984	963
984	967
984	994
984	999
985	292
985	619
985	663
985	799
985	843
985	859
985	915
985	946
985	973
985	974
985	977
986	681
986	717
986	774
986	778
986	809
986	817
986	856
986	867
986	938
986	955
986	961
986	962
986	964
987	306
987	502
987	528
987	571
987	580
987	635
987	648
987	719
987	735
987	773
987	786
987	846
987	978
988	607
988	725
988	728
988	729
988	761
988	764
988	770
988	804
988	831
988	949
988	969
988	971
988	989
989	102
989	607
989	728
989	729
989	761
989	764
989	770
989	804
989	831
989	949
989	969
989	971
989	988
990	278
990	280
990	342
990	378
990	483
990	538
990	588
990	612
990	637
990	732
990	864
990	912
990	932
991	417
991	641
991	709
991	762
991	802
991	824
991	886
991	909
991	929
991	933
991	966
991	992
992	479
992	641
992	709
992	762
992	802
992	824
992	886
992	909
992	929
992	933
992	966
992	991
993	604
993	605
993	671
993	748
993	818
993	844
993	848
993	881
993	888
993	892
993	924
993	925
994	293
994	737
994	753
994	758
994	767
994	779
994	783
994	868
994	930
994	963
994	967
994	984
994	999
995	587
995	597
995	812
995	889
995	896
995	902
995	939
995	945
995	956
995	957
995	975
995	996
996	477
996	812
996	889
996	896
996	902
996	939
996	945
996	956
996	957
996	975
996	995
997	490
997	540
997	590
997	615
997	676
997	677
997	884
997	891
997	905
997	916
997	921
997	942
997	954
998	546
998	733
998	765
998	766
998	832
998	880
998	897
998	958
998	959
998	972
998	983
999	170
999	466
999	737
999	758
999	767
999	779
999	783
999	868
999	930
999	963
999	967
999	984
999	994
1000	649
1000	659
1000	675
1000	742
1000	828
1000	861
1000	875
1000	876
1000	913
1000	917
1000	934
1000	970
1000	976
