1	27 
2	17 
3	30 
4	9 
5	27 
6	18 
7	18 
8	27 
9	25 
10	34 
11	29 
12	30 
13	31 
14	24 
15	32 
16	14 
17	14 
18	28 
19	7 
20	34 
21	27 
22	27 
23	7 
24	22 
25	18 
26	29 
27	5 
28	28 
29	10 
30	10 
31	35 
32	28 
33	28 
34	23 
35	3 
36	3 
37	25 
38	25 
39	2 
40	33 
41	28 
42	34 
43	15 
44	29 
45	27 
46	28 
47	29 
48	1 
49	5 
50	33 
51	10 
52	2 
53	24 
54	29 
55	30 
56	27 
57	14 
58	36 
59	28 
60	2 
61	2 
62	6 
63	4 
64	23 
65	14 
66	3 
67	27 
68	35 
69	3 
70	31 
71	34 
72	18 
73	26 
74	30 
75	36 
76	32 
77	24 
78	12 
79	32 
80	16 
81	19 
82	30 
83	22 
84	11 
85	28 
86	31 
87	22 
88	13 
89	28 
90	30 
91	7 
92	19 
93	33 
94	25 
95	12 
96	3 
97	25 
98	16 
99	27 
100	27 
101	9 
102	12 
103	7 
104	2 
105	15 
106	34 
107	15 
108	28 
109	7 
110	36 
111	22 
112	14 
113	14 
114	11 
115	28 
116	25 
117	33 
118	29 
119	28 
120	9 
121	34 
122	29 
123	35 
124	17 
125	28 
126	22 
127	31 
128	31 
129	30 
130	36 
131	7 
132	3 
133	3 
134	27 
135	12 
136	21 
137	3 
138	14 
139	18 
140	24 
141	11 
142	25 
143	25 
144	36 
145	26 
146	28 
147	21 
148	34 
149	25 
150	35 
151	31 
152	27 
153	29 
154	2 
155	34 
156	33 
157	10 
158	22 
159	27 
160	33 
161	27 
162	9 
163	7 
164	14 
165	27 
166	35 
167	31 
168	28 
169	5 
170	29 
171	31 
172	13 
173	4 
174	25 
175	2 
176	10 
177	2 
178	14 
179	3 
180	33 
181	33 
182	26 
183	33 
184	8 
185	9 
186	34 
187	16 
188	36 
189	32 
190	36 
191	12 
192	25 
193	11 
194	12 
195	20 
196	17 
197	2 
198	29 
199	22 
200	24 
201	3 
202	29 
203	32 
204	16 
205	3 
206	16 
207	3 
208	32 
209	35 
210	30 
211	22 
212	33 
213	24 
214	24 
215	33 
216	9 
217	5 
218	36 
219	7 
220	26 
221	31 
222	31 
223	2 
224	15 
225	35 
226	19 
227	29 
228	36 
229	8 
230	30 
231	10 
232	31 
233	14 
234	2 
235	21 
236	31 
237	3 
238	10 
239	21 
240	23 
241	32 
242	13 
243	6 
244	29 
245	29 
246	2 
247	31 
248	14 
249	19 
250	13 
251	15 
252	31 
253	24 
254	29 
255	25 
256	36 
257	36 
258	5 
259	4 
260	36 
261	14 
262	26 
263	33 
264	15 
265	36 
266	11 
267	35 
268	16 
269	2 
270	24 
271	6 
272	3 
273	35 
274	23 
275	33 
276	10 
277	17 
278	33 
279	3 
280	21 
281	15 
282	7 
283	14 
284	3 
285	24 
286	36 
287	22 
288	14 
289	4 
290	24 
291	12 
292	16 
293	33 
294	35 
295	4 
296	2 
297	14 
298	31 
299	13 
300	35 
301	29 
302	34 
303	25 
304	1 
305	13 
306	25 
307	21 
308	12 
309	12 
310	31 
311	30 
312	6 
313	33 
314	11 
315	17 
316	7 
317	2 
318	33 
319	30 
320	14 
321	13 
322	29 
323	21 
324	5 
325	31 
326	30 
327	14 
328	21 
329	35 
330	30 
331	33 
332	3 
333	25 
334	21 
335	4 
336	36 
337	3 
338	2 
339	2 
340	25 
341	36 
342	35 
343	25 
344	21 
345	10 
346	34 
347	7 
348	25 
349	8 
350	2 
351	21 
352	32 
353	26 
354	26 
355	24 
356	34 
357	24 
358	22 
359	22 
360	4 
361	20 
362	17 
363	5 
364	7 
365	18 
366	34 
367	21 
368	36 
369	1 
370	20 
371	10 
372	36 
373	21 
374	17 
375	11 
376	6 
377	17 
378	13 
379	5 
380	5 
381	16 
382	20 
383	32 
384	15 
385	1 
386	30 
387	4 
388	24 
389	21 
390	32 
391	7 
392	4 
393	5 
394	11 
395	5 
396	10 
397	24 
398	10 
399	22 
400	19 
401	20 
402	24 
403	17 
404	32 
405	15 
406	26 
407	5 
408	30 
409	6 
410	15 
411	21 
412	10 
413	12 
414	18 
415	15 
416	22 
417	8 
418	30 
419	21 
420	4 
421	9 
422	18 
423	19 
424	11 
425	9 
426	17 
427	7 
428	10 
429	6 
430	5 
431	7 
432	20 
433	10 
434	22 
435	8 
436	16 
437	6 
438	30 
439	11 
440	30 
441	32 
442	24 
443	30 
444	21 
445	8 
446	23 
447	10 
448	4 
449	32 
450	5 
451	7 
452	22 
453	21 
454	21 
455	5 
456	7 
457	30 
458	22 
459	5 
460	7 
461	26 
462	16 
463	26 
464	9 
465	10 
466	8 
467	16 
468	17 
469	24 
470	16 
471	4 
472	17 
473	12 
474	24 
475	9 
476	18 
477	18 
478	9 
479	20 
480	16 
481	12 
482	34 
483	21 
484	7 
485	16 
486	6 
487	5 
488	35 
489	16 
490	9 
491	35 
492	12 
493	26 
494	23 
495	5 
496	32 
497	16 
498	4 
499	16 
500	22 
501	10 
502	16 
503	35 
504	4 
505	34 
506	24 
507	26 
508	18 
509	18 
510	18 
511	22 
512	1 
513	18 
514	9 
515	32 
516	12 
517	18 
518	32 
519	16 
520	24 
521	20 
522	4 
523	10 
524	26 
525	23 
526	1 
527	10 
528	13 
529	16 
530	17 
531	10 
532	26 
533	6 
534	35 
535	10 
536	12 
537	32 
538	5 
539	8 
540	7 
541	1 
542	16 
543	13 
544	4 
545	15 
546	13 
547	8 
548	10 
549	18 
550	32 
551	35 
552	32 
553	22 
554	15 
555	11 
556	18 
557	6 
558	10 
559	22 
560	35 
561	12 
562	34 
563	6 
564	12 
565	5 
566	22 
567	9 
568	34 
569	35 
570	35 
571	4 
572	16 
573	17 
574	15 
575	34 
576	5 
577	4 
578	22 
579	12 
580	32 
581	23 
582	12 
583	13 
584	8 
585	35 
586	4 
587	8 
588	12 
589	20 
590	32 
591	16 
592	32 
593	18 
594	7 
595	9 
596	34 
597	18 
598	12 
599	35 
600	11 
601	12 
602	32 
603	9 
604	15 
605	19 
606	32 
607	22 
608	32 
609	17 
610	12 
611	34 
612	19 
613	15 
614	20 
615	15 
616	12 
617	34 
618	26 
619	18 
620	23 
621	26 
622	18 
623	5 
624	12 
625	19 
626	10 
627	22 
628	5 
629	11 
630	15 
631	17 
632	4 
633	13 
634	4 
635	9 
636	4 
637	20 
638	8 
639	35 
640	4 
641	23 
642	6 
643	32 
644	11 
645	7 
646	19 
647	5 
648	15 
649	23 
650	9 
651	4 
652	5 
653	35 
654	17 
655	18 
656	9 
657	4 
658	17 
659	7 
660	7 
661	22 
662	9 
663	34 
664	18 
665	8 
666	20 
667	9 
668	20 
669	15 
670	18 
671	35 
672	17 
673	6 
674	4 
675	11 
676	11 
677	9 
678	13 
679	13 
680	5 
681	23 
682	26 
683	20 
684	15 
685	6 
686	18 
687	13 
688	23 
689	20 
690	5 
691	9 
692	15 
693	7 
694	7 
695	32 
696	13 
697	20 
698	13 
699	19 
700	23 
701	18 
702	23 
703	13 
704	23 
705	19 
706	9 
707	4 
708	6 
709	5 
710	18 
711	9 
712	34 
713	7 
714	6 
715	20 
716	19 
717	20 
718	15 
719	19 
720	17 
721	34 
722	15 
723	15 
724	9 
725	1 
726	8 
727	6 
728	9 
729	26 
730	17 
731	6 
732	17 
733	23 
734	17 
735	26 
736	17 
737	23 
738	11 
739	9 
740	26 
741	8 
742	8 
743	13 
744	34 
745	8 
746	34 
747	15 
748	8 
749	6 
750	26 
751	26 
752	20 
753	26 
754	23 
755	11 
756	34 
757	17 
758	11 
759	8 
760	8 
761	20 
762	20 
763	19 
764	6 
765	26 
766	20 
767	11 
768	6 
769	11 
770	8 
771	34 
772	8 
773	1 
774	1 
775	23 
776	8 
777	34 
778	34 
779	20 
780	23 
781	26 
782	13 
783	23 
784	34 
785	11 
786	20 
787	20 
788	15 
789	23 
790	8 
791	13 
792	23 
793	13 
794	17 
795	13 
796	20 
797	13 
798	13 
799	15 
800	8 
801	15 
802	20 
803	8 
804	8 
805	17 
806	6 
807	20 
808	17 
809	1 
810	20 
811	26 
812	26 
813	1 
814	19 
815	17 
816	13 
817	17 
818	8 
819	23 
820	15 
821	8 
822	15 
823	15 
824	13 
825	11 
826	23 
827	1 
828	19 
829	23 
830	26 
831	6 
832	13 
833	11 
834	17 
835	20 
836	13 
837	6 
838	19 
839	26 
840	13 
841	13 
842	1 
843	20 
844	13 
845	17 
846	6 
847	23 
848	19 
849	8 
850	23 
851	26 
852	20 
853	26 
854	19 
855	6 
856	26 
857	11 
858	11 
859	1 
860	19 
861	17 
862	8 
863	6 
864	20 
865	26 
866	13 
867	8 
868	1 
869	19 
870	19 
871	1 
872	23 
873	19 
874	11 
875	17 
876	8 
877	1 
878	1 
879	26 
880	1 
881	26 
882	19 
883	20 
884	19 
885	26 
886	20 
887	20 
888	17 
889	19 
890	20 
891	19 
892	23 
893	1 
894	11 
895	6 
896	17 
897	11 
898	11 
899	1 
900	6 
901	8 
902	20 
903	23 
904	6 
905	6 
906	17 
907	19 
908	8 
909	1 
910	6 
911	1 
912	11 
913	23 
914	8 
915	8 
916	8 
917	23 
918	23 
919	20 
920	1 
921	17 
922	1 
923	8 
924	19 
925	19 
926	11 
927	19 
928	6 
929	19 
930	11 
931	1 
932	11 
933	6 
934	11 
935	11 
936	23 
937	1 
938	1 
939	19 
940	23 
941	23 
942	19 
943	6 
944	11 
945	1 
946	19 
947	6 
948	11 
949	6 
950	19 
951	23 
952	1 
953	6 
954	19 
955	19 
956	23 
957	6 
958	1 
959	6 
960	23 
961	6 
962	11 
963	6 
964	19 
965	23 
966	23 
967	19 
968	23 
969	11 
970	11 
971	1 
972	23 
973	11 
974	11 
975	1 
976	23 
977	23 
978	19 
979	1 
980	19 
981	1 
982	1 
983	11 
984	1 
985	1 
986	11 
987	19 
988	19 
989	1 
990	23 
991	1 
992	19 
993	1 
994	11 
995	19 
996	1 
997	1 
998	23 
999	1 
1000	1 
