2	692
3	987
5	351
6	913
8	323
10	971
11	654
14	513
15	927
15	960
17	804
20	946
21	383
22	715
24	586
25	193
26	149
29	972
30	537
31	781
32	237
34	961
35	988
36	430
37	162
44	852
45	418
49	835
50	166
52	70
53	952
54	904
57	174
58	610
59	472
60	180
61	123
62	579
63	477
64	986
65	624
66	508
68	950
70	52
71	797
72	178
73	958
74	712
75	764
76	734
77	140
78	923
79	760
80	85
81	806
84	229
85	80
86	976
87	912
88	835
89	988
90	839
91	907
92	498
95	895
97	467
98	899
99	615
100	787
102	972
103	751
104	932
105	662
107	110
108	827
110	107
111	621
113	518
114	801
115	539
117	586
121	152
122	200
123	61
125	184
126	376
127	404
129	201
130	277
131	940
132	836
134	558
135	903
136	885
140	77
141	795
142	747
144	946
145	222
146	874
147	712
148	960
149	26
150	505
151	313
152	121
154	729
155	547
158	791
159	449
160	491
161	569
162	37
164	897
166	50
167	941
171	942
173	884
174	57
175	722
176	355
178	72
179	857
180	60
181	769
184	125
185	381
186	374
187	747
188	906
191	614
193	25
194	927
197	859
197	864
197	865
197	872
200	122
201	129
203	953
206	955
207	569
209	778
214	974
215	924
216	927
217	925
219	966
221	686
222	145
223	893
224	612
227	808
228	1000
229	84
230	474
231	536
232	971
234	930
236	811
237	32
240	382
243	252
244	487
246	867
246	898
248	876
249	910
250	832
250	834
250	836
250	839
251	725
252	243
253	761
254	400
255	944
256	436
257	631
258	977
261	311
262	529
263	833
264	823
265	517
266	949
267	639
268	987
269	691
271	691
272	591
272	834
272	836
272	839
273	944
274	972
276	626
277	130
278	362
279	960
280	799
280	857
281	538
282	705
283	607
285	961
286	805
287	321
287	986
288	909
289	645
289	784
290	502
291	511
291	848
293	982
295	670
296	576
297	764
299	927
299	940
300	816
300	834
300	836
300	839
302	646
302	799
305	626
307	637
308	368
309	445
311	261
312	848
313	151
313	949
316	772
317	916
319	844
319	869
319	898
320	694
320	869
320	898
321	287
322	439
322	816
322	832
322	834
322	836
322	839
323	8
325	867
327	980
328	1000
329	805
330	816
330	832
330	834
330	836
330	839
331	859
331	864
331	865
331	872
334	638
335	861
338	717
338	784
339	676
341	896
342	828
342	848
343	890
344	996
345	991
346	651
346	784
347	804
347	823
347	827
348	825
348	993
348	998
349	937
350	801
350	804
350	806
350	827
351	5
352	902
352	924
352	927
352	930
352	931
352	940
353	959
353	974
353	975
353	988
353	993
353	998
354	949
355	176
356	784
358	716
358	718
358	757
358	774
358	777
360	944
361	769
362	278
362	677
364	507
365	977
367	664
368	308
368	989
369	848
370	740
373	871
374	186
375	975
376	126
377	800
377	898
378	965
379	851
379	934
379	951
379	952
379	966
380	618
381	185
381	816
381	832
381	834
381	836
381	839
382	240
383	21
384	411
384	666
384	674
384	691
385	618
386	667
386	842
386	859
386	864
386	865
386	872
387	607
387	977
387	978
387	981
387	994
387	997
387	999
387	1000
388	462
389	832
390	898
390	994
391	815
391	828
391	848
393	413
395	716
395	718
395	748
395	774
395	981
396	716
396	718
396	757
396	774
396	777
397	762
398	859
398	864
398	865
398	872
398	896
399	697
400	254
401	763
401	784
401	800
401	814
401	876
402	915
403	741
403	869
403	898
404	127
404	772
404	796
404	801
404	804
404	806
404	827
405	886
406	997
406	999
406	1000
407	754
407	816
407	832
407	834
407	836
407	839
408	509
409	961
410	748
410	757
410	774
410	777
410	883
411	384
412	850
412	902
412	914
412	924
412	927
412	931
412	940
413	393
414	824
414	994
414	997
414	999
414	1000
418	45
418	975
418	982
419	677
419	790
420	740
420	934
420	951
420	952
420	966
421	955
422	737
422	971
422	985
422	986
422	990
422	992
423	924
423	927
423	931
423	940
424	728
424	934
424	951
424	952
424	966
425	693
425	871
425	908
425	918
425	929
425	936
425	951
425	952
425	966
426	666
426	674
426	691
427	842
427	859
427	864
427	865
427	872
427	879
428	633
428	816
428	832
428	834
428	836
428	839
429	817
429	842
429	859
429	864
429	865
429	872
430	36
430	816
430	832
430	834
430	836
430	839
431	708
432	688
432	689
432	721
432	722
432	731
432	753
432	783
432	799
433	718
433	748
433	757
433	774
433	777
434	865
435	732
435	867
435	875
435	902
435	924
435	927
435	931
435	940
436	256
436	930
436	935
436	941
436	945
436	974
436	983
436	988
436	998
437	925
437	934
437	936
437	951
437	952
437	966
438	980
439	322
439	959
439	974
439	988
439	993
439	998
440	674
440	691
440	917
441	516
441	537
442	971
442	985
442	986
442	990
442	992
443	722
443	726
443	783
443	799
444	681
444	728
444	781
444	785
444	820
444	828
444	848
445	309
446	951
446	966
447	741
447	997
447	999
447	1000
448	897
449	159
449	997
449	999
449	1000
450	953
450	972
450	976
450	987
450	989
450	991
450	995
451	959
451	974
451	993
452	825
452	849
452	869
452	898
452	951
453	843
453	869
453	871
453	898
454	756
454	763
454	767
454	790
454	800
454	814
455	977
456	589
456	968
456	971
456	980
456	984
456	985
456	986
456	990
457	950
457	964
457	965
457	973
457	996
458	964
458	965
458	973
458	979
458	996
459	855
459	977
459	994
459	997
459	999
459	1000
460	666
460	674
460	691
460	938
461	716
461	718
461	748
461	757
461	774
461	777
461	953
462	388
462	644
462	677
463	983
463	997
463	999
463	1000
464	541
465	946
465	967
465	970
465	972
465	976
465	987
465	989
465	991
465	995
466	986
466	992
467	97
468	756
468	763
468	784
468	790
468	800
468	814
468	913
469	958
470	749
470	772
470	796
470	801
470	804
470	806
470	827
470	942
471	735
471	739
471	885
472	59
472	934
472	951
472	952
472	966
473	902
473	914
473	924
473	927
473	931
473	940
473	992
474	230
474	958
474	961
474	963
474	975
474	982
475	735
475	739
475	841
476	504
476	816
476	832
476	834
476	836
476	839
477	63
477	716
477	748
477	757
477	774
477	777
478	523
478	644
478	677
479	569
479	572
479	631
479	644
479	677
481	950
481	964
481	965
481	973
481	979
481	995
482	902
482	914
482	924
482	927
482	931
482	940
482	946
483	625
484	716
484	718
484	748
484	757
484	774
484	777
484	851
485	606
485	716
485	718
485	748
485	757
485	774
485	777
486	867
486	941
486	945
486	959
486	962
486	974
486	988
486	993
486	998
487	244
487	644
487	677
488	526
488	528
488	539
488	544
489	945
490	645
490	825
490	849
490	869
490	898
491	160
491	648
491	663
491	676
491	716
491	718
491	748
491	757
491	774
491	777
492	703
492	781
492	815
492	820
492	828
492	848
492	974
493	610
493	935
493	974
493	983
493	988
493	993
493	998
494	781
494	785
494	788
494	815
494	820
494	828
494	848
495	932
495	938
495	949
495	996
496	978
497	525
497	875
497	902
497	914
497	924
497	927
497	931
497	940
498	92
498	781
498	785
498	815
498	820
498	828
498	848
499	756
499	763
499	767
499	784
499	790
499	800
499	814
500	743
500	825
500	843
500	849
500	898
501	783
501	816
501	832
501	834
501	836
501	839
502	290
502	970
502	972
502	987
502	989
502	991
502	995
503	744
503	760
503	765
503	773
503	816
503	832
503	834
503	836
503	839
504	476
504	977
504	994
504	997
504	999
504	1000
505	150
505	756
505	763
505	767
505	784
505	790
505	800
505	814
506	640
506	713
506	735
506	739
507	364
507	722
507	726
507	753
507	783
507	799
508	66
509	408
509	975
509	982
510	666
510	674
510	691
510	770
511	291
512	532
512	542
512	543
512	644
512	781
513	14
513	886
513	887
513	899
513	903
513	909
513	932
513	938
513	949
514	666
514	674
514	691
514	956
515	937
515	953
515	967
515	970
515	972
515	976
515	987
515	989
515	991
515	995
516	441
516	530
516	537
517	265
517	935
517	939
517	959
517	962
517	974
517	983
517	988
517	993
517	998
518	113
518	933
518	942
518	956
518	958
518	961
518	963
518	975
518	982
519	825
519	934
519	936
519	951
519	952
519	966
520	642
520	643
520	654
520	698
521	875
521	878
521	902
521	914
521	924
521	927
521	931
521	940
522	572
522	644
522	677
522	856
523	478
523	749
523	772
523	796
523	801
523	804
523	806
523	827
524	604
524	960
524	977
524	978
524	981
524	994
524	997
524	999
524	1000
525	497
526	488
526	737
527	720
527	721
527	722
527	726
527	731
527	753
527	783
527	799
527	947
528	488
528	989
529	262
529	666
529	674
529	691
530	516
530	910
530	929
530	934
530	936
530	951
530	952
530	966
531	596
531	832
531	968
531	969
531	971
531	980
531	984
531	985
531	986
531	990
531	992
532	512
532	542
532	543
532	768
533	666
533	674
533	685
533	691
534	745
534	766
534	778
534	795
534	817
534	842
534	859
534	864
534	865
534	872
535	670
535	720
535	721
535	722
535	726
535	753
535	783
535	799
536	231
536	619
536	632
536	641
536	695
536	728
536	781
536	785
536	815
536	820
536	848
537	30
537	441
537	516
538	281
538	694
538	710
538	744
538	760
538	765
538	773
538	816
538	832
538	834
538	836
538	839
539	115
539	488
540	886
540	887
540	903
540	909
540	932
540	938
540	949
541	464
541	935
541	945
541	962
541	974
541	983
541	988
541	993
541	998
542	512
542	532
542	543
542	938
543	512
543	532
543	542
543	973
544	488
544	908
545	648
545	716
545	718
545	748
545	757
545	774
545	777
545	876
546	713
546	718
546	735
546	739
547	155
547	720
547	721
547	722
547	726
547	731
547	753
547	783
547	799
547	866
548	666
548	674
548	691
548	801
549	705
549	860
549	884
549	886
549	887
549	899
549	903
549	909
549	932
549	938
549	949
550	665
550	687
550	715
550	749
550	772
550	796
550	801
550	804
550	806
550	827
551	901
551	914
551	937
551	947
551	969
551	971
551	984
551	985
551	986
551	990
551	992
552	831
552	910
552	918
552	929
552	934
552	936
552	951
552	952
552	966
553	891
553	900
553	916
553	923
553	933
553	942
553	949
553	956
553	958
553	961
553	963
553	975
553	982
554	602
554	802
554	810
554	813
554	833
554	867
554	875
554	902
554	914
554	924
554	927
554	931
554	940
555	662
555	679
555	713
555	735
555	739
555	995
556	744
556	760
556	765
556	773
556	775
556	832
556	834
556	836
556	839
556	889
557	681
557	705
557	756
557	763
557	767
557	790
557	800
557	814
557	855
558	134
558	591
558	609
558	616
558	623
558	626
558	642
558	643
558	654
559	889
559	922
559	923
559	942
559	956
559	958
559	961
559	963
559	975
559	982
560	567
560	901
560	917
560	947
560	968
560	969
560	980
560	984
560	985
560	986
560	990
560	992
561	730
561	886
561	887
561	899
561	903
561	909
561	932
561	938
561	949
562	919
562	935
562	941
562	945
562	959
562	962
562	974
562	983
562	988
562	993
562	998
563	706
563	847
563	863
563	871
563	881
563	883
563	888
563	908
563	918
563	934
563	936
563	951
563	952
563	966
564	642
564	643
564	654
564	815
565	661
565	689
565	720
565	721
565	722
565	731
565	753
565	765
565	783
565	799
566	745
566	847
566	863
566	871
566	881
566	883
566	888
566	918
566	929
566	934
566	936
566	951
566	952
566	966
567	560
567	690
567	695
567	703
567	781
567	785
567	815
567	820
567	828
567	848
568	723
568	730
568	733
568	745
568	766
568	778
568	817
568	842
568	859
568	864
568	865
568	872
569	161
569	207
569	479
569	572
569	631
569	644
569	677
570	967
570	970
570	972
570	976
570	987
570	989
570	991
570	992
570	995
571	911
571	913
571	924
571	930
571	939
571	945
571	959
571	962
571	974
571	983
571	993
571	998
572	479
572	522
572	569
572	631
572	644
572	677
572	862
573	662
573	679
573	713
573	735
573	739
573	955
574	663
574	716
574	718
574	748
574	757
574	777
574	966
575	639
575	662
575	679
575	713
575	735
575	739
576	296
576	666
576	674
576	691
577	662
577	713
577	728
577	735
577	739
577	844
578	771
578	867
578	875
578	902
578	914
578	924
578	927
578	931
578	940
579	62
579	684
579	703
579	728
579	781
579	815
579	820
579	828
579	848
580	860
580	870
580	884
580	886
580	887
580	899
580	903
580	909
580	932
580	938
580	949
581	846
581	920
581	926
581	944
581	950
581	959
581	964
581	973
581	979
581	996
582	687
582	715
582	749
582	772
582	796
582	801
582	804
582	806
582	827
582	985
583	588
583	666
583	674
583	691
583	801
583	840
584	662
584	713
584	735
584	739
584	940
585	611
585	891
585	915
585	916
585	922
585	923
585	942
585	956
585	958
585	961
585	963
585	975
585	982
586	24
586	117
586	661
586	689
586	720
586	721
586	722
586	726
586	731
586	753
586	783
586	799
587	591
587	609
587	626
587	642
587	643
587	654
587	966
588	583
588	666
588	674
588	691
588	915
589	456
589	886
589	899
589	903
589	909
589	932
589	938
589	949
590	695
590	723
590	730
590	733
590	745
590	766
590	778
590	817
590	842
590	859
590	864
590	865
590	872
591	272
591	558
591	587
591	597
591	609
591	616
591	623
591	626
591	642
591	643
591	654
592	920
592	923
592	925
592	944
592	950
592	955
592	956
592	965
592	973
592	979
592	996
593	658
593	689
593	720
593	721
593	722
593	726
593	731
593	753
593	783
593	799
593	820
594	605
594	621
594	662
594	679
594	713
594	735
594	739
594	957
595	605
595	662
595	679
595	713
595	735
595	739
595	796
596	531
596	609
596	694
596	710
596	744
596	760
596	765
596	773
596	775
596	816
596	832
596	834
596	836
596	839
597	591
597	609
597	626
597	642
597	643
597	654
597	874
598	730
598	738
598	766
598	778
598	782
598	817
598	842
598	859
598	864
598	865
598	872
599	681
599	682
599	705
599	767
599	784
599	790
599	800
599	814
600	750
600	803
600	821
600	825
600	843
600	849
600	869
600	898
601	656
601	665
601	667
601	687
601	715
601	749
601	772
601	796
601	801
601	804
601	806
601	827
602	554
602	840
602	862
602	866
602	876
602	890
602	904
602	925
602	944
602	955
602	964
602	965
602	979
602	996
603	661
603	689
603	720
603	721
603	722
603	726
603	731
603	753
603	783
603	787
603	799
604	524
604	656
604	667
604	687
604	715
604	749
604	796
604	801
604	804
604	806
604	827
605	594
605	595
605	621
605	645
605	652
605	662
605	679
605	713
605	735
605	739
605	854
606	485
606	761
606	802
606	810
606	813
606	833
606	867
606	875
606	902
606	914
606	924
606	927
606	931
606	940
607	283
607	387
607	762
607	802
607	810
607	813
607	867
607	875
607	902
607	914
607	924
607	927
607	931
607	940
608	935
608	943
608	954
608	957
608	960
608	977
608	978
608	981
608	994
608	997
608	999
608	1000
609	558
609	587
609	591
609	596
609	597
609	616
609	623
609	626
609	642
609	643
609	654
610	58
610	493
610	866
610	879
610	893
610	920
610	925
610	926
610	955
610	964
610	965
610	973
610	979
610	996
611	585
611	723
611	730
611	733
611	745
611	766
611	778
611	817
611	842
611	859
611	864
611	865
611	872
612	224
612	891
612	915
612	916
612	922
612	923
612	933
612	942
612	956
612	958
612	961
612	963
612	975
612	982
613	820
613	912
613	928
613	936
613	946
613	948
613	953
613	967
613	970
613	972
613	976
613	987
613	989
613	991
613	995
614	191
614	664
614	670
614	676
614	705
614	756
614	763
614	767
614	784
614	790
614	800
614	814
614	944
615	99
615	662
615	679
615	713
615	735
615	739
615	974
616	558
616	591
616	609
616	623
616	626
616	642
616	643
616	654
616	757
617	891
617	900
617	915
617	916
617	922
617	933
617	942
617	955
617	956
617	958
617	961
617	963
617	975
617	982
617	987
618	380
618	385
618	925
618	926
618	944
618	950
618	955
618	965
618	973
618	979
618	996
619	536
619	632
619	641
619	684
619	690
619	748
619	781
619	785
619	815
619	820
619	828
619	848
620	680
620	847
620	863
620	881
620	883
620	888
620	908
620	910
620	929
620	934
620	936
620	951
620	952
620	966
621	111
621	594
621	605
621	645
621	662
621	665
621	679
621	713
621	735
621	739
622	661
622	720
622	721
622	722
622	726
622	731
622	783
622	799
622	937
623	558
623	591
623	609
623	616
623	626
623	642
623	643
623	654
623	802
624	65
624	694
624	744
624	760
624	765
624	773
624	775
624	816
624	832
624	834
624	836
624	839
625	483
625	877
625	907
625	912
625	928
625	946
625	953
625	967
625	970
625	972
625	976
625	987
625	989
625	991
625	995
626	276
626	305
626	558
626	587
626	591
626	597
626	609
626	616
626	623
626	642
626	643
626	654
627	826
627	919
627	930
627	935
627	939
627	941
627	945
627	959
627	962
627	974
627	983
627	988
627	993
627	998
628	762
628	789
628	798
628	802
628	805
628	810
628	813
628	833
628	867
628	875
628	902
628	914
628	924
628	927
628	931
628	940
628	958
629	724
629	752
629	754
629	755
629	764
629	776
629	803
629	821
629	825
629	836
629	843
629	849
629	869
629	898
630	849
630	913
630	919
630	930
630	935
630	939
630	945
630	959
630	962
630	983
630	988
630	993
630	998
631	257
631	479
631	569
631	572
631	644
631	651
631	677
632	536
632	619
632	641
632	684
632	690
632	695
632	703
632	728
632	781
632	785
632	815
632	828
632	848
632	979
633	428
633	882
633	891
633	937
633	968
633	969
633	971
633	980
633	984
633	985
633	986
633	990
633	992
634	847
634	871
634	881
634	883
634	888
634	908
634	910
634	918
634	929
634	934
634	936
634	947
634	951
634	952
634	966
635	850
635	853
635	854
635	861
635	882
635	894
635	897
635	901
635	917
635	937
635	968
635	969
635	980
635	984
635	986
635	990
635	992
636	873
636	878
636	892
636	896
636	907
636	948
636	953
636	967
636	970
636	972
636	976
636	983
636	987
636	989
636	991
636	995
637	307
637	809
637	891
637	900
637	915
637	916
637	922
637	923
637	933
637	942
637	956
637	958
637	961
637	963
637	975
637	982
638	334
638	789
638	802
638	810
638	813
638	823
638	833
638	867
638	875
638	902
638	914
638	924
638	927
638	931
638	940
639	267
639	575
639	723
639	730
639	733
639	738
639	766
639	778
639	817
639	842
639	859
639	864
639	865
639	872
640	506
640	893
640	920
640	925
640	926
640	944
640	950
640	955
640	964
640	973
640	979
640	996
641	536
641	619
641	632
641	684
641	690
641	695
641	703
641	781
641	785
641	815
641	820
641	828
641	848
641	979
642	520
642	558
642	564
642	587
642	591
642	597
642	609
642	616
642	623
642	626
642	643
642	654
642	864
642	912
643	520
643	558
643	564
643	587
643	591
643	597
643	609
643	616
643	623
643	626
643	642
643	654
643	984
644	462
644	478
644	479
644	487
644	512
644	522
644	569
644	572
644	631
644	677
645	289
645	490
645	605
645	621
645	662
645	679
645	713
645	735
645	739
646	302
646	793
646	873
646	892
646	896
646	907
646	912
646	928
646	946
646	948
646	953
646	967
646	970
646	972
646	976
646	987
646	991
646	995
647	704
647	717
647	724
647	727
647	752
647	754
647	755
647	776
647	803
647	821
647	825
647	843
647	849
647	869
647	898
647	921
648	491
648	545
648	659
648	663
648	716
648	718
648	748
648	757
648	774
648	777
648	838
649	664
649	676
649	681
649	705
649	756
649	763
649	767
649	784
649	785
649	800
649	814
649	900
650	895
650	905
650	906
650	921
650	925
650	943
650	954
650	957
650	977
650	978
650	981
650	994
650	997
650	999
650	1000
651	346
651	631
651	807
651	841
651	857
651	860
651	870
651	874
651	884
651	886
651	899
651	903
651	909
651	932
651	938
651	949
652	605
652	662
652	675
652	679
652	713
652	735
652	739
653	878
653	896
653	900
653	907
653	912
653	928
653	946
653	948
653	967
653	970
653	972
653	976
653	987
653	989
653	991
653	995
654	11
654	520
654	558
654	564
654	587
654	591
654	597
654	609
654	616
654	623
654	626
654	642
654	643
655	835
655	895
655	906
655	921
655	943
655	954
655	957
655	960
655	977
655	978
655	981
655	994
655	997
655	999
655	1000
656	601
656	604
656	665
656	687
656	715
656	738
656	749
656	772
656	796
656	801
656	804
656	806
656	827
657	842
657	897
657	917
657	937
657	947
657	968
657	969
657	971
657	980
657	984
657	985
657	986
657	990
657	992
658	593
658	679
658	704
658	712
658	717
658	727
658	752
658	754
658	755
658	764
658	776
658	803
658	821
658	825
658	849
658	869
658	898
659	648
659	663
659	716
659	718
659	748
659	755
659	757
659	774
659	777
659	890
660	672
660	791
660	807
660	808
660	811
660	857
660	860
660	870
660	874
660	884
660	887
660	899
660	903
660	909
660	932
660	938
660	949
661	565
661	586
661	603
661	622
661	689
661	720
661	721
661	722
661	726
661	731
661	753
661	783
661	799
661	883
662	105
662	555
662	573
662	575
662	577
662	584
662	594
662	595
662	605
662	615
662	621
662	645
662	652
662	679
662	713
662	735
662	739
662	954
663	491
663	574
663	648
663	659
663	716
663	718
663	748
663	757
663	774
663	777
663	811
664	367
664	614
664	649
664	670
664	676
664	705
664	756
664	763
664	767
664	784
664	790
664	800
664	814
664	881
665	550
665	601
665	621
665	656
665	667
665	687
665	715
665	749
665	772
665	779
665	796
665	801
665	804
665	806
665	827
666	384
666	426
666	460
666	510
666	514
666	529
666	533
666	548
666	576
666	583
666	588
666	674
666	691
666	746
666	753
667	386
667	601
667	604
667	665
667	687
667	715
667	749
667	772
667	796
667	801
667	804
667	806
667	827
667	947
668	724
668	891
668	898
668	900
668	915
668	916
668	923
668	933
668	942
668	956
668	958
668	961
668	963
668	975
668	982
669	837
669	862
669	866
669	879
669	890
669	893
669	904
669	920
669	925
669	926
669	938
669	944
669	950
669	955
669	964
669	965
669	973
669	979
669	996
670	295
670	535
670	614
670	664
670	676
670	681
670	705
670	756
670	763
670	767
670	784
670	790
670	800
670	814
671	792
671	847
671	863
671	871
671	881
671	883
671	888
671	908
671	918
671	929
671	934
671	936
671	943
671	951
671	952
671	966
672	660
672	858
672	900
672	915
672	916
672	922
672	923
672	933
672	942
672	956
672	958
672	961
672	963
672	975
672	982
673	846
673	851
673	877
673	906
673	921
673	943
673	954
673	957
673	960
673	967
673	977
673	978
673	981
673	994
673	997
673	999
673	1000
674	384
674	426
674	440
674	460
674	510
674	514
674	529
674	533
674	548
674	576
674	583
674	588
674	666
674	691
674	962
675	652
675	837
675	840
675	866
675	868
675	876
675	879
675	890
675	893
675	904
675	920
675	926
675	955
675	964
675	965
675	973
675	979
675	996
676	339
676	491
676	614
676	649
676	664
676	670
676	681
676	705
676	763
676	767
676	784
676	790
676	800
676	814
677	362
677	419
677	462
677	478
677	479
677	487
677	522
677	569
677	572
677	631
677	644
677	941
677	982
678	715
678	717
678	724
678	727
678	752
678	754
678	755
678	764
678	776
678	803
678	821
678	825
678	843
678	849
678	869
678	898
678	947
679	555
679	573
679	575
679	594
679	595
679	605
679	615
679	621
679	645
679	652
679	658
679	662
679	713
679	735
679	739
680	620
680	877
680	905
680	906
680	943
680	954
680	957
680	960
680	977
680	978
680	981
680	994
680	997
680	999
680	1000
681	444
681	557
681	599
681	649
681	670
681	676
681	705
681	763
681	767
681	784
681	790
681	800
681	814
682	599
682	787
682	847
682	863
682	871
682	881
682	883
682	888
682	908
682	910
682	918
682	929
682	934
682	936
682	951
682	952
682	966
683	850
683	882
683	894
683	897
683	917
683	932
683	937
683	947
683	968
683	969
683	971
683	980
683	984
683	985
683	986
683	990
684	579
684	619
684	632
684	641
684	690
684	695
684	728
684	781
684	785
684	815
684	820
684	828
684	848
684	988
685	533
685	829
685	858
685	878
685	892
685	896
685	912
685	928
685	946
685	948
685	953
685	967
685	970
685	972
685	976
685	987
685	989
685	991
685	995
686	221
686	861
686	879
686	882
686	897
686	901
686	917
686	937
686	947
686	968
686	969
686	971
686	980
686	984
686	985
686	986
686	990
686	992
687	550
687	582
687	601
687	604
687	656
687	665
687	667
687	715
687	749
687	772
687	780
687	796
687	801
687	804
687	806
687	821
687	827
688	432
688	837
688	845
688	856
688	862
688	868
688	876
688	879
688	890
688	893
688	904
688	920
688	926
688	944
688	955
688	964
688	973
688	979
688	996
689	432
689	565
689	586
689	593
689	603
689	661
689	720
689	721
689	722
689	726
689	731
689	753
689	783
689	799
689	986
690	567
690	619
690	632
690	641
690	684
690	695
690	703
690	728
690	781
690	785
690	815
690	820
690	828
690	848
690	886
691	269
691	271
691	384
691	426
691	440
691	460
691	510
691	514
691	529
691	533
691	548
691	576
691	583
691	588
691	666
691	674
691	848
691	875
692	2
692	844
692	858
692	900
692	915
692	916
692	922
692	942
692	956
692	958
692	961
692	963
692	975
692	982
692	985
693	425
693	838
693	851
693	854
693	895
693	905
693	906
693	921
693	943
693	954
693	957
693	960
693	977
693	978
693	981
693	994
693	997
693	999
693	1000
694	320
694	538
694	596
694	624
694	744
694	760
694	765
694	775
694	816
694	832
694	834
694	836
694	839
694	914
695	536
695	567
695	590
695	632
695	641
695	684
695	690
695	703
695	728
695	781
695	785
695	815
695	820
695	828
695	848
696	762
696	798
696	802
696	805
696	810
696	813
696	833
696	867
696	875
696	891
696	902
696	914
696	924
696	927
696	931
696	940
696	973
697	399
697	747
697	792
697	847
697	863
697	871
697	881
697	883
697	888
697	908
697	910
697	918
697	929
697	934
697	936
697	951
697	952
697	966
698	520
698	873
698	878
698	892
698	896
698	907
698	912
698	928
698	946
698	948
698	953
698	967
698	970
698	972
698	976
698	987
698	989
698	991
698	995
699	769
699	837
699	856
699	862
699	868
699	879
699	890
699	893
699	920
699	925
699	926
699	931
699	944
699	950
699	955
699	965
699	996
700	712
700	717
700	724
700	727
700	752
700	754
700	755
700	764
700	776
700	803
700	821
700	825
700	843
700	849
700	869
700	898
700	994
701	837
701	856
701	866
701	868
701	879
701	904
701	919
701	920
701	925
701	926
701	944
701	950
701	955
701	964
701	965
701	973
701	979
701	996
701	998
702	716
702	819
702	835
702	853
702	861
702	894
702	897
702	901
702	917
702	937
702	947
702	969
702	980
702	984
702	985
702	990
702	992
703	492
703	567
703	579
703	632
703	641
703	690
703	695
703	728
703	781
703	785
703	796
703	815
703	820
703	828
703	848
703	990
704	647
704	658
704	712
704	724
704	727
704	752
704	754
704	755
704	776
704	803
704	821
704	825
704	843
704	849
704	869
704	898
704	957
705	282
705	549
705	557
705	599
705	614
705	649
705	664
705	670
705	676
705	681
705	756
705	763
705	767
705	784
705	790
705	800
705	814
706	563
706	826
706	838
706	846
706	851
706	864
706	895
706	905
706	906
706	921
706	943
706	954
706	957
706	960
706	977
706	978
706	981
706	994
706	997
706	999
706	1000
707	873
707	878
707	892
707	896
707	907
707	912
707	916
707	928
707	946
707	948
707	953
707	967
707	970
707	972
707	976
707	987
707	989
707	991
707	995
708	431
708	845
708	852
708	882
708	885
708	889
708	913
708	930
708	935
708	939
708	941
708	945
708	959
708	962
708	974
708	983
708	988
708	993
708	998
709	853
709	854
709	861
709	882
709	897
709	901
709	917
709	921
709	937
709	947
709	968
709	969
709	971
709	980
709	984
709	985
709	986
709	990
709	992
710	538
710	596
710	739
710	744
710	760
710	765
710	773
710	775
710	816
710	827
710	832
710	834
710	836
710	839
711	759
711	768
711	786
711	791
711	807
711	808
711	841
711	857
711	870
711	874
711	884
711	886
711	887
711	899
711	909
711	932
711	938
711	949
711	968
712	74
712	147
712	658
712	700
712	704
712	724
712	727
712	752
712	754
712	755
712	764
712	776
712	803
712	821
712	825
712	843
712	849
712	869
712	898
713	506
713	546
713	555
713	573
713	575
713	577
713	584
713	594
713	595
713	605
713	615
713	621
713	645
713	652
713	662
713	679
713	735
713	739
713	766
714	850
714	853
714	854
714	882
714	894
714	901
714	917
714	930
714	937
714	947
714	962
714	968
714	969
714	971
714	980
714	984
714	985
714	986
714	990
714	992
715	22
715	550
715	582
715	601
715	604
715	656
715	665
715	667
715	678
715	687
715	749
715	772
715	796
715	801
715	804
715	806
715	827
716	358
716	395
716	396
716	461
716	477
716	484
716	485
716	491
716	545
716	574
716	648
716	659
716	663
716	702
716	718
716	748
716	774
716	777
716	799
717	338
717	647
717	658
717	678
717	700
717	724
717	727
717	752
717	755
717	764
717	776
717	803
717	821
717	825
717	843
717	849
717	869
717	870
717	898
718	358
718	395
718	396
718	433
718	461
718	484
718	485
718	491
718	545
718	546
718	574
718	648
718	659
718	663
718	716
718	748
718	757
718	774
718	777
719	770
719	793
719	794
719	845
719	880
719	885
719	889
719	911
719	913
719	915
719	919
719	926
719	930
719	935
719	939
719	941
719	945
719	959
719	962
719	988
719	993
719	998
720	527
720	535
720	547
720	565
720	586
720	593
720	603
720	622
720	661
720	689
720	721
720	722
720	726
720	731
720	753
720	783
720	799
720	905
721	432
721	527
721	535
721	547
721	565
721	586
721	593
721	603
721	622
721	661
721	689
721	720
721	722
721	726
721	731
721	753
721	783
721	799
721	827
721	894
722	175
722	432
722	443
722	507
722	527
722	535
722	547
722	565
722	586
722	593
722	603
722	622
722	661
722	689
722	720
722	721
722	726
722	731
722	753
722	783
722	799
723	568
723	590
723	611
723	639
723	733
723	738
723	745
723	762
723	766
723	778
723	784
723	817
723	842
723	859
723	864
723	865
723	872
724	629
724	647
724	668
724	678
724	700
724	704
724	712
724	717
724	752
724	764
724	776
724	803
724	821
724	825
724	843
724	849
724	869
724	898
724	980
725	251
725	741
725	762
725	789
725	798
725	805
725	810
725	833
725	867
725	875
725	902
725	914
725	924
725	927
725	931
725	940
725	997
726	443
726	507
726	527
726	535
726	547
726	586
726	593
726	603
726	622
726	661
726	689
726	720
726	721
726	722
726	731
726	753
726	783
726	790
726	799
727	647
727	658
727	678
727	700
727	704
727	712
727	717
727	752
727	754
727	755
727	764
727	776
727	803
727	821
727	825
727	843
727	849
727	869
727	898
727	991
728	424
728	444
728	536
728	577
728	579
728	632
728	684
728	690
728	695
728	703
728	781
728	785
728	815
728	820
728	828
728	848
729	154
729	812
729	818
729	824
729	858
729	891
729	900
729	915
729	916
729	923
729	933
729	942
729	956
729	958
729	961
729	963
729	975
729	982
730	561
730	568
730	590
730	598
730	611
730	639
730	733
730	738
730	745
730	778
730	817
730	827
730	842
730	859
730	864
730	865
730	872
730	890
731	432
731	527
731	547
731	565
731	586
731	593
731	603
731	622
731	661
731	689
731	720
731	721
731	722
731	726
731	753
731	783
731	799
731	805
731	926
732	435
732	837
732	840
732	856
732	866
732	868
732	876
732	890
732	893
732	904
732	920
732	925
732	926
732	944
732	950
732	955
732	964
732	965
732	968
732	973
732	979
732	996
733	568
733	590
733	611
733	639
733	723
733	730
733	738
733	745
733	766
733	778
733	817
733	842
733	859
733	864
733	865
733	872
733	969
734	76
734	778
734	812
734	818
734	824
734	844
734	858
734	891
734	900
734	916
734	922
734	923
734	933
734	942
734	956
734	958
734	961
734	963
734	975
734	982
735	471
735	475
735	506
735	546
735	555
735	573
735	575
735	577
735	584
735	594
735	595
735	605
735	615
735	621
735	645
735	652
735	662
735	679
735	713
735	739
735	950
735	972
736	834
736	835
736	850
736	854
736	861
736	862
736	882
736	894
736	897
736	901
736	937
736	947
736	968
736	969
736	971
736	980
736	984
736	985
736	986
736	990
736	992
737	422
737	526
737	751
737	779
737	797
737	818
737	824
737	844
737	891
737	900
737	916
737	923
737	933
737	942
737	956
737	958
737	961
737	963
737	975
737	982
738	598
738	639
738	656
738	723
738	730
738	733
738	745
738	766
738	778
738	780
738	817
738	842
738	859
738	864
738	865
738	872
739	471
739	475
739	506
739	546
739	555
739	573
739	575
739	577
739	584
739	594
739	595
739	605
739	615
739	621
739	645
739	652
739	662
739	679
739	710
739	713
739	735
739	812
740	370
740	420
740	835
740	853
740	854
740	861
740	882
740	894
740	901
740	917
740	937
740	947
740	968
740	969
740	980
740	984
740	985
740	986
740	990
740	992
741	403
741	447
741	725
741	762
741	789
741	798
741	802
741	805
741	810
741	813
741	833
741	867
741	902
741	914
741	924
741	927
741	931
741	940
742	840
742	862
742	863
742	868
742	876
742	879
742	890
742	893
742	904
742	925
742	926
742	944
742	950
742	955
742	964
742	965
742	973
742	979
742	996
743	500
743	752
743	838
743	846
743	851
743	877
743	895
743	905
743	906
743	921
743	943
743	954
743	957
743	960
743	977
743	978
743	981
743	994
743	997
743	999
743	1000
744	503
744	538
744	556
744	596
744	624
744	694
744	710
744	760
744	765
744	773
744	775
744	803
744	816
744	832
744	836
744	839
744	969
745	534
745	566
745	568
745	590
745	611
745	723
745	730
745	733
745	738
745	766
745	778
745	817
745	842
745	859
745	864
745	865
745	872
745	998
746	666
746	826
746	838
746	851
746	877
746	895
746	905
746	906
746	921
746	929
746	943
746	954
746	957
746	960
746	977
746	978
746	981
746	994
746	997
746	999
746	1000
747	142
747	187
747	697
747	761
747	792
747	847
747	881
747	883
747	908
747	910
747	918
747	929
747	934
747	936
747	951
747	952
747	966
748	395
748	410
748	433
748	461
748	477
748	484
748	485
748	491
748	545
748	574
748	619
748	648
748	659
748	663
748	716
748	718
748	757
748	774
748	777
748	991
749	470
749	523
749	550
749	582
749	601
749	604
749	656
749	665
749	667
749	687
749	715
749	772
749	796
749	801
749	804
749	806
749	827
749	920
750	600
750	770
750	794
750	822
750	845
750	852
750	880
750	889
750	911
750	913
750	930
750	935
750	939
750	941
750	945
750	974
750	983
750	988
750	993
750	998
751	103
751	737
751	779
751	782
751	797
751	818
751	824
751	844
751	900
751	902
751	915
751	916
751	922
751	923
751	933
751	942
751	956
751	958
751	961
751	963
751	975
751	982
752	629
752	647
752	658
752	678
752	700
752	704
752	712
752	717
752	724
752	727
752	743
752	754
752	755
752	764
752	803
752	821
752	825
752	843
752	849
752	869
752	898
752	984
753	432
753	507
753	527
753	535
753	547
753	565
753	586
753	593
753	603
753	661
753	666
753	689
753	720
753	721
753	722
753	726
753	731
753	783
753	799
754	407
754	629
754	647
754	658
754	678
754	700
754	704
754	712
754	727
754	752
754	755
754	764
754	776
754	803
754	821
754	843
754	849
754	869
754	898
754	992
755	629
755	647
755	658
755	659
755	678
755	700
755	704
755	712
755	717
755	727
755	752
755	754
755	764
755	776
755	803
755	821
755	843
755	849
755	869
755	898
755	922
756	454
756	468
756	499
756	505
756	557
756	614
756	649
756	664
756	670
756	705
756	763
756	767
756	784
756	790
756	800
756	814
756	880
756	945
757	358
757	396
757	410
757	433
757	461
757	477
757	484
757	485
757	491
757	545
757	574
757	616
757	648
757	659
757	663
757	718
757	748
757	774
757	777
758	769
758	773
758	788
758	837
758	856
758	862
758	868
758	876
758	890
758	893
758	904
758	920
758	925
758	926
758	944
758	950
758	955
758	964
758	965
758	973
758	979
758	996
759	711
759	768
759	780
759	786
759	807
759	808
759	824
759	841
759	857
759	860
759	870
759	874
759	884
759	886
759	887
759	899
759	903
759	909
759	932
759	938
759	949
759	967
760	79
760	503
760	538
760	556
760	596
760	624
760	694
760	710
760	744
760	765
760	773
760	775
760	816
760	832
760	834
760	836
760	839
760	901
761	253
761	606
761	747
761	792
761	863
761	871
761	881
761	883
761	888
761	908
761	910
761	918
761	929
761	934
761	936
761	951
761	952
761	966
762	397
762	607
762	628
762	696
762	723
762	725
762	741
762	789
762	798
762	802
762	805
762	833
762	867
762	875
762	902
762	914
762	924
762	927
762	931
762	940
763	401
763	454
763	468
763	499
763	505
763	557
763	614
763	649
763	664
763	670
763	676
763	681
763	705
763	756
763	767
763	784
763	786
763	790
763	800
763	814
764	75
764	297
764	629
764	658
764	678
764	700
764	712
764	717
764	724
764	727
764	752
764	754
764	755
764	776
764	803
764	821
764	825
764	843
764	849
764	869
764	898
764	948
765	503
765	538
765	556
765	565
765	596
765	624
765	694
765	710
765	744
765	760
765	773
765	775
765	816
765	832
765	834
765	836
765	839
765	973
766	534
766	568
766	590
766	598
766	611
766	639
766	713
766	723
766	733
766	738
766	745
766	817
766	842
766	859
766	861
766	864
766	865
766	872
767	454
767	499
767	505
767	557
767	599
767	614
767	649
767	664
767	670
767	676
767	681
767	705
767	756
767	763
767	784
767	790
767	800
767	814
767	943
768	532
768	711
768	759
768	780
768	786
768	791
768	795
768	807
768	808
768	841
768	857
768	870
768	874
768	884
768	886
768	887
768	899
768	903
768	909
768	932
768	935
768	938
768	949
769	181
769	361
769	699
769	758
769	770
769	840
769	856
769	876
769	879
769	890
769	904
769	920
769	925
769	926
769	944
769	950
769	955
769	964
769	965
769	973
769	979
769	996
770	510
770	719
770	750
770	769
770	793
770	794
770	822
770	830
770	845
770	852
770	880
770	911
770	913
770	919
770	930
770	935
770	939
770	941
770	945
770	959
770	974
770	983
770	988
770	993
771	578
771	823
771	831
771	853
771	855
771	873
771	892
771	896
771	907
771	912
771	928
771	946
771	948
771	953
771	967
771	970
771	972
771	976
771	987
771	989
771	991
771	995
772	316
772	404
772	470
772	523
772	550
772	582
772	601
772	656
772	665
772	667
772	687
772	715
772	749
772	796
772	801
772	804
772	806
772	827
772	874
773	503
773	538
773	556
773	596
773	624
773	710
773	744
773	758
773	760
773	765
773	775
773	816
773	832
773	834
773	836
773	839
773	994
774	358
774	395
774	396
774	410
774	433
774	461
774	477
774	484
774	485
774	491
774	545
774	648
774	659
774	663
774	716
774	718
774	748
774	757
774	777
774	841
775	556
775	596
775	624
775	694
775	710
775	744
775	760
775	765
775	773
775	816
775	832
775	834
775	836
775	839
775	894
775	900
775	998
776	629
776	647
776	658
776	678
776	700
776	704
776	712
776	717
776	724
776	727
776	754
776	755
776	764
776	803
776	810
776	821
776	825
776	843
776	849
776	869
776	898
776	934
777	358
777	396
777	410
777	433
777	461
777	477
777	484
777	485
777	491
777	545
777	574
777	648
777	659
777	663
777	716
777	718
777	748
777	757
777	774
777	886
777	934
778	209
778	534
778	568
778	590
778	598
778	611
778	639
778	723
778	730
778	733
778	734
778	738
778	745
778	817
778	842
778	859
778	864
778	865
778	872
779	665
779	737
779	751
779	782
779	797
779	812
779	818
779	844
779	858
779	859
779	891
779	915
779	916
779	922
779	923
779	933
779	942
779	956
779	958
779	961
779	963
779	975
779	982
780	687
780	738
780	759
780	768
780	786
780	791
780	795
780	807
780	808
780	841
780	857
780	860
780	870
780	874
780	884
780	886
780	887
780	899
780	903
780	932
780	938
780	949
781	31
781	444
781	492
781	494
781	498
781	512
781	536
781	567
781	579
781	619
781	632
781	641
781	684
781	690
781	695
781	703
781	728
781	785
781	815
781	820
781	828
781	848
781	939
782	598
782	751
782	779
782	797
782	812
782	818
782	824
782	847
782	858
782	891
782	900
782	915
782	916
782	922
782	923
782	933
782	942
782	956
782	958
782	961
782	963
782	975
782	982
783	432
783	443
783	501
783	507
783	527
783	535
783	547
783	565
783	586
783	593
783	603
783	622
783	661
783	689
783	720
783	721
783	722
783	726
783	731
783	753
783	799
783	919
784	289
784	338
784	346
784	356
784	401
784	468
784	499
784	505
784	599
784	614
784	649
784	664
784	670
784	676
784	681
784	705
784	723
784	756
784	763
784	767
784	790
784	800
784	814
784	865
785	444
785	494
785	498
785	536
785	567
785	619
785	632
785	641
785	649
785	684
785	690
785	695
785	703
785	728
785	781
785	815
785	820
785	828
785	848
785	964
786	711
786	759
786	763
786	768
786	780
786	791
786	795
786	807
786	808
786	814
786	841
786	857
786	860
786	870
786	874
786	884
786	886
786	887
786	899
786	903
786	909
786	932
786	938
786	949
787	100
787	603
787	682
787	819
787	835
787	850
787	854
787	861
787	882
787	894
787	897
787	901
787	917
787	937
787	947
787	968
787	969
787	971
787	980
787	984
787	985
787	986
787	990
787	992
788	494
788	758
788	812
788	837
788	840
788	862
788	868
788	876
788	879
788	890
788	893
788	920
788	925
788	926
788	944
788	950
788	955
788	964
788	965
788	973
788	979
788	996
789	628
789	638
789	725
789	741
789	762
789	798
789	802
789	805
789	810
789	813
789	833
789	867
789	875
789	902
789	914
789	924
789	931
789	940
789	959
790	419
790	454
790	468
790	499
790	505
790	557
790	599
790	614
790	664
790	670
790	676
790	681
790	705
790	726
790	756
790	763
790	767
790	784
790	800
790	814
791	158
791	660
791	711
791	768
791	780
791	786
791	795
791	807
791	808
791	841
791	857
791	860
791	870
791	874
791	884
791	886
791	887
791	899
791	903
791	909
791	932
791	938
791	949
792	671
792	697
792	747
792	761
792	847
792	863
792	871
792	883
792	888
792	908
792	910
792	918
792	929
792	934
792	936
792	951
792	952
792	966
792	993
793	646
793	719
793	770
793	822
793	830
793	845
793	880
793	885
793	911
793	919
793	930
793	935
793	939
793	945
793	959
793	962
793	974
793	983
793	986
793	988
793	998
794	719
794	750
794	770
794	812
794	830
794	852
794	880
794	885
794	889
794	913
794	930
794	935
794	939
794	941
794	945
794	959
794	962
794	974
794	983
794	984
794	988
794	993
794	998
795	141
795	534
795	768
795	780
795	786
795	791
795	807
795	841
795	857
795	860
795	870
795	874
795	884
795	886
795	887
795	899
795	903
795	909
795	932
795	938
795	949
796	404
796	470
796	523
796	550
796	582
796	595
796	601
796	604
796	656
796	665
796	667
796	687
796	703
796	715
796	749
796	772
796	801
796	804
796	806
796	827
797	71
797	737
797	751
797	779
797	782
797	812
797	818
797	824
797	844
797	858
797	891
797	900
797	905
797	916
797	922
797	923
797	933
797	940
797	942
797	956
797	958
797	961
797	963
797	975
797	982
798	628
798	696
798	725
798	741
798	762
798	789
798	802
798	805
798	810
798	813
798	833
798	838
798	867
798	875
798	902
798	914
798	924
798	927
798	931
798	940
798	997
799	280
799	302
799	432
799	443
799	507
799	527
799	535
799	547
799	565
799	586
799	593
799	603
799	622
799	661
799	689
799	716
799	720
799	721
799	722
799	726
799	731
799	753
799	783
799	972
800	377
800	401
800	454
800	468
800	499
800	505
800	557
800	599
800	614
800	649
800	664
800	670
800	676
800	681
800	705
800	756
800	763
800	767
800	784
800	790
800	814
800	903
800	985
801	114
801	350
801	404
801	470
801	523
801	548
801	550
801	582
801	583
801	601
801	604
801	656
801	665
801	667
801	687
801	715
801	749
801	772
801	796
801	804
801	806
801	827
802	554
802	606
802	607
802	623
802	628
802	638
802	696
802	741
802	762
802	789
802	798
802	804
802	805
802	810
802	833
802	867
802	875
802	914
802	924
802	927
802	931
802	940
803	600
803	629
803	647
803	658
803	678
803	700
803	704
803	712
803	717
803	724
803	727
803	744
803	752
803	754
803	755
803	764
803	776
803	821
803	825
803	843
803	849
803	869
803	898
803	933
804	17
804	347
804	350
804	404
804	470
804	523
804	550
804	582
804	601
804	604
804	656
804	665
804	667
804	687
804	715
804	749
804	772
804	796
804	801
804	802
804	806
804	827
805	286
805	329
805	628
805	696
805	725
805	731
805	741
805	762
805	789
805	798
805	802
805	810
805	813
805	833
805	867
805	875
805	902
805	914
805	924
805	927
805	931
805	940
806	81
806	350
806	404
806	470
806	523
806	550
806	582
806	601
806	604
806	656
806	665
806	667
806	687
806	715
806	749
806	772
806	796
806	801
806	804
806	827
806	952
807	651
807	660
807	711
807	759
807	768
807	780
807	786
807	791
807	795
807	808
807	841
807	857
807	860
807	861
807	870
807	874
807	884
807	887
807	899
807	903
807	909
807	932
807	938
807	949
808	227
808	660
808	711
808	759
808	768
808	780
808	786
808	791
808	807
808	841
808	857
808	860
808	870
808	874
808	884
808	886
808	887
808	899
808	903
808	909
808	916
808	928
808	932
808	938
808	949
809	637
809	811
809	826
809	851
809	877
809	895
809	905
809	906
809	921
809	943
809	954
809	960
809	965
809	977
809	978
809	981
809	994
809	997
809	999
809	1000
810	554
810	606
810	607
810	628
810	638
810	696
810	725
810	741
810	776
810	789
810	798
810	802
810	805
810	813
810	814
810	867
810	875
810	902
810	914
810	924
810	927
810	931
810	940
811	236
811	660
811	663
811	809
811	826
811	838
811	846
811	851
811	877
811	895
811	905
811	906
811	921
811	943
811	954
811	957
811	960
811	977
811	978
811	981
811	994
811	997
811	999
811	1000
812	729
812	734
812	739
812	779
812	782
812	788
812	794
812	797
812	818
812	844
812	858
812	891
812	900
812	915
812	916
812	922
812	923
812	933
812	942
812	956
812	958
812	961
812	963
812	975
812	982
813	554
813	606
813	607
813	628
813	638
813	696
813	741
813	789
813	798
813	805
813	810
813	833
813	867
813	875
813	902
813	914
813	924
813	927
813	931
813	940
813	971
814	401
814	454
814	468
814	499
814	505
814	557
814	599
814	614
814	649
814	664
814	670
814	676
814	681
814	705
814	756
814	763
814	767
814	784
814	786
814	790
814	800
814	810
815	391
815	492
815	494
815	498
815	536
815	564
815	567
815	579
815	619
815	632
815	641
815	684
815	690
815	695
815	703
815	728
815	781
815	785
815	820
815	828
815	848
815	996
816	300
816	322
816	330
816	381
816	407
816	428
816	430
816	476
816	501
816	503
816	538
816	596
816	624
816	694
816	710
816	744
816	760
816	765
816	773
816	775
816	822
816	832
816	834
816	836
816	839
816	847
817	429
817	534
817	568
817	590
817	598
817	611
817	639
817	723
817	730
817	733
817	738
817	745
817	766
817	778
817	839
817	842
817	859
817	864
817	865
817	872
817	914
818	729
818	734
818	737
818	751
818	779
818	782
818	797
818	812
818	824
818	832
818	844
818	858
818	892
818	900
818	915
818	916
818	922
818	923
818	933
818	936
818	956
818	958
818	961
818	963
818	975
818	982
819	702
819	787
819	835
819	850
819	852
819	853
819	854
819	861
819	894
819	901
819	917
819	937
819	947
819	968
819	969
819	971
819	980
819	984
819	985
819	986
819	990
819	992
820	444
820	492
820	494
820	498
820	536
820	567
820	579
820	593
820	613
820	619
820	641
820	684
820	690
820	695
820	703
820	728
820	781
820	785
820	815
820	828
820	848
820	991
821	600
821	629
821	647
821	658
821	678
821	687
821	700
821	704
821	712
821	717
821	724
821	727
821	752
821	754
821	755
821	764
821	776
821	803
821	825
821	843
821	849
821	869
821	898
821	978
822	750
822	770
822	793
822	816
822	845
822	852
822	880
822	885
822	889
822	911
822	913
822	919
822	930
822	935
822	939
822	941
822	945
822	959
822	962
822	983
822	988
822	993
822	998
822	1000
823	264
823	347
823	638
823	771
823	829
823	831
823	855
823	873
823	878
823	892
823	896
823	907
823	912
823	928
823	946
823	948
823	953
823	967
823	970
823	972
823	976
823	987
823	989
823	991
823	995
824	414
824	729
824	734
824	737
824	751
824	759
824	782
824	797
824	818
824	844
824	891
824	900
824	915
824	916
824	922
824	923
824	933
824	942
824	956
824	958
824	961
824	963
824	975
824	982
825	348
825	452
825	490
825	500
825	519
825	600
825	629
825	647
825	658
825	678
825	700
825	704
825	712
825	717
825	724
825	727
825	752
825	764
825	776
825	803
825	821
825	843
825	849
825	869
825	898
826	627
826	706
826	746
826	809
826	811
826	838
826	846
826	851
826	877
826	905
826	921
826	943
826	954
826	957
826	960
826	977
826	978
826	981
826	994
826	997
826	999
826	1000
827	108
827	347
827	350
827	404
827	470
827	523
827	550
827	582
827	601
827	604
827	656
827	665
827	667
827	687
827	710
827	715
827	721
827	730
827	749
827	772
827	796
827	801
827	804
827	806
828	342
828	391
828	444
828	492
828	494
828	498
828	567
828	579
828	619
828	632
828	641
828	684
828	690
828	695
828	703
828	728
828	781
828	785
828	815
828	820
828	848
828	958
828	960
829	685
829	823
829	831
829	855
829	873
829	878
829	892
829	896
829	907
829	912
829	928
829	946
829	948
829	953
829	967
829	970
829	972
829	975
829	976
829	987
829	989
829	991
829	995
830	770
830	793
830	794
830	845
830	852
830	855
830	880
830	885
830	889
830	911
830	913
830	919
830	930
830	931
830	935
830	939
830	941
830	945
830	959
830	962
830	974
830	988
830	993
830	998
831	552
831	771
831	823
831	829
831	855
831	873
831	878
831	892
831	896
831	907
831	912
831	928
831	946
831	953
831	956
831	967
831	970
831	972
831	976
831	987
831	989
831	991
831	995
832	250
832	322
832	330
832	381
832	389
832	407
832	428
832	430
832	476
832	501
832	503
832	531
832	538
832	556
832	596
832	624
832	694
832	710
832	744
832	760
832	765
832	773
832	775
832	816
832	818
832	834
832	836
832	839
833	263
833	554
833	606
833	628
833	638
833	696
833	725
833	741
833	762
833	789
833	798
833	802
833	805
833	813
833	867
833	875
833	902
833	914
833	924
833	927
833	931
833	940
833	970
834	250
834	272
834	300
834	322
834	330
834	381
834	407
834	428
834	430
834	476
834	501
834	503
834	538
834	556
834	596
834	624
834	694
834	710
834	736
834	760
834	765
834	773
834	775
834	816
834	832
834	836
834	839
834	858
834	950
835	49
835	88
835	655
835	702
835	736
835	740
835	787
835	819
835	850
835	853
835	854
835	861
835	882
835	894
835	897
835	901
835	937
835	947
835	968
835	969
835	971
835	980
835	984
835	985
835	986
835	990
835	992
836	132
836	250
836	272
836	300
836	322
836	330
836	381
836	407
836	428
836	430
836	476
836	501
836	503
836	538
836	556
836	596
836	624
836	629
836	694
836	710
836	744
836	760
836	765
836	773
836	775
836	816
836	832
836	834
836	839
837	669
837	675
837	688
837	699
837	701
837	732
837	758
837	788
837	840
837	856
837	862
837	866
837	868
837	872
837	879
837	890
837	893
837	920
837	925
837	926
837	944
837	950
837	955
837	964
837	965
837	970
837	979
837	996
838	648
838	693
838	706
838	743
838	746
838	798
838	811
838	826
838	846
838	877
838	895
838	905
838	921
838	943
838	954
838	957
838	960
838	965
838	977
838	978
838	981
838	994
838	997
838	999
838	1000
839	90
839	250
839	272
839	300
839	322
839	330
839	381
839	407
839	428
839	430
839	476
839	501
839	503
839	538
839	556
839	596
839	624
839	694
839	710
839	744
839	760
839	765
839	773
839	775
839	816
839	817
839	832
839	834
839	836
840	583
840	602
840	675
840	732
840	742
840	769
840	788
840	837
840	856
840	862
840	866
840	868
840	871
840	876
840	890
840	893
840	904
840	920
840	925
840	926
840	944
840	950
840	955
840	964
840	965
840	973
840	979
840	996
841	475
841	651
841	711
841	759
841	768
841	774
841	780
841	786
841	791
841	795
841	807
841	808
841	857
841	860
841	870
841	874
841	884
841	886
841	899
841	903
841	909
841	932
841	938
841	949
842	386
842	427
842	429
842	534
842	568
842	590
842	598
842	611
842	639
842	657
842	723
842	730
842	733
842	738
842	745
842	766
842	778
842	817
842	859
842	864
842	865
842	872
842	903
842	933
843	453
843	500
843	600
843	629
843	647
843	678
843	700
843	704
843	712
843	717
843	724
843	727
843	752
843	754
843	755
843	764
843	776
843	803
843	821
843	825
843	849
843	869
843	870
843	898
843	942
844	319
844	577
844	692
844	734
844	737
844	751
844	779
844	797
844	812
844	818
844	824
844	858
844	900
844	915
844	916
844	922
844	923
844	933
844	942
844	956
844	958
844	959
844	961
844	963
844	975
844	982
845	688
845	708
845	719
845	750
845	770
845	793
845	822
845	830
845	852
845	880
845	885
845	889
845	911
845	913
845	919
845	932
845	935
845	939
845	941
845	945
845	959
845	962
845	974
845	983
845	988
845	993
845	998
846	581
846	673
846	706
846	743
846	811
846	826
846	838
846	851
846	877
846	895
846	905
846	906
846	921
846	943
846	949
846	954
846	957
846	960
846	977
846	978
846	981
846	994
846	997
846	999
846	1000
847	563
847	566
847	620
847	634
847	671
847	682
847	697
847	747
847	782
847	792
847	816
847	863
847	871
847	881
847	883
847	888
847	908
847	910
847	918
847	929
847	934
847	936
847	951
847	952
847	966
848	291
848	312
848	342
848	369
848	391
848	444
848	492
848	494
848	498
848	536
848	567
848	579
848	619
848	632
848	641
848	684
848	690
848	691
848	695
848	703
848	728
848	781
848	785
848	815
848	820
848	828
848	917
849	452
849	490
849	500
849	600
849	629
849	630
849	647
849	658
849	678
849	700
849	704
849	712
849	717
849	724
849	727
849	752
849	754
849	755
849	764
849	776
849	803
849	821
849	825
849	843
849	869
849	898
850	412
850	635
850	683
850	714
850	736
850	787
850	819
850	835
850	853
850	854
850	882
850	894
850	897
850	917
850	937
850	947
850	968
850	969
850	971
850	980
850	984
850	985
850	986
850	990
850	992
851	379
851	484
851	673
851	693
851	706
851	743
851	746
851	809
851	811
851	826
851	846
851	877
851	895
851	905
851	906
851	921
851	943
851	954
851	957
851	960
851	977
851	978
851	981
851	994
851	997
851	999
851	1000
852	44
852	708
852	750
852	770
852	794
852	819
852	822
852	830
852	845
852	880
852	885
852	889
852	911
852	913
852	935
852	941
852	945
852	959
852	962
852	974
852	983
852	988
852	993
852	998
853	635
853	702
853	709
853	714
853	740
853	771
853	819
853	835
853	850
853	861
853	882
853	894
853	897
853	901
853	917
853	918
853	937
853	947
853	968
853	969
853	971
853	980
853	984
853	985
853	986
853	990
853	992
854	605
854	635
854	693
854	709
854	714
854	736
854	740
854	787
854	819
854	835
854	850
854	861
854	894
854	897
854	901
854	917
854	937
854	947
854	968
854	969
854	971
854	978
854	980
854	984
854	985
854	986
854	990
854	992
855	459
855	557
855	771
855	823
855	829
855	830
855	831
855	873
855	878
855	892
855	896
855	907
855	912
855	928
855	946
855	948
855	953
855	967
855	970
855	972
855	976
855	987
855	989
855	991
855	995
856	522
856	688
856	699
856	701
856	732
856	758
856	769
856	837
856	840
856	862
856	868
856	876
856	879
856	883
856	890
856	893
856	904
856	920
856	925
856	926
856	944
856	950
856	955
856	964
856	965
856	973
856	979
856	996
857	179
857	280
857	651
857	660
857	711
857	759
857	768
857	780
857	786
857	791
857	795
857	807
857	808
857	841
857	860
857	870
857	874
857	884
857	886
857	887
857	899
857	903
857	909
857	932
857	938
857	949
858	672
858	685
858	692
858	729
858	734
858	779
858	782
858	797
858	812
858	818
858	834
858	844
858	891
858	900
858	915
858	916
858	922
858	923
858	933
858	942
858	956
858	958
858	961
858	963
858	964
858	975
858	982
859	197
859	331
859	386
859	398
859	427
859	429
859	534
859	568
859	590
859	598
859	611
859	639
859	723
859	730
859	733
859	738
859	745
859	766
859	778
859	779
859	817
859	842
859	864
859	865
859	872
859	950
860	549
860	580
860	651
860	660
860	759
860	780
860	786
860	791
860	795
860	807
860	808
860	841
860	857
860	870
860	874
860	884
860	886
860	887
860	899
860	903
860	909
860	932
860	938
860	949
860	952
860	990
861	335
861	635
861	686
861	702
861	709
861	736
861	740
861	766
861	787
861	807
861	819
861	835
861	853
861	854
861	882
861	894
861	897
861	901
861	917
861	937
861	947
861	968
861	969
861	971
861	980
861	984
861	985
861	992
862	572
862	602
862	669
862	688
862	699
862	736
862	742
862	758
862	788
862	837
862	840
862	856
862	866
862	868
862	876
862	879
862	890
862	893
862	904
862	920
862	925
862	926
862	944
862	950
862	955
862	964
862	965
862	973
862	979
862	996
863	563
863	566
863	620
863	671
863	682
863	697
863	742
863	761
863	792
863	847
863	881
863	883
863	888
863	894
863	908
863	910
863	918
863	929
863	934
863	935
863	936
863	951
863	952
863	966
864	197
864	331
864	386
864	398
864	427
864	429
864	534
864	568
864	590
864	598
864	611
864	639
864	642
864	706
864	723
864	730
864	733
864	738
864	745
864	766
864	778
864	817
864	842
864	859
864	865
864	872
865	197
865	331
865	386
865	398
865	427
865	429
865	434
865	534
865	568
865	590
865	598
865	611
865	639
865	723
865	730
865	733
865	738
865	745
865	766
865	778
865	784
865	817
865	842
865	859
865	864
865	872
866	547
866	602
866	610
866	669
866	675
866	701
866	732
866	837
866	840
866	862
866	868
866	876
866	879
866	890
866	893
866	904
866	920
866	925
866	926
866	944
866	950
866	955
866	964
866	965
866	969
866	973
866	979
866	996
867	246
867	325
867	435
867	486
867	554
867	578
867	606
867	607
867	628
867	638
867	696
867	725
867	741
867	762
867	789
867	798
867	802
867	805
867	810
867	813
867	833
867	875
867	902
867	914
867	924
867	927
867	931
867	940
868	675
868	688
868	699
868	701
868	732
868	742
868	758
868	788
868	837
868	840
868	856
868	862
868	866
868	876
868	879
868	890
868	902
868	904
868	920
868	926
868	939
868	944
868	950
868	955
868	964
868	965
868	973
868	979
868	996
869	319
869	320
869	403
869	452
869	453
869	490
869	600
869	629
869	647
869	658
869	678
869	700
869	704
869	712
869	717
869	724
869	727
869	752
869	754
869	755
869	764
869	776
869	803
869	821
869	825
869	843
869	849
869	887
869	898
869	905
869	967
870	580
870	651
870	660
870	711
870	717
870	759
870	768
870	780
870	786
870	791
870	795
870	807
870	808
870	841
870	843
870	857
870	860
870	874
870	884
870	886
870	887
870	899
870	903
870	909
870	932
870	938
870	949
870	979
871	373
871	425
871	453
871	563
871	566
871	634
871	671
871	682
871	697
871	761
871	792
871	840
871	847
871	881
871	888
871	908
871	910
871	918
871	929
871	934
871	936
871	951
871	952
871	966
872	197
872	331
872	386
872	398
872	427
872	429
872	534
872	568
872	590
872	598
872	611
872	639
872	723
872	730
872	733
872	738
872	745
872	766
872	778
872	817
872	837
872	842
872	859
872	864
872	865
872	898
872	999
873	636
873	646
873	698
873	707
873	771
873	823
873	829
873	831
873	855
873	878
873	892
873	896
873	907
873	912
873	928
873	936
873	946
873	948
873	953
873	967
873	970
873	976
873	987
873	989
873	991
873	995
874	146
874	597
874	651
874	660
874	711
874	759
874	768
874	772
874	780
874	786
874	791
874	795
874	807
874	808
874	841
874	857
874	860
874	870
874	884
874	886
874	887
874	899
874	903
874	909
874	932
874	938
874	949
875	435
875	497
875	521
875	554
875	578
875	606
875	607
875	628
875	638
875	691
875	696
875	725
875	762
875	789
875	798
875	802
875	805
875	810
875	813
875	833
875	867
875	893
875	902
875	914
875	924
875	927
875	931
875	940
875	963
876	248
876	401
876	545
876	602
876	675
876	688
876	732
876	742
876	758
876	769
876	788
876	840
876	856
876	862
876	866
876	868
876	879
876	890
876	893
876	904
876	920
876	925
876	926
876	944
876	950
876	955
876	964
876	965
876	973
876	979
876	996
877	625
877	673
877	680
877	743
877	746
877	809
877	811
877	826
877	838
877	846
877	851
877	879
877	895
877	905
877	906
877	921
877	943
877	954
877	957
877	960
877	977
877	978
877	981
877	994
877	997
877	999
877	1000
878	521
878	636
878	653
878	685
878	698
878	707
878	823
878	829
878	831
878	855
878	873
878	896
878	907
878	912
878	913
878	928
878	946
878	948
878	953
878	967
878	970
878	972
878	976
878	987
878	989
878	991
878	995
879	427
879	610
879	669
879	675
879	686
879	688
879	699
879	701
879	742
879	769
879	788
879	837
879	856
879	862
879	866
879	868
879	876
879	877
879	893
879	904
879	926
879	944
879	950
879	955
879	964
879	965
879	973
879	979
879	996
880	719
880	750
880	756
880	770
880	793
880	794
880	822
880	830
880	845
880	852
880	885
880	889
880	911
880	913
880	919
880	930
880	935
880	939
880	941
880	945
880	959
880	962
880	974
880	976
880	983
880	988
880	993
880	998
881	563
881	566
881	620
881	634
881	664
881	671
881	682
881	697
881	747
881	761
881	847
881	863
881	871
881	883
881	888
881	908
881	910
881	918
881	929
881	934
881	936
881	951
881	952
881	966
881	987
882	633
882	635
882	683
882	686
882	708
882	709
882	714
882	736
882	740
882	787
882	835
882	850
882	853
882	861
882	894
882	897
882	918
882	937
882	947
882	968
882	969
882	971
882	980
882	984
882	985
882	986
882	990
882	992
883	410
883	563
883	566
883	620
883	634
883	661
883	671
883	682
883	697
883	747
883	761
883	792
883	847
883	856
883	863
883	881
883	888
883	906
883	908
883	910
883	918
883	929
883	934
883	936
883	951
883	952
883	966
884	173
884	549
884	580
884	651
884	660
884	711
884	759
884	768
884	780
884	786
884	791
884	795
884	807
884	808
884	841
884	857
884	860
884	870
884	874
884	886
884	887
884	899
884	903
884	909
884	932
884	938
884	949
884	953
884	999
885	136
885	471
885	708
885	719
885	793
885	794
885	822
885	830
885	845
885	852
885	880
885	889
885	911
885	913
885	919
885	930
885	931
885	935
885	939
885	941
885	945
885	959
885	962
885	983
885	988
885	993
885	998
886	405
886	513
886	540
886	549
886	561
886	580
886	589
886	651
886	690
886	711
886	759
886	768
886	777
886	780
886	786
886	791
886	795
886	808
886	841
886	857
886	860
886	870
886	874
886	884
886	887
886	899
886	903
886	909
886	932
886	938
886	949
887	513
887	540
887	549
887	561
887	580
887	660
887	711
887	759
887	768
887	780
887	786
887	791
887	795
887	807
887	808
887	857
887	860
887	869
887	870
887	874
887	884
887	886
887	899
887	903
887	909
887	932
887	938
887	949
887	957
888	563
888	566
888	620
888	634
888	671
888	682
888	697
888	761
888	792
888	847
888	863
888	871
888	881
888	883
888	908
888	910
888	918
888	929
888	934
888	936
888	951
888	952
888	966
888	983
889	556
889	559
889	708
889	719
889	750
889	794
889	822
889	830
889	845
889	852
889	880
889	885
889	911
889	913
889	919
889	930
889	935
889	939
889	940
889	941
889	945
889	959
889	962
889	974
889	983
889	988
889	993
889	998
890	343
890	602
890	659
890	669
890	675
890	688
890	699
890	730
890	732
890	742
890	758
890	769
890	788
890	837
890	840
890	856
890	862
890	866
890	868
890	876
890	893
890	896
890	904
890	920
890	925
890	926
890	944
890	950
890	955
890	964
890	965
890	973
890	979
890	996
891	553
891	585
891	612
891	617
891	633
891	637
891	668
891	696
891	729
891	734
891	737
891	779
891	782
891	797
891	812
891	824
891	858
891	900
891	915
891	916
891	922
891	923
891	933
891	942
891	956
891	958
891	961
891	963
891	971
891	975
891	982
892	636
892	646
892	685
892	698
892	707
892	771
892	818
892	823
892	829
892	831
892	855
892	873
892	896
892	907
892	912
892	928
892	941
892	946
892	948
892	953
892	967
892	970
892	972
892	976
892	987
892	989
892	991
892	995
893	223
893	610
893	640
893	669
893	675
893	688
893	699
893	732
893	742
893	758
893	788
893	837
893	840
893	856
893	862
893	866
893	875
893	876
893	879
893	890
893	904
893	925
893	926
893	944
893	950
893	955
893	964
893	965
893	973
893	979
893	996
894	635
894	683
894	702
894	714
894	721
894	736
894	740
894	775
894	787
894	819
894	835
894	850
894	853
894	854
894	861
894	863
894	882
894	897
894	901
894	917
894	937
894	947
894	968
894	969
894	971
894	980
894	984
894	985
894	986
894	990
894	992
895	95
895	650
895	655
895	693
895	706
895	743
895	746
895	809
895	811
895	838
895	846
895	851
895	877
895	905
895	906
895	921
895	943
895	948
895	954
895	957
895	960
895	977
895	978
895	981
895	994
895	997
895	999
895	1000
896	341
896	398
896	636
896	646
896	653
896	685
896	698
896	707
896	771
896	823
896	829
896	831
896	855
896	873
896	878
896	890
896	892
896	907
896	912
896	928
896	934
896	946
896	948
896	953
896	967
896	970
896	972
896	976
896	987
896	989
896	991
896	995
897	164
897	448
897	635
897	657
897	683
897	686
897	702
897	709
897	736
897	787
897	835
897	850
897	853
897	854
897	861
897	882
897	894
897	901
897	917
897	937
897	947
897	968
897	969
897	971
897	975
897	980
897	984
897	985
897	986
897	990
897	992
898	246
898	319
898	320
898	377
898	390
898	403
898	452
898	453
898	490
898	500
898	600
898	629
898	647
898	658
898	668
898	678
898	700
898	704
898	712
898	717
898	724
898	727
898	752
898	754
898	755
898	764
898	776
898	803
898	821
898	825
898	843
898	849
898	869
898	872
899	98
899	513
899	549
899	561
899	580
899	589
899	651
899	660
899	711
899	759
899	768
899	780
899	786
899	791
899	795
899	807
899	808
899	841
899	857
899	860
899	870
899	874
899	884
899	886
899	887
899	903
899	908
899	909
899	932
899	938
899	949
900	553
900	617
900	637
900	649
900	653
900	668
900	672
900	692
900	729
900	734
900	737
900	751
900	775
900	782
900	797
900	812
900	818
900	824
900	844
900	858
900	891
900	915
900	916
900	922
900	923
900	933
900	942
900	945
900	956
900	958
900	961
900	963
900	975
900	982
901	551
901	560
901	635
901	686
901	702
901	709
901	714
901	736
901	740
901	760
901	787
901	819
901	835
901	853
901	854
901	861
901	894
901	897
901	917
901	937
901	947
901	954
901	968
901	969
901	971
901	980
901	984
901	985
901	986
901	990
902	352
902	412
902	435
902	473
902	482
902	497
902	521
902	554
902	578
902	606
902	607
902	628
902	638
902	696
902	725
902	741
902	751
902	762
902	789
902	798
902	805
902	810
902	813
902	833
902	867
902	868
902	875
902	914
902	924
902	927
902	931
902	940
903	135
903	513
903	540
903	549
903	561
903	580
903	589
903	651
903	660
903	759
903	768
903	780
903	786
903	791
903	795
903	800
903	807
903	808
903	841
903	842
903	857
903	860
903	870
903	874
903	884
903	886
903	887
903	899
903	909
903	929
903	932
903	938
903	949
904	54
904	602
904	669
904	675
904	688
904	701
904	732
904	742
904	758
904	769
904	840
904	856
904	862
904	866
904	868
904	876
904	879
904	890
904	893
904	920
904	925
904	926
904	944
904	950
904	955
904	964
904	965
904	973
904	979
904	996
904	999
905	650
905	680
905	693
905	706
905	720
905	743
905	746
905	797
905	809
905	811
905	826
905	838
905	846
905	851
905	869
905	877
905	895
905	906
905	921
905	943
905	954
905	957
905	960
905	977
905	978
905	981
905	994
905	997
905	999
905	1000
906	188
906	650
906	655
906	673
906	680
906	693
906	706
906	743
906	746
906	809
906	811
906	846
906	851
906	877
906	883
906	895
906	905
906	921
906	928
906	943
906	954
906	957
906	960
906	977
906	978
906	981
906	994
906	997
906	999
906	1000
907	91
907	625
907	636
907	646
907	653
907	698
907	707
907	771
907	823
907	829
907	831
907	855
907	873
907	878
907	892
907	896
907	912
907	928
907	946
907	948
907	953
907	967
907	970
907	972
907	976
907	987
907	989
907	991
907	995
907	996
908	425
908	544
908	563
908	620
908	634
908	671
908	682
908	697
908	747
908	761
908	792
908	847
908	863
908	871
908	881
908	883
908	888
908	899
908	910
908	918
908	929
908	934
908	936
908	951
908	952
908	966
909	288
909	513
909	540
909	549
909	561
909	580
909	589
909	651
909	660
909	711
909	759
909	768
909	786
909	791
909	795
909	807
909	808
909	841
909	857
909	860
909	870
909	874
909	884
909	886
909	887
909	899
909	903
909	932
909	938
909	949
909	974
910	249
910	530
910	552
910	620
910	634
910	682
910	697
910	747
910	761
910	792
910	847
910	863
910	871
910	881
910	883
910	888
910	908
910	918
910	929
910	934
910	936
910	951
910	952
910	966
910	970
910	995
911	571
911	719
911	750
911	770
911	793
911	822
911	830
911	845
911	852
911	880
911	885
911	889
911	913
911	919
911	922
911	930
911	935
911	939
911	941
911	945
911	946
911	959
911	962
911	974
911	983
911	988
911	990
911	993
911	998
912	87
912	613
912	625
912	642
912	646
912	653
912	685
912	698
912	707
912	771
912	823
912	829
912	831
912	855
912	873
912	878
912	892
912	896
912	907
912	928
912	946
912	948
912	953
912	967
912	970
912	972
912	976
912	987
912	989
912	991
912	995
912	998
913	6
913	468
913	571
913	630
913	708
913	719
913	750
913	770
913	794
913	822
913	830
913	845
913	852
913	878
913	880
913	885
913	889
913	911
913	919
913	930
913	935
913	939
913	941
913	945
913	962
913	974
913	983
913	988
913	993
913	998
914	412
914	473
914	482
914	497
914	521
914	551
914	554
914	578
914	606
914	607
914	628
914	638
914	694
914	696
914	725
914	741
914	762
914	789
914	798
914	802
914	805
914	810
914	813
914	817
914	833
914	867
914	875
914	902
914	924
914	927
914	931
914	940
915	402
915	585
915	588
915	612
915	617
915	637
915	668
915	672
915	692
915	719
915	729
915	751
915	779
915	782
915	812
915	818
915	824
915	844
915	858
915	891
915	900
915	916
915	922
915	923
915	933
915	942
915	956
915	958
915	961
915	963
915	975
915	982
916	317
916	553
916	585
916	612
916	617
916	637
916	668
916	672
916	692
916	707
916	729
916	734
916	737
916	751
916	779
916	782
916	797
916	808
916	812
916	818
916	824
916	844
916	858
916	891
916	900
916	915
916	922
916	923
916	933
916	942
916	956
916	958
916	961
916	963
916	975
916	982
917	440
917	560
917	635
917	657
917	683
917	686
917	702
917	709
917	714
917	740
917	787
917	819
917	848
917	850
917	853
917	854
917	861
917	894
917	897
917	901
917	937
917	947
917	968
917	969
917	971
917	980
917	984
917	985
917	986
917	990
917	992
918	425
918	552
918	563
918	566
918	634
918	671
918	682
918	697
918	747
918	761
918	792
918	847
918	853
918	863
918	871
918	881
918	882
918	883
918	888
918	908
918	910
918	929
918	934
918	936
918	951
918	952
918	966
919	562
919	627
919	630
919	701
919	719
919	770
919	783
919	793
919	822
919	830
919	845
919	880
919	885
919	889
919	911
919	913
919	930
919	935
919	939
919	941
919	959
919	962
919	974
919	982
919	983
919	988
919	993
919	998
920	581
920	592
920	610
920	640
920	669
920	675
920	688
920	699
920	701
920	732
920	749
920	758
920	769
920	788
920	837
920	840
920	856
920	862
920	866
920	868
920	876
920	890
920	904
920	925
920	926
920	944
920	950
920	955
920	964
920	965
920	973
920	979
920	995
920	996
921	647
921	650
921	655
921	673
921	693
921	706
921	709
921	743
921	746
921	809
921	811
921	826
921	838
921	846
921	851
921	877
921	895
921	905
921	906
921	943
921	954
921	957
921	960
921	977
921	978
921	981
921	994
921	997
921	999
921	1000
922	559
922	585
922	612
922	617
922	637
922	672
922	692
922	734
922	751
922	755
922	779
922	782
922	797
922	812
922	818
922	824
922	844
922	858
922	891
922	900
922	911
922	915
922	916
922	923
922	933
922	942
922	956
922	958
922	961
922	963
922	975
922	982
923	78
923	553
923	559
923	585
923	592
923	612
923	637
923	668
923	672
923	729
923	734
923	737
923	751
923	779
923	782
923	797
923	812
923	818
923	824
923	844
923	858
923	891
923	900
923	915
923	916
923	922
923	933
923	942
923	956
923	958
923	961
923	963
923	975
923	982
923	989
924	215
924	352
924	412
924	423
924	435
924	473
924	482
924	497
924	521
924	554
924	571
924	578
924	606
924	607
924	628
924	638
924	696
924	725
924	741
924	762
924	789
924	798
924	802
924	805
924	810
924	813
924	833
924	867
924	875
924	902
924	914
924	927
924	931
924	940
924	951
925	217
925	437
925	592
925	602
925	610
925	618
925	640
925	650
925	669
925	699
925	701
925	732
925	742
925	758
925	769
925	788
925	837
925	840
925	856
925	862
925	866
925	876
925	890
925	893
925	904
925	920
925	926
925	944
925	950
925	955
925	964
925	965
925	973
925	979
925	996
926	581
926	610
926	618
926	640
926	669
926	675
926	688
926	699
926	701
926	719
926	731
926	732
926	742
926	758
926	769
926	788
926	837
926	840
926	856
926	862
926	866
926	868
926	876
926	879
926	890
926	893
926	904
926	920
926	925
926	944
926	950
926	964
926	965
926	973
926	979
926	996
927	15
927	194
927	216
927	299
927	352
927	412
927	423
927	435
927	473
927	482
927	497
927	521
927	554
927	578
927	606
927	607
927	628
927	638
927	696
927	725
927	741
927	762
927	798
927	802
927	805
927	810
927	813
927	833
927	867
927	875
927	902
927	914
927	924
927	931
927	940
927	954
927	977
928	613
928	625
928	646
928	653
928	685
928	698
928	707
928	771
928	808
928	823
928	829
928	831
928	855
928	873
928	878
928	892
928	896
928	906
928	907
928	912
928	929
928	946
928	948
928	953
928	967
928	970
928	972
928	976
928	987
928	989
928	991
928	995
929	425
929	530
929	552
929	566
929	620
929	634
929	671
929	682
929	697
929	746
929	747
929	761
929	792
929	847
929	863
929	871
929	881
929	883
929	888
929	903
929	908
929	910
929	918
929	928
929	934
929	936
929	951
929	952
929	966
930	234
930	352
930	436
930	571
930	627
930	630
930	708
930	714
930	719
930	750
930	770
930	793
930	794
930	822
930	830
930	880
930	885
930	889
930	911
930	913
930	919
930	935
930	939
930	941
930	945
930	959
930	962
930	974
930	983
930	988
930	993
930	998
931	352
931	412
931	423
931	435
931	473
931	482
931	497
931	521
931	554
931	578
931	606
931	607
931	628
931	638
931	696
931	699
931	725
931	741
931	762
931	789
931	798
931	802
931	805
931	810
931	813
931	830
931	833
931	867
931	875
931	885
931	902
931	914
931	924
931	927
931	940
932	104
932	495
932	513
932	540
932	549
932	561
932	580
932	589
932	651
932	660
932	683
932	711
932	759
932	768
932	780
932	786
932	791
932	795
932	807
932	808
932	841
932	845
932	857
932	860
932	870
932	874
932	884
932	886
932	887
932	899
932	903
932	909
932	938
932	949
933	518
933	553
933	612
933	617
933	637
933	668
933	672
933	729
933	734
933	737
933	751
933	779
933	782
933	797
933	803
933	812
933	818
933	824
933	842
933	844
933	858
933	891
933	900
933	915
933	916
933	922
933	923
933	942
933	956
933	958
933	961
933	963
933	975
933	982
934	379
934	420
934	424
934	437
934	472
934	519
934	530
934	552
934	563
934	566
934	620
934	634
934	671
934	682
934	697
934	747
934	761
934	776
934	777
934	792
934	847
934	863
934	871
934	881
934	883
934	888
934	896
934	908
934	910
934	918
934	929
934	936
934	952
934	966
935	436
935	493
935	517
935	541
935	562
935	608
935	627
935	630
935	708
935	719
935	750
935	768
935	770
935	793
935	794
935	822
935	830
935	845
935	852
935	863
935	880
935	885
935	889
935	911
935	913
935	919
935	930
935	939
935	941
935	962
935	974
935	983
935	988
935	998
936	425
936	437
936	519
936	530
936	552
936	563
936	566
936	613
936	620
936	634
936	671
936	682
936	697
936	747
936	761
936	792
936	818
936	847
936	863
936	871
936	873
936	881
936	883
936	888
936	908
936	910
936	918
936	929
936	934
936	951
936	952
936	966
937	349
937	515
937	551
937	622
937	633
937	635
937	657
937	683
937	686
937	702
937	709
937	714
937	736
937	740
937	787
937	819
937	835
937	850
937	853
937	854
937	861
937	882
937	894
937	897
937	901
937	917
937	947
937	969
937	971
937	980
937	985
937	986
937	990
937	992
938	460
938	495
938	513
938	540
938	542
938	549
938	561
938	580
938	589
938	651
938	660
938	669
938	711
938	759
938	768
938	780
938	786
938	791
938	795
938	807
938	808
938	841
938	857
938	860
938	870
938	874
938	884
938	886
938	887
938	899
938	903
938	909
938	932
938	949
939	517
939	571
939	627
939	630
939	708
939	719
939	750
939	770
939	781
939	793
939	794
939	822
939	830
939	845
939	868
939	880
939	885
939	889
939	911
939	913
939	919
939	930
939	935
939	941
939	945
939	959
939	962
939	974
939	983
939	988
939	993
939	998
940	131
940	299
940	352
940	412
940	423
940	435
940	473
940	482
940	497
940	521
940	554
940	578
940	584
940	606
940	607
940	628
940	638
940	696
940	725
940	741
940	762
940	789
940	797
940	798
940	802
940	805
940	810
940	813
940	833
940	867
940	875
940	889
940	902
940	914
940	924
940	927
940	931
941	167
941	436
941	486
941	562
941	627
941	677
941	708
941	719
941	750
941	770
941	794
941	822
941	830
941	845
941	852
941	880
941	885
941	889
941	892
941	911
941	913
941	919
941	930
941	935
941	939
941	945
941	959
941	962
941	974
941	983
941	988
941	993
941	998
942	171
942	470
942	518
942	553
942	559
942	585
942	612
942	617
942	637
942	668
942	672
942	692
942	729
942	734
942	737
942	751
942	779
942	782
942	797
942	812
942	824
942	843
942	844
942	858
942	891
942	900
942	915
942	916
942	922
942	923
942	933
942	956
942	958
942	961
942	963
942	975
942	982
943	608
943	650
943	655
943	671
943	673
943	680
943	693
943	706
943	743
943	746
943	767
943	809
943	811
943	826
943	838
943	846
943	851
943	877
943	895
943	905
943	906
943	921
943	954
943	957
943	960
943	977
943	978
943	981
943	994
943	997
943	999
943	1000
944	255
944	273
944	360
944	581
944	592
944	602
944	614
944	618
944	640
944	669
944	688
944	699
944	701
944	732
944	742
944	758
944	769
944	788
944	837
944	840
944	856
944	862
944	866
944	868
944	876
944	879
944	890
944	893
944	904
944	920
944	925
944	926
944	950
944	955
944	964
944	965
944	973
944	979
944	996
945	436
945	486
945	489
945	541
945	562
945	571
945	627
945	630
945	708
945	719
945	750
945	756
945	770
945	793
945	794
945	822
945	830
945	845
945	852
945	880
945	885
945	889
945	900
945	911
945	913
945	930
945	939
945	941
945	959
945	962
945	974
945	982
945	983
945	988
945	993
945	998
946	20
946	144
946	465
946	482
946	613
946	625
946	646
946	653
946	685
946	698
946	707
946	771
946	823
946	829
946	831
946	855
946	873
946	878
946	892
946	896
946	907
946	911
946	912
946	928
946	948
946	953
946	967
946	970
946	972
946	976
946	987
946	989
946	991
946	995
947	527
947	551
947	560
947	634
947	657
947	667
947	678
947	683
947	686
947	702
947	709
947	714
947	736
947	740
947	787
947	819
947	835
947	850
947	853
947	854
947	861
947	882
947	894
947	897
947	901
947	917
947	937
947	968
947	969
947	971
947	980
947	984
947	985
947	986
947	990
947	992
948	613
948	636
948	646
948	653
948	685
948	698
948	707
948	764
948	771
948	823
948	829
948	855
948	873
948	878
948	892
948	895
948	896
948	907
948	912
948	928
948	946
948	953
948	967
948	970
948	972
948	976
948	987
948	989
948	991
948	995
949	266
949	313
949	354
949	495
949	513
949	540
949	549
949	553
949	561
949	580
949	589
949	651
949	660
949	711
949	759
949	768
949	780
949	786
949	791
949	795
949	807
949	808
949	841
949	846
949	857
949	860
949	870
949	874
949	884
949	886
949	887
949	899
949	903
949	909
949	932
949	938
950	68
950	457
950	481
950	581
950	592
950	618
950	640
950	669
950	699
950	701
950	732
950	735
950	742
950	758
950	769
950	788
950	834
950	837
950	840
950	856
950	859
950	862
950	866
950	868
950	876
950	879
950	890
950	893
950	904
950	920
950	925
950	926
950	944
950	955
950	964
950	965
950	973
950	979
950	996
951	379
951	420
951	424
951	425
951	437
951	446
951	452
951	472
951	519
951	530
951	552
951	563
951	566
951	620
951	634
951	671
951	682
951	697
951	747
951	761
951	792
951	847
951	863
951	871
951	881
951	883
951	888
951	908
951	910
951	918
951	924
951	929
951	936
951	952
951	966
951	989
952	53
952	379
952	420
952	424
952	425
952	437
952	472
952	519
952	530
952	552
952	563
952	566
952	620
952	634
952	671
952	682
952	697
952	747
952	761
952	792
952	806
952	847
952	860
952	863
952	871
952	881
952	883
952	888
952	908
952	910
952	918
952	929
952	934
952	936
952	951
952	966
953	203
953	450
953	461
953	515
953	613
953	625
953	636
953	646
953	685
953	698
953	707
953	771
953	823
953	829
953	831
953	855
953	873
953	878
953	884
953	892
953	896
953	907
953	912
953	928
953	946
953	948
953	967
953	970
953	972
953	976
953	987
953	989
953	991
953	995
954	608
954	650
954	655
954	662
954	673
954	680
954	693
954	706
954	743
954	746
954	809
954	811
954	826
954	838
954	846
954	851
954	877
954	895
954	901
954	905
954	906
954	921
954	927
954	943
954	957
954	960
954	977
954	978
954	981
954	994
954	997
954	999
954	1000
955	206
955	421
955	573
955	592
955	602
955	610
955	617
955	618
955	640
955	669
955	675
955	688
955	699
955	701
955	732
955	742
955	758
955	769
955	788
955	837
955	840
955	856
955	862
955	866
955	868
955	876
955	879
955	890
955	893
955	904
955	920
955	925
955	944
955	950
955	964
955	965
955	973
955	979
955	996
956	514
956	518
956	553
956	559
956	585
956	592
956	612
956	617
956	637
956	668
956	672
956	692
956	729
956	734
956	737
956	751
956	779
956	782
956	797
956	812
956	818
956	824
956	831
956	844
956	858
956	891
956	900
956	915
956	916
956	922
956	923
956	933
956	942
956	958
956	961
956	963
956	975
956	982
957	594
957	608
957	650
957	655
957	673
957	680
957	693
957	704
957	706
957	743
957	746
957	811
957	826
957	838
957	846
957	851
957	877
957	887
957	895
957	905
957	906
957	921
957	943
957	954
957	960
957	977
957	978
957	981
957	994
957	997
957	999
957	1000
958	73
958	469
958	474
958	518
958	553
958	559
958	585
958	612
958	617
958	628
958	637
958	668
958	672
958	692
958	729
958	734
958	737
958	751
958	779
958	782
958	797
958	812
958	818
958	824
958	828
958	844
958	858
958	891
958	900
958	915
958	916
958	922
958	923
958	933
958	942
958	956
958	961
958	963
958	975
958	982
959	353
959	439
959	451
959	486
959	517
959	562
959	571
959	581
959	627
959	630
959	708
959	719
959	770
959	789
959	793
959	794
959	822
959	830
959	844
959	845
959	852
959	880
959	885
959	889
959	911
959	919
959	930
959	939
959	941
959	945
959	962
959	974
959	983
959	988
959	993
959	998
960	15
960	148
960	279
960	524
960	608
960	655
960	673
960	680
960	693
960	706
960	743
960	746
960	809
960	811
960	826
960	828
960	838
960	846
960	851
960	877
960	895
960	905
960	906
960	921
960	943
960	954
960	957
960	977
960	978
960	981
960	994
960	997
960	999
960	1000
961	34
961	285
961	409
961	474
961	518
961	553
961	559
961	585
961	612
961	617
961	637
961	668
961	672
961	692
961	729
961	734
961	737
961	751
961	779
961	782
961	797
961	812
961	818
961	824
961	844
961	858
961	891
961	900
961	915
961	916
961	922
961	923
961	933
961	942
961	956
961	958
961	963
961	975
961	982
962	486
962	517
962	541
962	562
962	571
962	627
962	630
962	674
962	708
962	714
962	719
962	793
962	794
962	822
962	830
962	845
962	852
962	880
962	885
962	889
962	911
962	913
962	919
962	930
962	935
962	939
962	941
962	945
962	959
962	970
962	974
962	983
962	988
962	993
962	998
963	474
963	518
963	553
963	559
963	585
963	612
963	617
963	637
963	668
963	672
963	692
963	729
963	734
963	737
963	751
963	779
963	782
963	797
963	812
963	818
963	824
963	844
963	858
963	875
963	891
963	900
963	915
963	916
963	922
963	923
963	933
963	942
963	956
963	958
963	961
963	975
963	981
963	982
964	457
964	458
964	481
964	581
964	602
964	610
964	640
964	669
964	675
964	688
964	701
964	732
964	742
964	758
964	769
964	785
964	788
964	837
964	840
964	856
964	858
964	862
964	866
964	868
964	876
964	879
964	890
964	893
964	904
964	920
964	925
964	926
964	944
964	950
964	955
964	965
964	973
964	979
964	996
965	378
965	457
965	458
965	481
965	592
965	602
965	610
965	618
965	669
965	675
965	699
965	701
965	732
965	742
965	758
965	769
965	788
965	809
965	837
965	838
965	840
965	856
965	862
965	866
965	868
965	876
965	879
965	890
965	893
965	904
965	920
965	925
965	926
965	944
965	950
965	955
965	964
965	973
965	979
965	996
966	219
966	379
966	420
966	424
966	425
966	437
966	446
966	472
966	519
966	530
966	552
966	563
966	566
966	574
966	587
966	620
966	634
966	671
966	682
966	697
966	747
966	761
966	792
966	847
966	863
966	871
966	881
966	883
966	888
966	908
966	910
966	918
966	929
966	934
966	936
966	951
966	952
967	465
967	515
967	570
967	613
967	625
967	636
967	646
967	653
967	673
967	685
967	698
967	707
967	759
967	771
967	823
967	829
967	831
967	855
967	869
967	873
967	878
967	892
967	896
967	907
967	912
967	928
967	946
967	948
967	953
967	970
967	972
967	976
967	987
967	989
967	991
967	995
968	456
968	531
968	560
968	633
968	635
968	657
968	683
968	686
968	709
968	711
968	714
968	732
968	736
968	740
968	787
968	819
968	835
968	850
968	853
968	854
968	861
968	882
968	894
968	897
968	901
968	917
968	947
968	969
968	971
968	980
968	984
968	985
968	986
968	990
968	992
968	997
969	531
969	551
969	560
969	633
969	635
969	657
969	683
969	686
969	702
969	709
969	714
969	733
969	736
969	740
969	744
969	787
969	819
969	835
969	850
969	853
969	854
969	861
969	866
969	882
969	894
969	897
969	901
969	917
969	937
969	947
969	968
969	971
969	980
969	984
969	985
969	986
969	990
969	992
970	465
970	502
970	515
970	570
970	613
970	625
970	636
970	646
970	653
970	685
970	698
970	707
970	771
970	823
970	829
970	831
970	833
970	837
970	855
970	873
970	878
970	892
970	896
970	907
970	910
970	912
970	928
970	946
970	948
970	953
970	962
970	967
970	972
970	976
970	987
970	989
970	991
970	995
971	10
971	232
971	422
971	442
971	456
971	531
971	551
971	633
971	657
971	683
971	686
971	709
971	714
971	736
971	787
971	813
971	819
971	835
971	850
971	853
971	854
971	861
971	882
971	891
971	894
971	897
971	901
971	917
971	937
971	947
971	968
971	969
971	980
971	984
971	985
971	986
971	990
971	992
972	29
972	102
972	274
972	450
972	465
972	502
972	515
972	570
972	613
972	625
972	636
972	646
972	653
972	685
972	698
972	707
972	735
972	771
972	799
972	823
972	829
972	831
972	855
972	878
972	892
972	896
972	907
972	912
972	928
972	946
972	948
972	953
972	967
972	970
972	976
972	987
972	989
972	991
972	995
973	457
973	458
973	481
973	543
973	581
973	592
973	610
973	618
973	640
973	669
973	675
973	688
973	696
973	701
973	732
973	742
973	758
973	765
973	769
973	788
973	840
973	856
973	862
973	866
973	868
973	876
973	879
973	890
973	893
973	904
973	920
973	925
973	926
973	944
973	950
973	955
973	964
973	965
973	979
973	988
973	996
974	214
974	353
974	436
974	439
974	451
974	486
974	492
974	493
974	517
974	541
974	562
974	571
974	615
974	627
974	708
974	750
974	770
974	793
974	794
974	830
974	845
974	852
974	880
974	889
974	909
974	911
974	913
974	919
974	930
974	935
974	939
974	941
974	945
974	959
974	962
974	983
974	988
974	993
974	998
975	353
975	375
975	418
975	474
975	509
975	518
975	553
975	559
975	585
975	612
975	617
975	637
975	668
975	672
975	692
975	729
975	734
975	737
975	751
975	779
975	782
975	797
975	812
975	818
975	824
975	829
975	844
975	858
975	891
975	897
975	900
975	915
975	916
975	922
975	923
975	933
975	942
975	956
975	958
975	961
975	963
975	982
976	86
976	450
976	465
976	515
976	570
976	613
976	625
976	636
976	646
976	653
976	685
976	698
976	707
976	771
976	823
976	829
976	831
976	855
976	873
976	878
976	880
976	892
976	896
976	907
976	912
976	928
976	946
976	948
976	953
976	967
976	970
976	972
976	987
976	989
976	991
976	993
976	995
977	258
977	365
977	387
977	455
977	459
977	504
977	524
977	608
977	650
977	655
977	673
977	680
977	693
977	706
977	743
977	746
977	809
977	811
977	826
977	838
977	846
977	851
977	877
977	895
977	905
977	906
977	921
977	927
977	943
977	954
977	957
977	960
977	978
977	981
977	994
977	997
977	999
977	1000
978	387
978	496
978	524
978	608
978	650
978	655
978	673
978	680
978	693
978	706
978	743
978	746
978	809
978	811
978	821
978	826
978	838
978	846
978	851
978	854
978	877
978	895
978	905
978	906
978	921
978	943
978	954
978	957
978	960
978	977
978	981
978	994
978	997
978	999
978	1000
979	458
979	481
979	581
979	592
979	602
979	610
979	618
979	632
979	640
979	641
979	669
979	675
979	688
979	701
979	732
979	742
979	758
979	769
979	788
979	837
979	840
979	856
979	862
979	866
979	868
979	870
979	876
979	879
979	890
979	893
979	904
979	920
979	925
979	926
979	944
979	950
979	955
979	964
979	965
979	973
979	996
980	327
980	438
980	456
980	531
980	560
980	633
980	635
980	657
980	683
980	686
980	702
980	709
980	714
980	724
980	736
980	740
980	787
980	819
980	835
980	850
980	853
980	854
980	861
980	882
980	894
980	897
980	901
980	917
980	937
980	947
980	968
980	969
980	971
980	984
980	985
980	986
980	990
980	992
981	387
981	395
981	524
981	608
981	650
981	655
981	673
981	680
981	693
981	706
981	743
981	746
981	809
981	811
981	826
981	838
981	846
981	851
981	877
981	895
981	905
981	906
981	921
981	943
981	954
981	957
981	960
981	963
981	977
981	978
981	994
981	997
981	999
981	1000
982	293
982	418
982	474
982	509
982	518
982	553
982	559
982	585
982	612
982	617
982	637
982	668
982	672
982	677
982	692
982	729
982	734
982	737
982	751
982	779
982	782
982	797
982	812
982	818
982	824
982	844
982	858
982	891
982	900
982	915
982	916
982	919
982	922
982	923
982	933
982	942
982	945
982	956
982	958
982	961
982	963
982	975
983	436
983	463
983	493
983	517
983	541
983	562
983	571
983	627
983	630
983	636
983	708
983	750
983	770
983	793
983	794
983	822
983	845
983	852
983	880
983	885
983	888
983	889
983	911
983	913
983	919
983	930
983	935
983	939
983	941
983	945
983	959
983	962
983	974
983	988
983	993
983	998
984	456
984	531
984	551
984	560
984	633
984	635
984	643
984	657
984	683
984	686
984	702
984	709
984	714
984	736
984	740
984	752
984	787
984	794
984	819
984	835
984	850
984	853
984	854
984	861
984	882
984	894
984	897
984	901
984	917
984	947
984	968
984	969
984	971
984	980
984	985
984	986
984	990
984	992
985	422
985	442
985	456
985	531
985	551
985	560
985	582
985	633
985	657
985	683
985	686
985	692
985	702
985	709
985	714
985	736
985	740
985	787
985	800
985	819
985	835
985	850
985	853
985	854
985	861
985	882
985	894
985	897
985	901
985	917
985	937
985	947
985	968
985	969
985	971
985	980
985	984
985	990
985	992
986	64
986	287
986	422
986	442
986	456
986	466
986	531
986	551
986	560
986	633
986	635
986	657
986	683
986	686
986	689
986	709
986	714
986	736
986	740
986	787
986	793
986	819
986	835
986	850
986	853
986	854
986	882
986	894
986	897
986	901
986	917
986	937
986	947
986	968
986	969
986	971
986	980
986	984
986	990
986	992
987	3
987	268
987	450
987	465
987	502
987	515
987	570
987	613
987	617
987	625
987	636
987	646
987	653
987	685
987	698
987	707
987	771
987	823
987	829
987	831
987	855
987	873
987	878
987	881
987	892
987	896
987	907
987	912
987	928
987	946
987	948
987	953
987	967
987	970
987	972
987	976
987	989
987	991
987	995
988	35
988	89
988	353
988	436
988	439
988	486
988	493
988	517
988	541
988	562
988	627
988	630
988	684
988	708
988	719
988	750
988	770
988	793
988	794
988	822
988	830
988	845
988	852
988	880
988	885
988	889
988	911
988	913
988	919
988	930
988	935
988	939
988	941
988	945
988	959
988	962
988	973
988	974
988	983
988	993
988	998
989	368
989	450
989	465
989	502
989	515
989	528
989	570
989	613
989	625
989	636
989	653
989	685
989	698
989	707
989	771
989	823
989	829
989	831
989	855
989	873
989	878
989	892
989	896
989	907
989	912
989	923
989	928
989	946
989	948
989	951
989	953
989	967
989	970
989	972
989	976
989	987
989	991
989	995
990	422
990	442
990	456
990	531
990	551
990	560
990	633
990	635
990	657
990	683
990	686
990	702
990	703
990	709
990	714
990	736
990	740
990	787
990	819
990	835
990	850
990	853
990	854
990	860
990	882
990	894
990	897
990	901
990	911
990	917
990	937
990	947
990	968
990	969
990	971
990	980
990	984
990	985
990	986
990	992
991	345
991	450
991	465
991	502
991	515
991	570
991	613
991	625
991	636
991	646
991	653
991	685
991	698
991	707
991	727
991	748
991	771
991	820
991	823
991	829
991	831
991	855
991	873
991	878
991	892
991	896
991	907
991	912
991	928
991	946
991	948
991	953
991	967
991	970
991	972
991	976
991	987
991	989
991	995
992	422
992	442
992	466
992	473
992	531
992	551
992	560
992	570
992	633
992	635
992	657
992	686
992	702
992	709
992	714
992	736
992	740
992	754
992	787
992	819
992	835
992	850
992	853
992	854
992	861
992	882
992	894
992	897
992	917
992	937
992	947
992	968
992	969
992	971
992	980
992	984
992	985
992	986
992	990
993	348
993	353
993	439
993	451
993	486
993	493
993	517
993	541
993	562
993	571
993	627
993	630
993	708
993	719
993	750
993	770
993	792
993	794
993	822
993	830
993	845
993	852
993	880
993	885
993	889
993	911
993	913
993	919
993	930
993	939
993	941
993	945
993	959
993	962
993	974
993	976
993	983
993	988
993	998
994	387
994	390
994	414
994	459
994	504
994	524
994	608
994	650
994	655
994	673
994	680
994	693
994	700
994	706
994	743
994	746
994	773
994	809
994	811
994	826
994	838
994	846
994	851
994	877
994	895
994	905
994	906
994	921
994	943
994	954
994	957
994	960
994	977
994	978
994	981
994	997
994	999
994	1000
995	450
995	465
995	481
995	502
995	515
995	555
995	570
995	613
995	625
995	636
995	646
995	653
995	685
995	698
995	707
995	771
995	823
995	829
995	831
995	855
995	873
995	878
995	892
995	896
995	907
995	910
995	912
995	920
995	928
995	946
995	948
995	953
995	967
995	970
995	972
995	976
995	987
995	989
995	991
996	344
996	457
996	458
996	495
996	581
996	592
996	602
996	610
996	618
996	640
996	669
996	675
996	688
996	699
996	701
996	732
996	742
996	758
996	769
996	788
996	815
996	837
996	840
996	856
996	862
996	866
996	868
996	876
996	879
996	890
996	893
996	904
996	907
996	920
996	925
996	926
996	944
996	950
996	955
996	964
996	965
996	973
996	979
997	387
997	406
997	414
997	447
997	449
997	459
997	463
997	504
997	524
997	608
997	650
997	655
997	673
997	680
997	693
997	706
997	725
997	743
997	746
997	798
997	809
997	811
997	826
997	838
997	846
997	851
997	877
997	895
997	905
997	906
997	921
997	943
997	954
997	957
997	960
997	968
997	977
997	978
997	981
997	994
997	999
997	1000
998	348
998	353
998	436
998	439
998	486
998	493
998	517
998	541
998	562
998	571
998	627
998	630
998	701
998	708
998	719
998	745
998	750
998	775
998	793
998	794
998	822
998	830
998	845
998	852
998	880
998	885
998	889
998	911
998	912
998	913
998	919
998	930
998	935
998	939
998	941
998	945
998	959
998	962
998	974
998	983
998	988
998	993
999	387
999	406
999	414
999	447
999	449
999	459
999	463
999	504
999	524
999	608
999	650
999	655
999	673
999	680
999	693
999	706
999	743
999	746
999	809
999	811
999	826
999	838
999	846
999	851
999	872
999	877
999	884
999	895
999	904
999	905
999	906
999	921
999	943
999	954
999	957
999	960
999	977
999	978
999	981
999	994
999	997
999	1000
1000	228
1000	328
1000	387
1000	406
1000	414
1000	447
1000	449
1000	459
1000	463
1000	504
1000	524
1000	608
1000	650
1000	655
1000	673
1000	680
1000	693
1000	706
1000	743
1000	746
1000	809
1000	811
1000	822
1000	826
1000	838
1000	846
1000	851
1000	877
1000	895
1000	905
1000	906
1000	921
1000	943
1000	954
1000	957
1000	960
1000	977
1000	978
1000	981
1000	994
1000	997
1000	999
