1	164
2	614
3	924
5	618
6	888
8	101
9	487
10	297
13	435
14	926
17	805
18	702
19	552
20	779
23	452
25	647
26	769
28	472
30	646
31	172
32	427
33	863
34	783
36	996
38	676
39	158
41	344
43	245
48	974
49	535
50	767
51	261
52	258
53	737
54	450
56	382
57	728
58	636
59	524
61	963
62	419
64	424
65	152
67	882
69	386
70	795
73	506
76	685
77	868
78	500
79	683
81	999
82	755
84	563
86	916
88	965
89	702
90	163
91	950
92	597
93	915
94	773
96	411
97	198
98	406
99	557
100	145
101	8
104	849
105	492
108	417
110	534
113	876
114	690
115	362
117	712
118	799
119	378
121	880
123	690
124	329
125	864
126	935
127	943
128	650
129	921
131	303
133	523
135	206
136	331
139	885
140	720
141	947
142	947
143	431
144	333
145	100
146	173
148	946
150	949
151	694
152	65
153	279
154	820
155	957
156	667
157	987
158	39
159	414
160	678
161	992
163	90
164	1
164	849
166	682
167	785
168	319
169	963
170	649
171	724
172	31
173	146
174	292
177	943
178	618
181	824
183	274
185	589
186	837
187	989
188	769
189	916
191	284
193	229
194	609
195	548
197	895
198	97
199	781
200	442
202	867
203	842
204	910
206	135
207	639
209	804
210	691
211	350
215	774
216	744
219	819
220	688
221	793
224	930
225	291
226	396
228	830
229	193
230	814
231	705
232	789
233	807
234	803
235	847
237	999
240	869
241	561
242	876
243	962
244	496
245	43
247	890
248	602
249	875
250	805
251	540
253	573
254	457
255	347
257	537
258	52
259	667
260	857
261	51
262	848
264	779
265	834
267	370
268	762
269	721
271	956
273	714
274	183
276	961
277	460
278	754
279	153
280	709
281	941
282	978
283	882
284	191
284	891
284	900
284	903
284	913
284	916
285	978
287	963
289	840
290	915
291	225
292	174
292	822
294	844
295	969
296	499
296	980
296	986
296	991
296	994
296	997
296	998
297	10
298	849
298	851
299	626
300	518
303	131
304	889
307	868
308	530
309	930
310	875
311	673
312	317
314	950
315	870
316	608
317	312
318	980
318	985
318	986
318	989
318	991
318	994
318	997
318	998
319	168
320	913
320	916
323	943
325	957
328	863
329	124
330	998
331	136
333	144
334	732
335	988
336	912
337	443
338	922
339	553
342	666
344	41
345	909
347	255
348	593
349	902
350	211
352	868
353	796
354	941
355	946
356	595
357	780
358	888
358	891
358	900
358	903
358	913
358	916
359	781
360	822
362	115
364	551
364	849
365	960
366	758
367	946
369	891
369	900
369	903
369	913
369	916
370	267
371	837
372	456
374	735
375	777
376	891
376	900
376	903
376	913
376	916
377	962
378	119
379	783
379	786
379	827
379	849
379	851
380	468
381	956
382	56
384	782
385	751
386	69
388	925
389	809
390	651
391	934
392	890
393	909
394	921
395	668
395	979
395	992
396	226
398	914
399	497
401	965
403	739
404	594
406	98
407	872
408	791
410	711
410	750
410	764
410	799
410	813
410	822
411	96
411	799
411	813
411	822
412	879
412	882
412	885
412	895
413	801
414	159
415	564
415	962
415	970
415	975
417	108
418	972
418	987
418	1000
419	62
419	965
419	980
419	986
419	989
419	991
419	994
419	997
419	998
420	520
421	652
422	837
422	856
422	891
422	900
422	903
422	913
422	916
423	842
424	64
425	832
425	970
425	975
426	739
426	998
427	32
428	512
429	631
430	981
430	995
431	143
431	836
431	842
431	854
432	824
432	839
432	840
432	841
432	860
432	862
432	864
432	947
433	977
434	578
434	799
434	813
434	822
435	13
437	739
437	900
438	882
438	885
438	895
438	935
439	937
439	956
439	965
439	980
439	986
439	989
439	991
439	994
439	997
439	998
441	475
442	200
443	337
444	910
447	510
448	739
448	746
448	875
449	501
449	891
449	900
449	903
449	913
449	916
450	54
450	779
450	780
450	796
450	827
450	849
450	851
451	721
451	965
451	980
451	986
451	989
451	991
451	994
451	997
451	998
452	23
452	942
452	956
452	965
452	980
452	989
452	991
452	994
452	997
452	998
453	780
453	786
453	796
453	827
453	849
453	851
454	634
454	643
454	645
455	668
455	821
455	825
455	831
456	372
457	254
458	739
458	746
458	762
458	976
459	701
459	704
459	713
460	277
460	600
460	615
461	714
461	963
461	981
461	982
461	987
461	995
461	996
461	999
462	773
462	988
462	1000
463	786
464	987
465	661
465	965
465	980
465	986
465	989
465	991
465	994
465	997
465	998
466	818
467	503
467	526
467	555
467	584
468	380
468	965
468	980
468	986
468	989
468	991
468	994
468	997
468	998
469	906
470	522
470	625
470	715
471	801
472	28
472	811
472	820
472	836
472	842
472	854
473	620
473	629
473	636
473	640
473	985
474	540
474	587
474	600
474	615
475	441
475	522
475	625
476	718
477	749
478	600
478	615
478	963
479	595
479	788
479	814
479	820
479	829
479	836
479	842
479	854
480	663
480	780
480	786
480	796
480	827
480	849
480	851
481	689
481	964
481	988
481	1000
482	522
482	577
482	584
482	625
482	722
483	962
483	973
483	976
483	978
483	979
483	992
484	620
484	629
484	636
484	640
484	944
485	659
485	739
485	746
485	762
486	942
486	956
486	965
486	980
486	986
486	989
486	991
486	994
486	997
486	998
487	9
487	512
488	591
488	598
488	601
488	643
488	645
488	739
489	566
489	600
489	615
489	884
490	518
490	535
490	544
490	548
490	622
491	602
491	620
491	629
491	636
491	640
491	979
492	105
492	795
492	800
492	806
492	807
492	821
492	825
492	831
493	734
493	747
493	750
493	799
493	813
493	822
493	877
494	681
494	837
494	856
494	891
494	900
494	903
494	913
494	916
495	861
495	938
495	946
495	948
495	955
495	961
495	962
495	970
495	975
496	244
496	616
496	638
496	639
496	663
496	668
497	399
497	734
497	747
497	750
497	764
497	799
497	813
497	822
498	623
498	705
498	710
498	739
498	742
498	746
498	749
498	753
498	754
498	762
498	775
499	296
499	598
499	643
499	645
500	78
500	571
500	578
500	596
500	616
500	638
500	639
500	663
500	668
501	449
501	518
501	535
501	544
501	548
502	567
502	788
502	811
502	814
502	829
502	836
502	842
502	854
503	467
503	504
503	526
503	555
503	609
504	503
504	555
504	797
505	701
505	704
505	713
505	774
506	73
506	882
506	885
506	895
506	985
507	739
507	742
507	746
507	749
507	753
507	754
507	762
507	997
508	701
508	704
508	713
508	914
509	512
509	752
510	447
510	832
510	856
510	891
510	900
510	903
510	913
510	916
511	805
511	837
511	856
511	891
511	900
511	903
511	913
511	916
512	428
512	487
512	509
512	524
512	564
513	522
513	541
513	577
513	584
513	625
513	933
514	602
514	620
514	629
514	636
514	640
514	903
515	643
515	645
515	936
516	683
516	815
516	824
516	839
516	840
516	841
516	853
516	860
516	862
516	864
517	566
517	971
517	981
517	982
517	987
517	995
517	996
517	999
518	300
518	490
518	501
518	535
518	544
518	548
519	566
519	600
519	615
519	813
520	420
520	882
520	885
520	895
521	566
521	600
521	615
521	869
522	470
522	475
522	482
522	513
522	533
522	541
522	577
522	584
522	625
523	133
523	942
523	956
523	965
523	980
523	986
523	989
523	991
523	994
523	997
523	998
524	59
524	512
525	839
525	841
525	853
525	860
525	862
525	864
525	990
526	467
526	503
526	555
526	811
527	764
527	973
527	978
527	979
527	990
527	992
528	805
528	832
528	856
528	891
528	900
528	903
528	913
528	916
528	958
528	1000
529	541
529	577
529	584
529	625
529	750
530	308
530	629
530	874
530	881
530	882
530	885
530	895
531	701
531	704
531	713
531	993
532	708
532	717
532	726
532	760
532	779
532	796
532	827
532	849
532	851
533	522
533	541
533	577
533	584
533	625
533	975
534	110
534	579
534	950
534	971
534	981
534	982
534	987
534	995
534	996
534	999
535	49
535	490
535	501
535	518
535	544
535	548
536	554
536	571
536	616
536	638
536	663
536	668
536	883
537	257
537	812
537	824
537	839
537	840
537	841
537	853
537	860
537	862
537	864
538	856
538	891
538	900
538	903
538	913
538	916
538	940
538	945
539	576
539	743
539	766
539	779
539	780
539	786
539	796
539	827
539	851
540	251
540	474
540	566
540	587
540	600
540	615
541	513
541	522
541	529
541	533
541	577
541	584
541	625
541	760
542	623
542	673
542	705
542	739
542	742
542	746
542	749
542	753
542	754
542	762
542	792
543	557
543	571
543	578
543	596
543	616
543	638
543	639
543	663
543	668
543	911
544	490
544	501
544	518
544	535
544	548
544	558
545	832
545	837
545	856
545	891
545	900
545	903
545	913
545	916
545	969
546	759
546	772
546	774
546	775
546	776
546	853
547	673
547	705
547	739
547	742
547	746
547	749
547	753
547	754
547	762
547	807
548	195
548	490
548	501
548	518
548	535
548	544
549	733
549	759
549	772
549	774
549	775
549	776
549	802
550	737
550	779
550	780
550	786
550	796
550	827
550	849
550	851
551	364
551	805
551	832
551	837
551	856
551	891
551	900
551	903
551	913
551	916
552	19
552	805
552	832
552	837
552	856
552	891
552	900
552	903
552	913
552	916
553	339
553	761
553	943
553	944
553	945
553	951
553	964
553	972
553	988
553	1000
554	536
554	938
554	948
554	953
554	955
554	960
554	961
554	962
554	970
554	975
555	467
555	503
555	504
555	526
555	695
556	724
556	734
556	747
556	750
556	764
556	799
556	800
556	813
556	822
557	99
557	543
557	571
557	578
557	596
557	616
557	638
557	639
557	663
557	668
557	677
558	544
558	943
558	944
558	964
558	972
558	988
558	1000
559	936
559	974
559	977
559	983
559	984
559	985
559	993
560	805
560	832
560	835
560	837
560	891
560	900
560	903
560	913
560	916
561	241
561	617
561	619
561	658
561	662
561	691
561	701
561	704
561	713
562	734
562	747
562	750
562	764
562	787
562	799
562	813
562	822
563	84
563	717
563	726
563	728
563	743
563	766
563	779
563	780
563	786
563	796
563	849
563	851
564	415
564	512
565	934
565	973
565	976
565	978
565	979
565	990
565	992
566	489
566	517
566	519
566	521
566	540
566	587
566	600
566	615
567	502
567	675
567	719
567	724
567	747
567	750
567	764
567	799
567	813
567	822
568	673
568	705
568	739
568	742
568	746
568	749
568	753
568	754
568	762
568	789
569	784
569	785
569	788
569	814
569	820
569	829
569	836
569	842
569	854
569	959
570	783
570	784
570	785
570	811
570	814
570	820
570	829
570	836
570	842
570	854
571	500
571	536
571	543
571	557
571	578
571	596
571	616
571	638
571	639
571	663
571	668
571	680
572	714
572	729
572	787
572	805
572	832
572	837
572	891
572	900
572	913
572	916
573	253
573	947
573	957
573	973
573	976
573	978
573	979
573	990
573	992
574	687
574	944
574	964
574	972
574	988
574	1000
575	812
575	815
575	821
575	824
575	839
575	840
575	841
575	853
575	860
575	862
575	864
576	539
576	585
576	594
576	602
576	620
576	629
576	636
576	640
576	823
577	482
577	513
577	522
577	529
577	533
577	541
577	584
577	625
577	912
578	434
578	500
578	543
578	557
578	571
578	596
578	616
578	638
578	639
578	663
578	668
579	534
579	583
579	611
579	617
579	619
579	621
579	644
579	658
579	660
579	662
579	701
579	704
579	713
579	975
580	850
580	852
580	858
580	866
580	868
580	874
580	881
580	882
580	885
580	895
580	980
581	605
581	899
581	910
581	914
581	942
581	956
581	965
581	980
581	986
581	989
581	991
581	994
581	997
581	998
582	719
582	724
582	734
582	747
582	750
582	764
582	799
582	813
582	822
582	829
583	579
583	617
583	619
583	621
583	644
583	658
583	660
583	662
583	701
583	704
583	713
583	929
584	467
584	482
584	513
584	522
584	529
584	533
584	541
584	577
584	625
585	576
585	594
585	602
585	620
585	629
585	636
585	640
585	748
586	799
586	883
586	893
586	899
586	942
586	956
586	965
586	980
586	986
586	989
586	991
586	994
586	997
586	998
587	474
587	540
587	566
587	600
587	615
587	731
588	846
588	939
588	943
588	944
588	951
588	954
588	964
588	972
588	988
588	1000
589	185
589	742
589	927
589	949
589	959
589	966
589	967
589	968
589	969
589	974
589	977
589	983
589	984
589	985
589	993
590	651
590	952
590	958
590	959
590	966
590	968
590	969
590	974
590	977
590	983
590	984
590	985
590	993
591	488
591	593
591	597
591	598
591	601
591	605
591	643
591	977
592	644
592	674
592	680
592	692
592	700
592	731
592	733
592	759
592	772
592	774
592	775
592	776
593	348
593	591
593	597
593	598
593	601
593	605
593	643
593	645
593	937
594	404
594	576
594	585
594	602
594	616
594	620
594	629
594	636
594	640
595	356
595	479
595	805
595	832
595	837
595	856
595	900
595	903
595	913
595	916
596	500
596	543
596	557
596	571
596	578
596	616
596	638
596	639
596	663
596	668
597	92
597	591
597	593
597	598
597	601
597	605
597	643
597	645
597	810
598	488
598	499
598	591
598	593
598	597
598	601
598	605
598	645
599	650
599	675
599	719
599	747
599	750
599	764
599	799
599	813
599	822
599	966
600	460
600	474
600	478
600	489
600	519
600	521
600	540
600	566
600	587
600	615
600	912
601	488
601	591
601	593
601	597
601	598
601	605
601	624
601	643
601	645
602	248
602	491
602	514
602	576
602	585
602	594
602	620
602	629
602	636
602	640
603	921
603	927
603	949
603	958
603	966
603	967
603	968
603	969
603	974
603	977
603	983
603	984
603	985
603	993
604	730
604	883
604	899
604	910
604	929
604	942
604	956
604	965
604	980
604	986
604	989
604	991
604	994
604	997
604	998
605	581
605	591
605	593
605	597
605	598
605	601
605	643
605	645
605	762
606	654
606	670
606	674
606	680
606	692
606	731
606	733
606	759
606	772
606	774
606	775
606	776
606	929
607	804
607	949
607	952
607	959
607	966
607	967
607	968
607	969
607	974
607	977
607	983
607	984
607	985
607	993
608	316
608	726
608	728
608	743
608	766
608	779
608	780
608	786
608	796
608	827
608	849
608	851
609	194
609	503
609	745
609	805
609	832
609	837
609	856
609	891
609	900
609	903
609	913
609	916
610	934
610	944
610	950
610	963
610	971
610	981
610	987
610	995
610	996
610	999
611	579
611	617
611	619
611	621
611	658
611	662
611	701
611	704
611	713
611	767
612	632
612	902
612	932
612	934
612	950
612	963
612	971
612	981
612	982
612	987
612	995
612	996
612	999
613	893
613	899
613	910
613	914
613	929
613	942
613	947
613	956
613	980
613	986
613	989
613	991
613	994
613	997
613	998
614	2
614	941
614	943
614	944
614	945
614	951
614	964
614	972
614	988
614	1000
615	460
615	474
615	478
615	489
615	519
615	521
615	540
615	566
615	587
615	600
615	670
616	496
616	500
616	536
616	543
616	557
616	571
616	578
616	594
616	596
616	638
616	639
616	663
616	668
617	561
617	579
617	583
617	611
617	619
617	621
617	644
617	658
617	660
617	662
617	701
617	704
617	713
617	840
618	5
618	178
618	893
618	899
618	910
618	914
618	942
618	956
618	965
618	980
618	986
618	989
618	991
618	994
618	997
618	998
619	561
619	579
619	583
619	611
619	617
619	621
619	644
619	660
619	662
619	701
619	704
619	713
619	852
619	982
620	473
620	484
620	491
620	514
620	576
620	585
620	594
620	602
620	629
620	636
620	640
620	716
621	579
621	583
621	611
621	617
621	619
621	644
621	656
621	658
621	660
621	662
621	701
621	704
621	713
622	490
622	793
622	933
622	937
622	938
622	946
622	948
622	953
622	955
622	960
622	961
622	962
622	970
622	975
623	498
623	542
623	673
623	705
623	710
623	742
623	746
623	749
623	753
623	754
623	762
624	601
624	935
624	947
624	957
624	973
624	976
624	978
624	979
624	990
624	992
625	470
625	475
625	482
625	513
625	522
625	529
625	533
625	541
625	577
625	584
625	837
626	299
626	927
626	949
626	958
626	959
626	966
626	967
626	968
626	969
626	977
626	983
626	984
626	985
626	993
627	674
627	899
627	949
627	958
627	959
627	966
627	967
627	968
627	969
627	974
627	977
627	983
627	984
627	985
627	993
628	918
628	920
628	922
628	923
628	925
628	927
628	952
628	966
628	967
628	968
628	969
628	974
628	977
628	983
628	984
628	985
628	993
629	473
629	484
629	491
629	514
629	530
629	576
629	585
629	594
629	602
629	620
629	636
629	640
629	971
630	890
630	894
630	933
630	937
630	938
630	946
630	948
630	953
630	955
630	961
630	962
630	970
630	975
630	983
631	429
631	680
631	692
631	700
631	731
631	733
631	759
631	772
631	774
631	775
631	776
632	612
632	666
632	777
632	812
632	815
632	824
632	839
632	840
632	841
632	853
632	860
632	862
632	864
633	814
633	935
633	947
633	973
633	976
633	978
633	979
633	990
633	992
634	454
634	869
634	894
634	908
634	933
634	938
634	948
634	953
634	955
634	960
634	961
634	962
634	970
634	975
635	675
635	719
635	724
635	734
635	747
635	750
635	764
635	799
635	813
635	822
635	825
636	58
636	473
636	484
636	491
636	514
636	576
636	585
636	594
636	602
636	620
636	629
636	640
637	704
637	708
637	717
637	726
637	728
637	743
637	766
637	779
637	780
637	786
637	796
637	827
637	849
637	851
638	496
638	500
638	536
638	543
638	557
638	571
638	578
638	596
638	616
638	639
638	663
638	668
638	898
639	207
639	496
639	500
639	543
639	557
639	571
639	578
639	596
639	616
639	638
639	663
639	668
640	473
640	484
640	491
640	514
640	576
640	585
640	594
640	602
640	620
640	629
640	636
641	896
641	899
641	910
641	914
641	929
641	942
641	956
641	965
641	980
641	986
641	989
641	991
641	994
641	997
641	998
642	883
642	893
642	899
642	910
642	919
642	929
642	942
642	956
642	965
642	986
642	989
642	991
642	994
642	997
642	998
643	454
643	488
643	499
643	515
643	591
643	593
643	597
643	601
643	605
643	645
643	860
644	579
644	583
644	592
644	617
644	619
644	621
644	658
644	660
644	662
644	701
644	704
644	713
644	736
645	454
645	488
645	499
645	515
645	593
645	597
645	598
645	601
645	605
645	643
645	978
646	30
646	712
646	802
646	828
646	843
646	850
646	852
646	858
646	866
646	868
646	874
646	881
646	882
646	885
646	895
647	25
647	706
647	723
647	777
647	812
647	815
647	839
647	840
647	841
647	853
647	860
647	862
647	864
647	892
648	745
648	755
648	783
648	784
648	785
648	788
648	811
648	814
648	820
648	829
648	836
648	842
648	854
649	170
649	765
649	804
649	816
649	833
649	843
649	846
649	850
649	852
649	858
649	866
649	868
649	874
649	881
649	882
649	885
649	895
650	128
650	599
650	675
650	686
650	719
650	724
650	734
650	747
650	799
650	813
650	822
651	390
651	590
651	783
651	784
651	785
651	788
651	811
651	814
651	820
651	829
651	836
651	842
651	854
652	421
652	654
652	674
652	680
652	692
652	700
652	731
652	733
652	759
652	772
652	774
652	775
652	776
652	812
653	672
653	694
653	735
653	755
653	783
653	785
653	788
653	811
653	820
653	829
653	836
653	842
653	854
653	896
654	606
654	652
654	659
654	670
654	674
654	680
654	692
654	696
654	700
654	731
654	759
654	772
654	774
654	775
654	776
655	676
655	711
655	725
655	752
655	757
655	769
655	771
655	795
655	798
655	800
655	806
655	807
655	821
655	825
655	831
655	985
656	621
656	863
656	867
656	872
656	878
656	887
656	888
656	907
656	963
656	982
656	987
656	995
656	996
656	999
657	711
657	725
657	752
657	757
657	769
657	771
657	795
657	798
657	800
657	806
657	807
657	821
657	825
657	831
657	839
658	561
658	579
658	583
658	611
658	617
658	621
658	644
658	660
658	662
658	701
658	704
658	713
658	766
659	485
659	654
659	674
659	680
659	692
659	700
659	731
659	733
659	759
659	772
659	774
659	775
659	776
660	579
660	583
660	617
660	619
660	621
660	644
660	658
660	662
660	701
660	704
660	713
660	970
661	465
661	890
661	894
661	916
661	933
661	937
661	938
661	946
661	948
661	953
661	955
661	960
661	961
661	962
661	970
661	975
662	561
662	579
662	583
662	611
662	617
662	619
662	621
662	644
662	658
662	660
662	701
662	704
662	713
662	860
663	480
663	496
663	500
663	536
663	543
663	557
663	571
663	578
663	596
663	616
663	638
663	639
663	668
664	745
664	805
664	826
664	832
664	837
664	856
664	891
664	900
664	903
664	913
664	916
665	856
665	939
665	941
665	943
665	944
665	945
665	951
665	964
665	972
665	988
665	1000
666	342
666	632
666	708
666	717
666	726
666	766
666	779
666	780
666	786
666	796
666	827
666	849
666	851
667	156
667	259
667	899
667	910
667	914
667	929
667	942
667	956
667	965
667	980
667	986
667	989
667	991
667	994
667	997
667	998
668	395
668	455
668	496
668	500
668	536
668	543
668	557
668	571
668	578
668	596
668	616
668	638
668	639
668	663
669	703
669	786
669	794
669	804
669	816
669	828
669	833
669	843
669	846
669	850
669	858
669	866
669	868
669	874
669	881
669	882
669	885
669	895
670	606
670	615
670	654
670	674
670	680
670	692
670	700
670	731
670	733
670	759
670	772
670	774
670	775
670	776
671	770
671	949
671	952
671	958
671	959
671	966
671	967
671	968
671	969
671	974
671	977
671	983
671	984
671	985
671	993
672	653
672	694
672	730
672	735
672	755
672	784
672	785
672	788
672	814
672	820
672	829
672	836
672	842
672	854
672	998
673	311
673	542
673	547
673	568
673	623
673	705
673	710
673	739
673	742
673	746
673	753
673	754
673	762
674	592
674	606
674	627
674	652
674	654
674	659
674	670
674	680
674	692
674	700
674	703
674	731
674	733
674	759
674	772
674	774
674	775
674	776
675	567
675	599
675	635
675	650
675	686
675	719
675	734
675	747
675	750
675	764
675	799
675	813
675	822
675	987
676	38
676	655
676	709
676	711
676	725
676	757
676	769
676	771
676	795
676	798
676	800
676	806
676	807
676	821
676	824
676	825
676	831
677	557
677	845
677	883
677	893
677	899
677	910
677	914
677	929
677	956
677	965
677	980
677	986
677	989
677	991
677	994
677	997
677	998
678	160
678	706
678	746
678	812
678	815
678	824
678	839
678	840
678	841
678	853
678	860
678	862
678	864
679	706
679	707
679	723
679	777
679	812
679	815
679	824
679	839
679	840
679	841
679	853
679	860
679	862
679	864
680	571
680	592
680	606
680	631
680	652
680	654
680	659
680	670
680	674
680	700
680	731
680	733
680	759
680	772
680	774
680	775
680	776
680	893
681	494
681	709
681	711
681	725
681	752
681	757
681	769
681	771
681	795
681	798
681	800
681	806
681	807
681	821
681	825
681	831
681	863
682	166
682	706
682	777
682	812
682	815
682	824
682	839
682	840
682	841
682	853
682	860
682	862
682	864
683	79
683	516
683	890
683	894
683	933
683	937
683	946
683	948
683	953
683	955
683	960
683	961
683	962
683	970
683	975
684	725
684	890
684	894
684	908
684	933
684	937
684	938
684	946
684	948
684	955
684	960
684	961
684	962
684	964
684	970
684	975
685	76
685	777
685	893
685	899
685	910
685	914
685	929
685	942
685	956
685	965
685	980
685	986
685	989
685	991
685	994
685	997
685	998
686	650
686	675
686	719
686	724
686	734
686	747
686	750
686	764
686	799
686	813
686	822
686	964
687	574
687	822
687	869
687	894
687	908
687	933
687	937
687	938
687	948
687	953
687	955
687	960
687	961
687	962
687	970
687	975
688	220
688	706
688	707
688	723
688	777
688	815
688	824
688	839
688	840
688	841
688	853
688	860
688	862
688	864
689	481
689	869
689	890
689	908
689	933
689	937
689	938
689	946
689	948
689	953
689	955
689	960
689	962
689	970
689	975
689	993
690	114
690	123
690	883
690	910
690	929
690	942
690	956
690	965
690	980
690	986
690	989
690	991
690	994
690	997
690	998
691	210
691	561
691	752
691	757
691	769
691	771
691	795
691	798
691	800
691	806
691	807
691	821
691	825
691	831
692	592
692	606
692	631
692	652
692	654
692	659
692	670
692	674
692	700
692	730
692	731
692	733
692	759
692	772
692	774
692	775
692	776
693	772
693	890
693	894
693	908
693	933
693	937
693	938
693	946
693	948
693	953
693	955
693	960
693	961
693	962
693	970
693	975
694	151
694	653
694	672
694	730
694	735
694	755
694	783
694	784
694	785
694	811
694	814
694	820
694	824
694	829
694	836
694	842
694	854
695	555
695	917
695	918
695	920
695	923
695	927
695	949
695	952
695	958
695	959
695	966
695	967
695	968
695	974
695	977
695	983
695	984
695	985
695	993
696	654
696	706
696	723
696	777
696	812
696	815
696	824
696	839
696	840
696	853
696	860
696	862
696	864
696	964
697	730
697	755
697	783
697	784
697	785
697	788
697	811
697	814
697	820
697	829
697	836
697	842
697	854
697	917
698	713
698	729
698	736
698	745
698	768
698	787
698	832
698	837
698	856
698	891
698	900
698	901
698	903
698	913
698	916
699	911
699	918
699	920
699	923
699	925
699	926
699	949
699	952
699	958
699	959
699	966
699	967
699	968
699	969
699	974
699	977
699	983
699	984
699	985
699	993
700	592
700	631
700	652
700	654
700	659
700	670
700	674
700	680
700	692
700	731
700	733
700	759
700	772
700	774
700	775
700	776
700	788
701	459
701	505
701	508
701	531
701	561
701	579
701	583
701	611
701	617
701	619
701	621
701	644
701	658
701	660
701	662
701	704
701	713
701	959
702	18
702	89
702	763
702	802
702	804
702	816
702	833
702	843
702	846
702	852
702	858
702	866
702	868
702	874
702	881
702	882
702	885
702	895
703	669
703	674
703	883
703	893
703	899
703	910
703	914
703	929
703	942
703	965
703	980
703	986
703	989
703	994
703	997
703	998
704	459
704	505
704	508
704	531
704	561
704	579
704	583
704	611
704	617
704	619
704	621
704	637
704	644
704	658
704	660
704	662
704	701
704	713
705	231
705	498
705	542
705	547
705	568
705	623
705	673
705	710
705	739
705	742
705	746
705	749
705	753
705	754
705	761
705	762
706	647
706	678
706	679
706	682
706	688
706	696
706	777
706	812
706	815
706	824
706	839
706	840
706	853
706	860
706	862
706	864
706	867
707	679
707	688
707	723
707	777
707	812
707	815
707	824
707	839
707	840
707	841
707	853
707	860
707	862
707	864
707	970
708	532
708	637
708	666
708	717
708	728
708	743
708	766
708	779
708	780
708	786
708	796
708	827
708	849
708	851
708	942
709	280
709	676
709	681
709	711
709	725
709	752
709	757
709	769
709	771
709	781
709	795
709	798
709	800
709	806
709	807
709	821
709	825
709	831
710	498
710	623
710	673
710	705
710	739
710	742
710	746
710	749
710	753
710	754
710	762
710	982
711	410
711	655
711	657
711	676
711	681
711	709
711	725
711	752
711	769
711	771
711	795
711	798
711	800
711	806
711	807
711	821
711	825
711	831
712	117
712	646
712	917
712	920
712	923
712	925
712	927
712	949
712	952
712	958
712	959
712	966
712	967
712	968
712	969
712	974
712	977
712	983
712	984
712	985
712	993
713	459
713	505
713	508
713	531
713	561
713	579
713	583
713	611
713	617
713	619
713	621
713	644
713	658
713	660
713	662
713	698
713	701
713	704
713	830
714	273
714	461
714	572
714	716
714	729
714	768
714	787
714	805
714	832
714	837
714	839
714	856
714	891
714	900
714	903
714	913
714	916
715	470
715	838
715	880
715	889
715	911
715	912
715	919
715	921
715	922
715	924
715	931
715	935
715	940
715	947
715	957
715	973
715	976
715	978
715	979
715	990
715	992
716	620
716	714
716	729
716	736
716	745
716	787
716	805
716	832
716	837
716	856
716	891
716	900
716	903
716	913
716	916
716	923
717	532
717	563
717	637
717	666
717	708
717	726
717	728
717	743
717	759
717	766
717	779
717	780
717	786
717	796
717	827
717	849
717	851
717	955
718	476
718	818
718	826
718	869
718	894
718	908
718	933
718	937
718	938
718	946
718	953
718	955
718	960
718	961
718	962
718	970
718	975
719	567
719	582
719	599
719	635
719	650
719	675
719	686
719	724
719	734
719	747
719	750
719	764
719	799
719	813
719	818
719	822
719	991
720	140
720	798
720	863
720	867
720	877
720	878
720	879
720	888
720	897
720	902
720	932
720	934
720	950
720	963
720	971
720	981
720	982
720	987
720	995
720	996
720	999
721	269
721	451
721	873
721	875
721	876
721	884
721	886
721	896
721	901
721	904
721	905
721	906
721	909
721	915
721	936
721	939
721	941
721	944
721	945
721	951
721	954
721	988
721	1000
722	482
722	917
722	920
722	923
722	925
722	926
722	927
722	949
722	952
722	958
722	959
722	966
722	967
722	969
722	974
722	977
722	984
722	985
722	993
723	647
723	679
723	688
723	696
723	707
723	777
723	812
723	824
723	839
723	840
723	841
723	853
723	860
723	862
723	864
723	881
724	171
724	556
724	567
724	582
724	635
724	650
724	686
724	719
724	734
724	747
724	750
724	764
724	799
724	813
724	822
725	655
725	657
725	676
725	681
725	684
725	709
725	711
725	752
725	757
725	769
725	771
725	795
725	798
725	800
725	806
725	807
725	821
725	825
725	831
726	532
726	563
726	608
726	637
726	666
726	717
726	728
726	743
726	766
726	779
726	780
726	786
726	796
726	827
726	849
726	851
726	897
727	810
727	826
727	838
727	869
727	908
727	918
727	937
727	938
727	946
727	948
727	955
727	960
727	961
727	962
727	970
727	975
728	57
728	563
728	608
728	637
728	708
728	717
728	726
728	743
728	766
728	779
728	780
728	786
728	796
728	808
728	827
728	849
728	851
729	572
729	698
729	714
729	716
729	731
729	736
729	745
729	768
729	787
729	805
729	832
729	837
729	856
729	891
729	903
729	913
729	916
729	936
730	604
730	672
730	692
730	694
730	697
730	735
730	783
730	784
730	785
730	788
730	811
730	814
730	820
730	829
730	836
730	842
730	854
731	587
731	592
731	606
731	631
731	652
731	654
731	659
731	670
731	674
731	680
731	692
731	700
731	729
731	733
731	759
731	772
731	774
731	775
731	776
732	334
732	822
732	867
732	872
732	877
732	878
732	879
732	887
732	888
732	902
732	934
732	950
732	963
732	971
732	981
732	982
732	987
732	995
732	996
732	999
733	549
733	592
733	606
733	631
733	652
733	659
733	670
733	674
733	680
733	692
733	700
733	731
733	759
733	772
733	774
733	775
733	776
733	983
734	493
734	497
734	556
734	562
734	582
734	635
734	650
734	675
734	686
734	719
734	724
734	750
734	764
734	799
734	813
734	822
734	933
735	374
735	653
735	672
735	694
735	730
735	755
735	783
735	784
735	785
735	788
735	811
735	814
735	820
735	829
735	836
735	842
735	849
735	854
736	644
736	698
736	716
736	729
736	745
736	768
736	787
736	832
736	837
736	856
736	891
736	900
736	903
736	913
736	916
737	53
737	550
737	880
737	892
737	911
737	919
737	921
737	922
737	924
737	928
737	930
737	931
737	935
737	940
737	957
737	976
737	978
737	979
737	990
737	992
738	831
738	869
738	890
738	894
738	908
738	933
738	937
738	946
738	948
738	953
738	955
738	960
738	961
738	962
738	970
738	975
738	994
739	403
739	426
739	437
739	448
739	458
739	485
739	488
739	498
739	507
739	542
739	547
739	568
739	673
739	705
739	710
739	742
739	746
739	749
739	753
739	754
739	762
740	778
740	871
740	873
740	875
740	876
740	886
740	896
740	901
740	904
740	905
740	906
740	909
740	915
740	933
740	936
740	939
740	941
740	944
740	945
740	951
740	954
740	964
740	972
740	1000
741	883
741	893
741	899
741	910
741	914
741	929
741	942
741	956
741	965
741	972
741	980
741	986
741	989
741	991
741	994
741	997
741	998
742	498
742	507
742	542
742	547
742	568
742	589
742	623
742	673
742	705
742	710
742	739
742	746
742	749
742	753
742	754
742	762
742	893
743	539
743	563
743	608
743	637
743	708
743	717
743	726
743	728
743	766
743	779
743	780
743	786
743	796
743	826
743	827
743	849
743	851
743	883
744	216
744	789
744	818
744	826
744	890
744	894
744	908
744	933
744	937
744	938
744	946
744	948
744	953
744	955
744	960
744	961
744	962
744	970
744	975
745	609
745	648
745	664
745	698
745	716
745	729
745	736
745	768
745	787
745	805
745	837
745	856
745	891
745	900
745	903
745	913
745	916
746	448
746	458
746	485
746	498
746	507
746	542
746	547
746	568
746	623
746	673
746	678
746	705
746	710
746	739
746	742
746	749
746	753
746	754
746	762
746	885
747	493
747	497
747	556
747	562
747	567
747	582
747	599
747	635
747	650
747	675
747	686
747	719
747	724
747	750
747	759
747	764
747	799
747	813
747	822
747	834
748	585
748	871
748	873
748	884
748	886
748	896
748	901
748	904
748	905
748	909
748	915
748	936
748	939
748	943
748	944
748	945
748	951
748	954
748	964
748	972
748	988
748	1000
749	477
749	498
749	507
749	542
749	547
749	568
749	623
749	705
749	710
749	739
749	742
749	746
749	753
749	754
749	762
749	807
750	410
750	493
750	497
750	529
750	556
750	562
750	567
750	582
750	599
750	635
750	675
750	686
750	719
750	724
750	734
750	747
750	764
750	799
750	813
750	822
751	385
751	871
751	873
751	875
751	884
751	886
751	896
751	901
751	904
751	905
751	906
751	909
751	915
751	936
751	939
751	941
751	944
751	945
751	954
751	964
751	972
751	984
751	988
751	1000
752	509
752	655
752	657
752	681
752	691
752	709
752	711
752	725
752	757
752	769
752	771
752	795
752	798
752	800
752	806
752	807
752	821
752	825
752	831
752	935
753	498
753	507
753	542
753	547
753	568
753	623
753	673
753	705
753	710
753	739
753	742
753	746
753	749
753	754
753	762
753	954
754	278
754	498
754	507
754	542
754	547
754	568
754	623
754	673
754	705
754	710
754	739
754	742
754	746
754	749
754	753
754	762
754	763
755	82
755	648
755	653
755	672
755	694
755	697
755	735
755	783
755	784
755	785
755	788
755	811
755	814
755	820
755	829
755	836
755	842
755	854
755	927
756	880
756	889
756	892
756	898
756	911
756	919
756	922
756	928
756	930
756	931
756	935
756	940
756	947
756	957
756	968
756	973
756	976
756	978
756	979
756	980
756	990
756	992
757	655
757	657
757	676
757	681
757	691
757	709
757	725
757	752
757	769
757	795
757	798
757	800
757	806
757	807
757	821
757	825
757	831
757	853
757	926
758	366
758	817
758	854
758	883
758	893
758	910
758	914
758	929
758	942
758	956
758	980
758	986
758	989
758	991
758	994
758	997
758	998
759	546
759	549
759	592
759	606
759	631
759	652
759	654
759	659
759	670
759	674
759	680
759	692
759	700
759	717
759	731
759	733
759	747
759	772
759	774
759	775
759	776
760	532
760	541
760	848
760	870
760	917
760	920
760	925
760	926
760	927
760	949
760	952
760	958
760	959
760	966
760	968
760	969
760	974
760	977
760	983
760	984
760	985
760	993
761	553
761	705
761	857
761	866
761	880
761	892
761	898
761	911
761	912
761	919
761	921
761	924
761	928
761	930
761	935
761	940
761	957
761	973
761	976
761	978
761	979
761	990
761	992
762	268
762	458
762	485
762	498
762	507
762	542
762	547
762	568
762	605
762	623
762	673
762	705
762	710
762	739
762	742
762	746
762	749
762	753
762	754
763	702
763	754
763	794
763	802
763	804
763	816
763	828
763	833
763	843
763	846
763	850
763	852
763	858
763	866
763	868
763	874
763	881
763	882
763	885
763	895
763	980
764	410
764	497
764	527
764	556
764	562
764	567
764	582
764	599
764	635
764	675
764	686
764	719
764	724
764	734
764	747
764	750
764	799
764	813
764	822
765	649
765	810
765	826
765	834
765	838
765	869
765	890
765	894
765	908
765	933
765	937
765	938
765	946
765	948
765	953
765	955
765	960
765	961
765	962
765	970
765	975
765	977
766	539
766	563
766	608
766	637
766	658
766	666
766	708
766	717
766	726
766	728
766	743
766	779
766	780
766	786
766	796
766	827
766	841
766	849
766	851
767	50
767	611
767	855
767	867
767	877
767	879
767	887
767	888
767	902
767	932
767	934
767	950
767	963
767	971
767	981
767	982
767	987
767	995
767	996
767	999
768	698
768	714
768	729
768	736
768	745
768	785
768	787
768	805
768	810
768	832
768	837
768	856
768	891
768	900
768	903
768	913
768	916
769	26
769	188
769	655
769	657
769	676
769	681
769	691
769	709
769	711
769	725
769	752
769	757
769	771
769	795
769	798
769	800
769	806
769	807
769	821
769	825
769	831
770	671
770	792
770	845
770	871
770	873
770	875
770	884
770	886
770	896
770	901
770	904
770	905
770	906
770	909
770	915
770	936
770	939
770	944
770	945
770	951
770	954
770	964
770	972
770	988
771	655
771	657
771	676
771	681
771	691
771	709
771	711
771	725
771	752
771	769
771	795
771	798
771	800
771	806
771	807
771	821
771	825
771	827
771	831
771	850
772	546
772	549
772	592
772	606
772	631
772	652
772	654
772	659
772	670
772	674
772	680
772	692
772	693
772	700
772	731
772	733
772	759
772	774
772	775
772	776
772	898
773	94
773	462
773	855
773	859
773	863
773	867
773	872
773	878
773	887
773	888
773	902
773	907
773	932
773	934
773	950
773	963
773	971
773	981
773	982
773	987
773	995
773	996
773	999
774	215
774	505
774	546
774	549
774	592
774	606
774	631
774	652
774	654
774	659
774	670
774	674
774	680
774	692
774	700
774	731
774	733
774	759
774	772
774	775
774	776
775	498
775	546
775	549
775	592
775	606
775	631
775	652
775	654
775	659
775	670
775	674
775	680
775	692
775	700
775	731
775	733
775	759
775	772
775	774
775	776
775	782
776	546
776	549
776	592
776	606
776	631
776	652
776	654
776	659
776	670
776	674
776	680
776	692
776	700
776	731
776	733
776	759
776	772
776	774
776	775
776	998
777	375
777	632
777	647
777	679
777	682
777	685
777	688
777	696
777	706
777	707
777	723
777	812
777	815
777	824
777	839
777	841
777	853
777	860
777	862
777	864
778	740
778	855
778	857
778	865
778	880
778	889
778	898
778	912
778	919
778	921
778	922
778	924
778	928
778	930
778	931
778	940
778	947
778	957
778	976
778	978
778	979
778	990
778	992
779	20
779	264
779	450
779	532
779	539
779	550
779	563
779	608
779	637
779	666
779	708
779	717
779	726
779	728
779	743
779	766
779	780
779	786
779	796
779	827
779	849
779	851
779	940
780	357
780	450
780	453
780	480
780	539
780	550
780	563
780	608
780	637
780	666
780	708
780	717
780	726
780	728
780	743
780	766
780	779
780	796
780	822
780	849
780	851
781	199
781	359
781	709
781	848
781	870
781	917
781	918
781	920
781	923
781	925
781	926
781	927
781	949
781	952
781	958
781	959
781	966
781	967
781	968
781	969
781	974
781	977
781	983
781	984
781	985
781	993
782	384
782	775
782	823
782	917
782	918
782	920
782	923
782	925
782	926
782	927
782	952
782	958
782	959
782	966
782	967
782	968
782	969
782	974
782	977
782	983
782	984
782	985
782	993
783	34
783	379
783	570
783	648
783	651
783	653
783	694
783	697
783	730
783	735
783	755
783	784
783	785
783	788
783	796
783	811
783	814
783	820
783	829
783	836
783	842
783	854
784	569
784	570
784	648
784	651
784	672
784	694
784	697
784	730
784	735
784	755
784	783
784	785
784	788
784	811
784	814
784	820
784	829
784	831
784	836
784	842
784	854
784	859
785	167
785	569
785	570
785	648
785	651
785	653
785	672
785	694
785	697
785	730
785	735
785	755
785	768
785	783
785	784
785	788
785	811
785	814
785	820
785	829
785	842
785	854
786	379
786	453
786	463
786	480
786	539
786	550
786	563
786	608
786	637
786	666
786	669
786	708
786	717
786	726
786	728
786	743
786	766
786	779
786	796
786	827
786	849
786	851
787	562
787	572
787	698
787	714
787	716
787	729
787	736
787	745
787	768
787	805
787	832
787	837
787	856
787	890
787	891
787	900
787	903
787	913
787	916
788	479
788	502
788	569
788	648
788	651
788	653
788	672
788	697
788	700
788	730
788	735
788	755
788	783
788	784
788	785
788	811
788	814
788	820
788	836
788	842
788	854
789	232
789	568
789	744
789	857
789	880
789	889
789	892
789	911
789	912
789	919
789	921
789	922
789	924
789	928
789	930
789	931
789	935
789	940
789	957
789	973
789	976
789	978
789	979
789	990
789	992
790	880
790	889
790	892
790	898
790	911
790	912
790	919
790	921
790	924
790	928
790	930
790	931
790	935
790	940
790	947
790	957
790	973
790	976
790	978
790	979
790	990
790	992
790	997
791	408
791	859
791	864
791	872
791	877
791	878
791	887
791	897
791	902
791	907
791	932
791	934
791	950
791	963
791	971
791	981
791	982
791	987
791	995
791	996
791	999
792	542
792	770
792	835
792	845
792	861
792	871
792	873
792	875
792	876
792	901
792	905
792	906
792	909
792	915
792	936
792	939
792	941
792	943
792	951
792	954
792	964
792	972
792	988
792	1000
793	221
793	622
793	855
793	858
793	859
793	863
793	872
793	877
793	878
793	879
793	888
793	897
793	902
793	907
793	932
793	950
793	963
793	971
793	981
793	982
793	987
793	995
793	996
793	999
794	669
794	763
794	802
794	804
794	816
794	828
794	833
794	843
794	846
794	850
794	852
794	858
794	866
794	868
794	874
794	881
794	882
794	885
794	895
794	900
795	70
795	492
795	655
795	657
795	676
795	681
795	691
795	709
795	711
795	725
795	752
795	757
795	769
795	771
795	798
795	800
795	806
795	807
795	821
795	825
795	831
796	353
796	450
796	453
796	480
796	532
796	539
796	550
796	563
796	608
796	637
796	666
796	708
796	717
796	726
796	728
796	743
796	766
796	779
796	780
796	783
796	786
796	827
796	849
796	851
797	504
797	835
797	845
797	861
797	871
797	873
797	876
797	884
797	886
797	896
797	904
797	905
797	906
797	909
797	936
797	939
797	943
797	944
797	951
797	954
797	964
797	966
797	972
797	988
797	1000
798	655
798	657
798	676
798	681
798	691
798	709
798	711
798	720
798	725
798	752
798	757
798	769
798	771
798	795
798	800
798	806
798	807
798	821
798	825
798	831
798	984
799	118
799	410
799	411
799	434
799	493
799	497
799	556
799	562
799	567
799	582
799	586
799	599
799	635
799	650
799	675
799	686
799	719
799	724
799	734
799	747
799	750
799	764
799	813
799	822
799	901
800	492
800	556
800	655
800	657
800	676
800	681
800	691
800	709
800	711
800	725
800	752
800	757
800	769
800	771
800	795
800	798
800	806
800	807
800	821
800	825
800	831
800	908
801	413
801	471
801	819
801	855
801	859
801	863
801	867
801	872
801	877
801	878
801	879
801	887
801	888
801	897
801	902
801	907
801	934
801	971
801	981
801	982
801	987
801	995
801	996
801	999
802	549
802	646
802	702
802	763
802	794
802	828
802	833
802	843
802	846
802	850
802	852
802	858
802	866
802	868
802	874
802	881
802	882
802	885
802	895
802	975
803	234
803	823
803	848
803	870
803	917
803	918
803	920
803	923
803	925
803	926
803	927
803	932
803	949
803	952
803	958
803	959
803	966
803	967
803	968
803	969
803	974
803	977
803	983
803	984
803	985
803	993
804	209
804	607
804	649
804	669
804	702
804	763
804	794
804	816
804	828
804	833
804	843
804	846
804	850
804	858
804	866
804	868
804	874
804	881
804	882
804	885
804	895
805	17
805	250
805	511
805	528
805	551
805	552
805	560
805	572
805	595
805	609
805	664
805	714
805	716
805	729
805	745
805	768
805	787
805	832
805	837
805	856
805	887
805	891
805	900
805	903
805	913
805	916
806	492
806	655
806	657
806	676
806	681
806	691
806	709
806	711
806	725
806	752
806	757
806	769
806	771
806	795
806	798
806	800
806	807
806	821
806	825
806	831
806	872
806	930
807	233
807	492
807	547
807	655
807	657
807	676
807	681
807	691
807	709
807	711
807	725
807	749
807	752
807	757
807	769
807	771
807	795
807	798
807	800
807	806
807	821
807	825
807	831
808	728
808	819
808	855
808	859
808	863
808	877
808	878
808	879
808	887
808	888
808	902
808	907
808	932
808	934
808	950
808	963
808	971
808	981
808	982
808	987
808	995
808	996
808	999
809	389
809	855
809	858
809	859
809	863
809	867
809	872
809	877
809	878
809	879
809	887
809	888
809	897
809	902
809	907
809	932
809	934
809	950
809	963
809	971
809	981
809	982
809	987
809	995
809	996
809	999
810	597
810	727
810	765
810	768
810	826
810	834
810	838
810	869
810	890
810	894
810	908
810	933
810	937
810	938
810	946
810	948
810	953
810	955
810	960
810	961
810	962
810	970
810	975
811	472
811	502
811	526
811	570
811	648
811	651
811	653
811	694
811	697
811	730
811	735
811	755
811	783
811	784
811	785
811	788
811	814
811	820
811	829
811	836
811	842
811	854
812	537
812	575
812	632
812	647
812	652
812	678
812	679
812	682
812	696
812	706
812	707
812	723
812	777
812	815
812	824
812	839
812	840
812	841
812	853
812	860
812	862
812	864
812	918
813	410
813	411
813	434
813	493
813	497
813	519
813	556
813	562
813	567
813	582
813	599
813	635
813	650
813	675
813	686
813	719
813	724
813	734
813	747
813	750
813	764
813	799
813	822
813	873
814	230
814	479
814	502
814	569
814	570
814	633
814	648
814	651
814	672
814	694
814	697
814	730
814	735
814	755
814	783
814	784
814	785
814	788
814	811
814	820
814	829
814	836
814	842
814	854
815	516
815	575
815	632
815	647
815	678
815	679
815	682
815	688
815	696
815	706
815	707
815	777
815	812
815	824
815	839
815	840
815	841
815	853
815	860
815	862
815	864
815	957
815	986
816	649
816	669
816	702
816	763
816	794
816	804
816	828
816	833
816	843
816	846
816	850
816	852
816	858
816	866
816	868
816	874
816	881
816	882
816	885
816	895
816	990
816	996
817	758
817	883
817	893
817	899
817	910
817	914
817	929
817	931
817	942
817	956
817	961
817	965
817	980
817	986
817	989
817	991
817	994
817	997
817	998
818	466
818	718
818	719
818	744
818	826
818	834
818	838
818	869
818	890
818	894
818	908
818	933
818	937
818	938
818	946
818	953
818	960
818	961
818	962
818	970
818	975
819	219
819	801
819	808
819	855
819	859
819	867
819	872
819	877
819	878
819	879
819	887
819	888
819	897
819	902
819	932
819	934
819	963
819	971
819	977
819	981
819	982
819	987
819	995
819	996
819	999
820	154
820	472
820	479
820	569
820	570
820	648
820	651
820	653
820	672
820	694
820	697
820	730
820	735
820	755
820	783
820	784
820	785
820	788
820	811
820	814
820	829
820	836
820	842
820	854
820	949
821	455
821	492
821	575
821	655
821	657
821	676
821	681
821	691
821	709
821	711
821	725
821	752
821	757
821	769
821	771
821	795
821	798
821	800
821	806
821	807
821	825
821	831
821	932
822	292
822	360
822	410
822	411
822	434
822	493
822	497
822	556
822	562
822	567
822	582
822	599
822	635
822	650
822	675
822	686
822	687
822	719
822	724
822	732
822	734
822	747
822	750
822	764
822	780
822	799
822	813
823	576
823	782
823	803
823	830
823	848
823	870
823	917
823	918
823	923
823	925
823	926
823	927
823	952
823	958
823	959
823	966
823	967
823	968
823	969
823	974
823	977
823	983
823	984
823	985
823	988
823	993
824	181
824	432
824	516
824	537
824	575
824	632
824	676
824	678
824	679
824	682
824	688
824	694
824	696
824	706
824	707
824	723
824	777
824	812
824	815
824	839
824	840
824	841
824	853
824	860
824	862
824	864
825	455
825	492
825	635
825	655
825	657
825	676
825	681
825	691
825	709
825	711
825	725
825	752
825	757
825	769
825	771
825	795
825	798
825	800
825	806
825	807
825	821
825	831
826	664
826	718
826	727
826	743
826	744
826	765
826	810
826	818
826	834
826	838
826	869
826	894
826	908
826	933
826	937
826	946
826	948
826	953
826	955
826	960
826	961
826	975
827	379
827	450
827	453
827	480
827	532
827	539
827	550
827	608
827	637
827	666
827	708
827	717
827	726
827	728
827	743
827	766
827	771
827	779
827	786
827	796
827	849
827	851
827	882
828	646
828	669
828	763
828	794
828	802
828	804
828	816
828	833
828	843
828	846
828	850
828	852
828	858
828	866
828	868
828	874
828	881
828	882
828	885
828	907
829	479
829	502
829	569
829	570
829	582
829	648
829	651
829	653
829	672
829	694
829	697
829	730
829	735
829	755
829	783
829	784
829	785
829	811
829	814
829	820
829	836
829	842
829	854
829	924
830	228
830	713
830	823
830	848
830	870
830	917
830	920
830	923
830	925
830	926
830	927
830	949
830	952
830	958
830	959
830	966
830	967
830	968
830	969
830	977
830	983
830	984
830	985
830	993
831	455
831	492
831	655
831	657
831	676
831	681
831	691
831	709
831	711
831	725
831	738
831	752
831	757
831	769
831	771
831	784
831	795
831	798
831	800
831	806
831	807
831	821
831	825
831	833
832	425
832	510
832	528
832	545
832	551
832	552
832	560
832	572
832	595
832	609
832	664
832	698
832	714
832	716
832	729
832	736
832	768
832	787
832	805
832	837
832	856
832	891
832	900
832	903
832	913
832	916
832	968
833	649
833	669
833	702
833	763
833	794
833	802
833	804
833	816
833	828
833	831
833	843
833	846
833	850
833	852
833	858
833	866
833	868
833	874
833	881
833	882
833	885
833	895
833	900
834	265
834	747
834	765
834	810
834	818
834	826
834	838
834	869
834	890
834	894
834	908
834	933
834	937
834	938
834	946
834	948
834	953
834	955
834	960
834	961
834	962
834	970
834	975
835	560
835	792
835	797
835	845
835	873
835	875
835	876
835	884
835	896
835	901
835	904
835	905
835	906
835	909
835	915
835	936
835	939
835	941
835	943
835	944
835	945
835	948
835	951
835	954
835	964
835	972
835	988
835	1000
836	431
836	472
836	479
836	502
836	569
836	570
836	648
836	651
836	653
836	672
836	694
836	697
836	730
836	735
836	755
836	783
836	784
836	788
836	811
836	814
836	820
836	829
836	842
836	854
836	903
836	928
837	186
837	371
837	422
837	494
837	511
837	545
837	551
837	552
837	560
837	572
837	595
837	609
837	625
837	664
837	698
837	714
837	716
837	729
837	736
837	745
837	768
837	787
837	805
837	832
837	856
837	900
837	903
837	913
837	916
838	715
838	727
838	765
838	810
838	818
838	826
838	834
838	865
838	869
838	874
838	908
838	933
838	937
838	938
838	946
838	948
838	953
838	955
838	960
838	961
838	962
838	970
838	975
839	432
839	516
839	525
839	537
839	575
839	632
839	647
839	657
839	678
839	679
839	682
839	688
839	696
839	706
839	707
839	714
839	723
839	777
839	812
839	815
839	824
839	840
839	841
839	853
839	860
839	862
839	864
839	972
840	289
840	432
840	516
840	537
840	575
840	617
840	632
840	647
840	678
840	679
840	682
840	688
840	696
840	706
840	707
840	723
840	812
840	815
840	824
840	839
840	841
840	853
840	860
840	862
840	864
841	432
841	516
841	525
841	537
841	575
841	632
841	647
841	678
841	679
841	682
841	688
841	707
841	723
841	766
841	777
841	812
841	815
841	824
841	839
841	840
841	853
841	860
841	862
841	864
841	991
842	203
842	423
842	431
842	472
842	479
842	502
842	569
842	570
842	648
842	651
842	653
842	672
842	694
842	697
842	730
842	735
842	755
842	783
842	784
842	785
842	788
842	811
842	814
842	820
842	829
842	836
842	854
843	646
843	649
843	669
843	702
843	763
843	794
843	802
843	804
843	816
843	828
843	833
843	846
843	850
843	852
843	858
843	866
843	868
843	874
843	881
843	882
843	885
843	888
843	892
843	895
844	294
844	847
844	857
844	865
844	880
844	892
844	898
844	906
844	911
844	912
844	919
844	921
844	922
844	928
844	930
844	931
844	935
844	940
844	947
844	957
844	972
844	973
844	976
844	978
844	979
844	990
844	992
845	677
845	770
845	792
845	797
845	835
845	873
845	875
845	884
845	896
845	901
845	904
845	905
845	906
845	915
845	936
845	941
845	943
845	944
845	945
845	951
845	954
845	964
845	972
845	978
845	988
845	1000
846	588
846	649
846	669
846	702
846	763
846	794
846	802
846	804
846	816
846	828
846	833
846	843
846	850
846	852
846	858
846	866
846	868
846	874
846	881
846	882
846	883
846	885
846	895
847	235
847	844
847	857
847	865
847	880
847	889
847	892
847	898
847	908
847	911
847	912
847	919
847	921
847	922
847	924
847	928
847	930
847	931
847	935
847	940
847	947
847	957
847	973
847	976
847	978
847	979
847	990
847	992
848	262
848	760
848	781
848	803
848	823
848	830
848	870
848	917
848	918
848	920
848	923
848	926
848	949
848	952
848	958
848	959
848	966
848	967
848	968
848	969
848	970
848	974
848	977
848	983
848	984
848	985
848	993
849	104
849	164
849	298
849	364
849	379
849	450
849	453
849	480
849	532
849	550
849	563
849	608
849	637
849	666
849	708
849	717
849	726
849	728
849	735
849	743
849	766
849	779
849	780
849	786
849	796
849	827
849	851
849	925
849	996
850	580
850	646
850	649
850	669
850	763
850	771
850	794
850	802
850	804
850	816
850	828
850	833
850	843
850	846
850	852
850	858
850	866
850	868
850	874
850	881
850	882
850	885
850	895
850	908
850	995
851	298
851	379
851	450
851	453
851	480
851	532
851	539
851	550
851	563
851	608
851	637
851	666
851	708
851	717
851	726
851	728
851	743
851	766
851	779
851	780
851	786
851	796
851	827
851	849
851	919
851	945
851	953
852	580
852	619
852	646
852	649
852	702
852	763
852	794
852	802
852	816
852	828
852	833
852	843
852	846
852	850
852	858
852	866
852	868
852	874
852	881
852	882
852	885
852	895
852	954
852	983
853	516
853	525
853	537
853	546
853	575
853	632
853	647
853	678
853	679
853	682
853	688
853	696
853	706
853	707
853	723
853	757
853	777
853	812
853	815
853	824
853	839
853	840
853	841
853	860
853	862
853	864
854	431
854	472
854	479
854	502
854	569
854	570
854	648
854	651
854	653
854	672
854	694
854	697
854	730
854	735
854	755
854	758
854	783
854	784
854	785
854	788
854	811
854	814
854	820
854	829
854	836
854	842
854	955
855	767
855	773
855	778
855	793
855	801
855	808
855	809
855	819
855	863
855	867
855	877
855	878
855	879
855	887
855	888
855	897
855	902
855	907
855	934
855	941
855	950
855	963
855	971
855	981
855	982
855	987
855	995
855	999
856	422
856	494
856	510
856	511
856	528
856	538
856	545
856	551
856	552
856	595
856	609
856	664
856	665
856	698
856	714
856	716
856	729
856	736
856	745
856	768
856	787
856	805
856	832
856	837
856	891
856	900
856	903
856	913
856	916
856	994
857	260
857	761
857	778
857	789
857	844
857	847
857	865
857	889
857	892
857	898
857	911
857	912
857	921
857	922
857	924
857	928
857	930
857	931
857	935
857	940
857	947
857	957
857	960
857	973
857	976
857	978
857	979
857	989
857	990
857	992
858	580
858	646
858	649
858	669
858	702
858	763
858	793
858	794
858	802
858	804
858	809
858	816
858	828
858	833
858	843
858	846
858	850
858	852
858	866
858	868
858	874
858	881
858	882
858	885
858	895
859	773
859	784
859	791
859	793
859	801
859	808
859	809
859	819
859	863
859	867
859	872
859	878
859	879
859	887
859	888
859	897
859	907
859	932
859	950
859	963
859	971
859	981
859	982
859	987
859	995
859	996
859	999
859	1000
860	432
860	516
860	525
860	537
860	575
860	632
860	643
860	647
860	662
860	678
860	679
860	682
860	688
860	696
860	706
860	707
860	723
860	777
860	812
860	815
860	824
860	839
860	840
860	841
860	853
860	862
860	864
861	495
861	792
861	797
861	871
861	873
861	875
861	884
861	886
861	896
861	901
861	904
861	905
861	906
861	909
861	913
861	915
861	936
861	939
861	941
861	943
861	944
861	945
861	951
861	954
861	964
861	972
861	988
861	1000
862	432
862	516
862	525
862	537
862	575
862	632
862	647
862	678
862	679
862	682
862	688
862	696
862	706
862	707
862	723
862	777
862	812
862	815
862	824
862	839
862	840
862	841
862	853
862	860
862	864
862	895
862	976
863	33
863	328
863	656
863	681
863	720
863	773
863	793
863	801
863	808
863	809
863	855
863	859
863	867
863	872
863	877
863	878
863	879
863	887
863	888
863	897
863	902
863	907
863	932
863	934
863	950
863	971
863	982
863	987
863	995
863	996
863	999
864	125
864	432
864	516
864	525
864	537
864	575
864	632
864	647
864	678
864	679
864	682
864	688
864	696
864	706
864	707
864	723
864	777
864	791
864	812
864	815
864	824
864	839
864	840
864	841
864	853
864	860
864	862
865	778
865	838
865	844
865	847
865	857
865	889
865	892
865	898
865	911
865	912
865	919
865	921
865	922
865	924
865	928
865	930
865	931
865	935
865	940
865	947
865	951
865	957
865	973
865	976
865	978
865	979
865	990
865	991
865	992
866	580
866	646
866	649
866	669
866	702
866	761
866	763
866	794
866	802
866	804
866	816
866	828
866	833
866	843
866	846
866	850
866	852
866	858
866	868
866	873
866	874
866	881
866	882
866	885
866	895
867	202
867	656
867	706
867	720
867	732
867	767
867	773
867	801
867	809
867	819
867	855
867	859
867	863
867	872
867	877
867	878
867	879
867	887
867	888
867	897
867	907
867	932
867	934
867	963
867	981
867	982
867	987
867	995
867	996
867	999
868	77
868	307
868	352
868	580
868	646
868	649
868	669
868	702
868	763
868	794
868	802
868	804
868	816
868	828
868	833
868	843
868	846
868	850
868	852
868	858
868	866
868	874
868	881
868	882
868	885
868	895
869	240
869	521
869	634
869	687
869	689
869	718
869	727
869	738
869	765
869	810
869	818
869	826
869	834
869	838
869	890
869	894
869	908
869	933
869	937
869	938
869	946
869	948
869	953
869	954
869	955
869	960
869	961
869	962
869	970
869	975
870	315
870	760
870	781
870	803
870	823
870	830
870	848
870	909
870	917
870	918
870	920
870	923
870	925
870	926
870	927
870	949
870	952
870	958
870	959
870	966
870	967
870	968
870	969
870	974
870	977
870	983
870	984
870	985
870	993
871	740
871	748
871	751
871	770
871	792
871	797
871	861
871	873
871	875
871	876
871	884
871	886
871	896
871	901
871	904
871	906
871	909
871	915
871	936
871	939
871	941
871	943
871	944
871	945
871	954
871	961
871	964
871	971
871	972
871	988
871	995
871	1000
872	407
872	656
872	732
872	773
872	791
872	793
872	801
872	806
872	809
872	819
872	859
872	863
872	867
872	878
872	879
872	887
872	888
872	897
872	902
872	907
872	932
872	934
872	950
872	963
872	971
872	981
872	982
872	987
872	995
872	996
873	721
873	740
873	748
873	751
873	770
873	792
873	797
873	813
873	835
873	845
873	861
873	866
873	871
873	875
873	876
873	884
873	886
873	896
873	901
873	904
873	905
873	915
873	936
873	939
873	941
873	943
873	945
873	951
873	954
873	1000
874	530
874	580
874	646
874	649
874	669
874	702
874	763
874	794
874	802
874	804
874	816
874	828
874	833
874	838
874	843
874	846
874	850
874	852
874	858
874	866
874	868
874	881
874	882
874	885
874	895
874	944
875	249
875	310
875	448
875	721
875	740
875	751
875	770
875	792
875	835
875	845
875	861
875	871
875	873
875	884
875	886
875	901
875	904
875	905
875	906
875	915
875	939
875	941
875	943
875	944
875	945
875	951
875	954
875	964
875	972
875	988
875	1000
876	113
876	242
876	721
876	740
876	792
876	797
876	835
876	871
876	873
876	884
876	886
876	896
876	901
876	904
876	905
876	906
876	909
876	915
876	936
876	939
876	941
876	943
876	944
876	945
876	951
876	954
876	964
876	972
876	976
876	988
876	1000
877	493
877	720
877	732
877	767
877	791
877	793
877	801
877	808
877	809
877	819
877	855
877	863
877	867
877	878
877	887
877	897
877	902
877	907
877	932
877	934
877	950
877	959
877	963
877	971
877	981
877	982
877	987
877	995
877	996
877	999
878	656
878	720
878	732
878	773
878	791
878	793
878	801
878	808
878	809
878	819
878	855
878	859
878	863
878	867
878	872
878	877
878	887
878	888
878	897
878	907
878	931
878	932
878	934
878	950
878	953
878	971
878	981
878	982
878	987
878	996
878	999
879	412
879	720
879	732
879	767
879	793
879	801
879	808
879	809
879	819
879	855
879	859
879	863
879	867
879	872
879	887
879	888
879	897
879	899
879	902
879	907
879	932
879	934
879	950
879	963
879	971
879	981
879	982
879	987
879	995
879	996
879	999
880	121
880	715
880	737
880	756
880	761
880	778
880	789
880	790
880	844
880	847
880	892
880	898
880	912
880	919
880	921
880	922
880	924
880	928
880	929
880	931
880	935
880	940
880	947
880	957
880	973
880	976
880	978
880	979
880	990
880	992
881	530
881	580
881	646
881	649
881	669
881	702
881	723
881	763
881	794
881	802
881	804
881	816
881	828
881	833
881	843
881	846
881	850
881	852
881	858
881	866
881	868
881	874
881	882
881	885
881	895
881	914
882	67
882	283
882	412
882	438
882	506
882	520
882	530
882	580
882	646
882	649
882	669
882	702
882	763
882	794
882	802
882	804
882	816
882	827
882	828
882	833
882	843
882	846
882	850
882	852
882	858
882	866
882	868
882	874
882	881
882	885
882	895
883	536
883	586
883	604
883	642
883	677
883	690
883	703
883	741
883	743
883	758
883	817
883	846
883	893
883	899
883	910
883	914
883	929
883	942
883	956
883	965
883	980
883	986
883	989
883	991
883	994
883	997
883	998
884	489
884	721
884	748
884	751
884	770
884	797
884	835
884	845
884	861
884	871
884	873
884	875
884	876
884	896
884	901
884	904
884	905
884	906
884	909
884	915
884	936
884	937
884	939
884	941
884	943
884	944
884	945
884	954
884	964
884	972
884	988
884	993
884	1000
885	139
885	412
885	438
885	506
885	520
885	530
885	580
885	646
885	649
885	669
885	702
885	746
885	763
885	794
885	802
885	804
885	816
885	828
885	833
885	843
885	846
885	850
885	852
885	858
885	866
885	868
885	874
885	881
885	882
885	895
885	982
886	721
886	740
886	748
886	751
886	770
886	797
886	861
886	871
886	873
886	875
886	876
886	901
886	904
886	905
886	906
886	909
886	915
886	925
886	936
886	939
886	941
886	943
886	944
886	945
886	951
886	954
886	960
886	964
886	972
886	988
887	656
887	732
887	767
887	773
887	791
887	801
887	805
887	808
887	809
887	819
887	855
887	859
887	863
887	867
887	872
887	877
887	878
887	879
887	897
887	902
887	907
887	932
887	934
887	950
887	963
887	967
887	971
887	981
887	982
887	987
887	995
887	996
887	999
888	6
888	358
888	656
888	720
888	732
888	767
888	773
888	793
888	801
888	808
888	809
888	819
888	843
888	855
888	859
888	863
888	867
888	872
888	878
888	879
888	897
888	902
888	907
888	932
888	934
888	950
888	963
888	971
888	981
888	982
888	987
888	995
888	996
888	999
889	304
889	715
889	756
889	778
889	789
889	790
889	847
889	857
889	865
889	892
889	898
889	903
889	911
889	912
889	919
889	921
889	922
889	924
889	928
889	930
889	931
889	935
889	940
889	947
889	957
889	973
889	976
889	978
889	979
889	990
889	992
890	247
890	392
890	630
890	661
890	683
890	684
890	689
890	693
890	738
890	744
890	765
890	787
890	810
890	818
890	834
890	869
890	894
890	908
890	933
890	937
890	938
890	946
890	948
890	953
890	955
890	960
890	961
890	962
890	970
890	975
891	284
891	358
891	369
891	376
891	422
891	449
891	494
891	510
891	511
891	528
891	538
891	545
891	551
891	552
891	560
891	572
891	609
891	664
891	698
891	714
891	716
891	729
891	736
891	745
891	768
891	787
891	805
891	832
891	856
891	900
891	903
891	913
891	916
891	965
892	647
892	737
892	756
892	761
892	789
892	790
892	843
892	844
892	847
892	857
892	865
892	880
892	889
892	898
892	911
892	912
892	919
892	921
892	922
892	924
892	928
892	930
892	931
892	935
892	940
892	947
892	957
892	973
892	976
892	978
892	979
892	988
892	990
892	992
893	586
893	613
893	618
893	642
893	677
893	680
893	685
893	703
893	741
893	742
893	758
893	817
893	883
893	899
893	910
893	914
893	929
893	942
893	956
893	958
893	965
893	980
893	986
893	989
893	991
893	994
893	997
893	998
894	630
894	634
894	661
894	683
894	684
894	687
894	693
894	718
894	738
894	744
894	765
894	810
894	818
894	826
894	834
894	869
894	890
894	908
894	926
894	933
894	937
894	938
894	946
894	948
894	953
894	955
894	960
894	961
894	970
894	975
894	993
895	197
895	412
895	438
895	506
895	520
895	530
895	580
895	646
895	649
895	669
895	702
895	763
895	794
895	802
895	804
895	816
895	833
895	843
895	846
895	850
895	852
895	858
895	862
895	866
895	868
895	874
895	881
895	882
895	885
895	920
896	641
896	653
896	721
896	740
896	748
896	751
896	770
896	797
896	835
896	845
896	861
896	871
896	873
896	876
896	884
896	904
896	905
896	906
896	909
896	936
896	939
896	941
896	944
896	945
896	951
896	954
896	964
896	968
896	972
896	988
896	1000
897	720
897	726
897	791
897	793
897	801
897	809
897	819
897	855
897	859
897	863
897	867
897	872
897	877
897	878
897	879
897	887
897	888
897	902
897	907
897	932
897	934
897	938
897	950
897	963
897	971
897	981
897	982
897	987
897	995
897	996
897	999
898	638
898	756
898	761
898	772
898	778
898	790
898	844
898	847
898	857
898	865
898	880
898	889
898	892
898	911
898	912
898	921
898	922
898	924
898	930
898	931
898	935
898	940
898	947
898	957
898	973
898	976
898	978
898	979
898	984
898	990
898	992
899	581
899	586
899	604
899	613
899	618
899	627
899	641
899	642
899	667
899	677
899	685
899	703
899	741
899	817
899	879
899	883
899	893
899	910
899	914
899	929
899	942
899	956
899	965
899	980
899	986
899	989
899	991
899	994
899	997
899	998
900	284
900	358
900	369
900	376
900	422
900	437
900	449
900	494
900	510
900	511
900	528
900	538
900	545
900	551
900	552
900	560
900	572
900	595
900	609
900	664
900	698
900	714
900	716
900	736
900	745
900	768
900	787
900	794
900	805
900	832
900	833
900	837
900	856
900	891
900	903
900	913
900	916
901	698
901	721
901	740
901	748
901	751
901	770
901	792
901	799
901	835
901	845
901	861
901	871
901	873
901	875
901	876
901	884
901	886
901	904
901	906
901	909
901	915
901	936
901	939
901	941
901	942
901	943
901	944
901	945
901	951
901	954
901	964
901	972
901	988
901	1000
902	349
902	612
902	720
902	732
902	767
902	773
902	791
902	793
902	801
902	808
902	809
902	819
902	855
902	863
902	872
902	877
902	879
902	887
902	888
902	897
902	907
902	911
902	927
902	932
902	934
902	950
902	963
902	981
902	982
902	987
902	995
902	996
902	999
903	284
903	358
903	369
903	376
903	422
903	449
903	494
903	510
903	511
903	514
903	528
903	538
903	545
903	551
903	552
903	560
903	595
903	609
903	664
903	698
903	714
903	716
903	729
903	736
903	745
903	768
903	787
903	805
903	832
903	836
903	837
903	856
903	889
903	891
903	900
903	913
903	916
904	721
904	740
904	748
904	751
904	770
904	797
904	835
904	845
904	861
904	871
904	873
904	875
904	876
904	884
904	886
904	896
904	901
904	905
904	906
904	909
904	915
904	936
904	939
904	941
904	943
904	945
904	951
904	954
904	964
904	969
904	972
904	988
904	991
904	1000
905	721
905	740
905	748
905	751
905	770
905	792
905	797
905	835
905	845
905	861
905	873
905	875
905	876
905	884
905	886
905	896
905	904
905	906
905	909
905	915
905	936
905	939
905	941
905	944
905	945
905	951
905	954
905	964
905	972
905	984
905	988
905	989
905	1000
906	469
906	721
906	740
906	751
906	770
906	792
906	797
906	835
906	844
906	845
906	861
906	871
906	875
906	876
906	884
906	886
906	896
906	901
906	904
906	905
906	909
906	915
906	936
906	939
906	941
906	943
906	944
906	945
906	951
906	956
906	964
906	972
906	988
906	1000
907	656
907	773
907	791
907	793
907	801
907	808
907	809
907	828
907	855
907	859
907	863
907	867
907	872
907	877
907	878
907	879
907	887
907	888
907	897
907	902
907	932
907	934
907	950
907	963
907	971
907	981
907	982
907	987
907	995
907	996
907	999
907	1000
908	634
908	684
908	687
908	689
908	693
908	718
908	727
908	738
908	744
908	765
908	800
908	810
908	818
908	826
908	834
908	838
908	847
908	850
908	869
908	890
908	894
908	933
908	937
908	938
908	946
908	948
908	953
908	955
908	960
908	961
908	962
908	970
908	975
909	345
909	393
909	721
909	740
909	748
909	751
909	770
909	792
909	797
909	835
909	861
909	870
909	871
909	876
909	884
909	886
909	896
909	901
909	904
909	905
909	906
909	915
909	936
909	939
909	941
909	943
909	944
909	945
909	951
909	954
909	964
909	972
909	988
909	1000
910	204
910	444
910	581
910	604
910	613
910	618
910	641
910	642
910	667
910	677
910	685
910	690
910	703
910	741
910	758
910	817
910	883
910	893
910	899
910	914
910	919
910	929
910	942
910	956
910	965
910	980
910	986
910	989
910	991
910	994
910	997
910	998
911	543
911	699
911	715
911	737
911	756
911	761
911	789
911	790
911	844
911	847
911	857
911	865
911	889
911	892
911	898
911	902
911	912
911	919
911	921
911	922
911	928
911	930
911	931
911	935
911	940
911	947
911	957
911	973
911	976
911	978
911	990
911	992
912	336
912	577
912	600
912	715
912	761
912	778
912	789
912	790
912	844
912	847
912	857
912	865
912	880
912	889
912	892
912	898
912	911
912	919
912	921
912	922
912	924
912	928
912	930
912	931
912	935
912	940
912	947
912	957
912	973
912	976
912	978
912	979
912	990
912	992
913	284
913	320
913	358
913	369
913	376
913	422
913	449
913	494
913	510
913	511
913	528
913	538
913	545
913	551
913	552
913	560
913	572
913	595
913	609
913	664
913	698
913	714
913	716
913	729
913	736
913	745
913	768
913	787
913	805
913	832
913	837
913	856
913	861
913	891
913	900
913	903
913	916
913	950
914	398
914	508
914	581
914	613
914	618
914	641
914	667
914	677
914	685
914	703
914	741
914	758
914	817
914	881
914	883
914	893
914	899
914	910
914	929
914	942
914	956
914	965
914	980
914	986
914	989
914	991
914	994
914	997
914	998
915	93
915	290
915	721
915	740
915	748
915	751
915	770
915	792
915	835
915	845
915	861
915	871
915	873
915	875
915	876
915	884
915	886
915	901
915	904
915	905
915	906
915	909
915	936
915	939
915	941
915	943
915	944
915	945
915	951
915	954
915	964
915	972
915	988
915	997
915	1000
916	86
916	189
916	284
916	320
916	358
916	369
916	376
916	422
916	449
916	494
916	510
916	511
916	528
916	538
916	545
916	551
916	552
916	560
916	572
916	595
916	609
916	661
916	664
916	698
916	714
916	716
916	729
916	736
916	745
916	768
916	787
916	805
916	832
916	837
916	856
916	891
916	900
916	903
916	913
917	695
917	697
917	712
917	722
917	760
917	781
917	782
917	803
917	823
917	830
917	848
917	870
917	918
917	920
917	923
917	925
917	926
917	927
917	949
917	952
917	958
917	959
917	966
917	967
917	968
917	969
917	974
917	975
917	977
917	983
917	984
917	985
917	993
918	628
918	695
918	699
918	727
918	781
918	782
918	803
918	812
918	823
918	848
918	870
918	917
918	920
918	923
918	925
918	926
918	927
918	949
918	952
918	958
918	959
918	966
918	967
918	968
918	969
918	974
918	977
918	983
918	984
918	985
918	993
919	642
919	715
919	737
919	756
919	761
919	778
919	789
919	790
919	844
919	847
919	851
919	865
919	880
919	889
919	892
919	910
919	911
919	912
919	921
919	922
919	924
919	928
919	930
919	931
919	935
919	940
919	947
919	957
919	973
919	976
919	978
919	979
919	990
919	992
920	628
920	695
920	699
920	712
920	722
920	760
920	781
920	782
920	803
920	830
920	848
920	870
920	895
920	917
920	918
920	923
920	925
920	926
920	927
920	940
920	949
920	952
920	958
920	959
920	966
920	967
920	968
920	969
920	974
920	977
920	983
920	984
920	985
920	993
921	129
921	394
921	603
921	715
921	737
921	761
921	778
921	789
921	790
921	844
921	847
921	857
921	865
921	880
921	889
921	892
921	898
921	911
921	912
921	919
921	922
921	924
921	928
921	930
921	931
921	940
921	947
921	957
921	973
921	976
921	978
921	979
921	990
921	992
922	338
922	628
922	715
922	737
922	756
922	778
922	789
922	844
922	847
922	857
922	865
922	880
922	889
922	892
922	898
922	911
922	912
922	919
922	921
922	924
922	928
922	930
922	931
922	935
922	940
922	947
922	957
922	973
922	976
922	978
922	979
922	990
922	992
923	628
923	695
923	699
923	712
923	716
923	722
923	781
923	782
923	803
923	823
923	830
923	848
923	870
923	917
923	918
923	920
923	925
923	926
923	927
923	949
923	952
923	957
923	958
923	959
923	966
923	967
923	968
923	969
923	974
923	977
923	983
923	984
923	985
923	993
924	3
924	715
924	737
924	761
924	778
924	789
924	790
924	829
924	847
924	857
924	865
924	880
924	889
924	892
924	898
924	912
924	919
924	921
924	922
924	928
924	930
924	931
924	935
924	940
924	947
924	957
924	971
924	973
924	976
924	978
924	979
924	990
924	992
925	388
925	628
925	699
925	712
925	722
925	760
925	781
925	782
925	803
925	823
925	830
925	849
925	870
925	886
925	917
925	918
925	920
925	923
925	926
925	927
925	949
925	952
925	958
925	959
925	966
925	967
925	968
925	969
925	974
925	977
925	983
925	984
925	985
925	993
926	14
926	699
926	722
926	757
926	760
926	781
926	782
926	803
926	823
926	830
926	848
926	870
926	894
926	917
926	918
926	920
926	923
926	925
926	927
926	949
926	952
926	958
926	959
926	966
926	967
926	968
926	969
926	974
926	977
926	983
926	984
926	985
926	993
927	589
927	603
927	626
927	628
927	695
927	712
927	722
927	755
927	760
927	781
927	782
927	803
927	823
927	830
927	870
927	902
927	917
927	918
927	920
927	923
927	925
927	926
927	934
927	949
927	952
927	958
927	959
927	966
927	967
927	968
927	969
927	974
927	977
927	983
927	985
927	993
928	737
928	756
928	761
928	778
928	789
928	790
928	836
928	844
928	847
928	857
928	865
928	880
928	889
928	892
928	911
928	912
928	919
928	921
928	922
928	924
928	930
928	931
928	935
928	940
928	947
928	957
928	967
928	973
928	976
928	978
928	979
928	990
928	992
929	583
929	604
929	606
929	613
929	641
929	642
929	667
929	677
929	685
929	690
929	703
929	741
929	758
929	817
929	880
929	883
929	893
929	899
929	910
929	914
929	942
929	956
929	965
929	980
929	986
929	989
929	991
929	994
929	997
929	998
930	224
930	309
930	737
930	756
930	761
930	778
930	789
930	790
930	806
930	844
930	847
930	857
930	865
930	889
930	892
930	898
930	911
930	912
930	919
930	921
930	922
930	924
930	928
930	931
930	940
930	947
930	957
930	973
930	976
930	978
930	979
930	990
930	992
931	715
931	737
931	756
931	778
931	789
931	790
931	817
931	844
931	847
931	857
931	865
931	878
931	880
931	889
931	892
931	898
931	911
931	912
931	919
931	921
931	922
931	924
931	928
931	930
931	935
931	938
931	940
931	947
931	957
931	973
931	976
931	978
931	979
931	990
931	992
932	612
932	720
932	767
932	773
932	791
932	793
932	803
932	808
932	809
932	819
932	821
932	859
932	863
932	867
932	872
932	877
932	878
932	879
932	887
932	888
932	897
932	902
932	907
932	934
932	950
932	963
932	971
932	981
932	982
932	987
932	995
932	996
932	999
933	513
933	622
933	630
933	634
933	661
933	683
933	684
933	687
933	689
933	693
933	718
933	734
933	738
933	740
933	744
933	765
933	810
933	818
933	826
933	834
933	838
933	869
933	890
933	894
933	908
933	937
933	938
933	946
933	948
933	953
933	955
933	960
933	961
933	962
933	970
933	975
934	391
934	565
934	610
934	612
934	720
934	732
934	767
934	773
934	791
934	801
934	808
934	809
934	819
934	855
934	863
934	867
934	872
934	877
934	878
934	879
934	887
934	888
934	897
934	902
934	907
934	927
934	932
934	950
934	963
934	971
934	981
934	982
934	987
934	995
934	996
934	999
935	126
935	438
935	624
935	633
935	715
935	737
935	752
935	756
935	761
935	789
935	790
935	844
935	847
935	857
935	865
935	880
935	889
935	892
935	898
935	911
935	912
935	919
935	922
935	924
935	928
935	931
935	940
935	947
935	957
935	973
935	976
935	978
935	979
935	990
935	992
936	515
936	559
936	721
936	729
936	740
936	748
936	751
936	770
936	792
936	797
936	835
936	845
936	861
936	871
936	873
936	876
936	884
936	886
936	896
936	901
936	904
936	905
936	906
936	909
936	915
936	939
936	941
936	943
936	944
936	945
936	954
936	964
936	972
936	988
936	1000
937	439
937	593
937	622
937	630
937	661
937	683
937	684
937	687
937	689
937	693
937	718
937	727
937	738
937	744
937	765
937	810
937	818
937	826
937	834
937	838
937	869
937	884
937	890
937	894
937	908
937	933
937	938
937	946
937	948
937	953
937	954
937	955
937	960
937	961
937	962
937	970
937	975
938	495
938	554
938	622
938	630
938	634
938	661
938	684
938	687
938	689
938	693
938	718
938	727
938	744
938	765
938	810
938	818
938	834
938	838
938	869
938	890
938	894
938	897
938	908
938	931
938	933
938	937
938	946
938	948
938	953
938	955
938	960
938	961
938	962
938	970
938	975
938	990
939	588
939	665
939	721
939	740
939	748
939	751
939	770
939	792
939	797
939	835
939	861
939	871
939	873
939	875
939	876
939	884
939	886
939	896
939	901
939	904
939	905
939	906
939	909
939	915
939	936
939	941
939	943
939	945
939	951
939	954
939	958
939	964
939	972
939	988
939	1000
940	538
940	715
940	737
940	756
940	761
940	778
940	779
940	789
940	790
940	844
940	847
940	857
940	865
940	880
940	889
940	892
940	898
940	911
940	912
940	919
940	920
940	921
940	922
940	924
940	928
940	930
940	931
940	935
940	947
940	957
940	973
940	976
940	978
940	979
940	983
940	990
941	281
941	354
941	614
941	665
941	721
941	740
941	751
941	792
941	835
941	845
941	855
941	861
941	871
941	873
941	875
941	876
941	884
941	886
941	896
941	901
941	904
941	905
941	906
941	909
941	915
941	936
941	939
941	943
941	944
941	945
941	951
941	954
941	972
941	988
941	1000
942	452
942	486
942	523
942	581
942	586
942	604
942	613
942	618
942	641
942	642
942	667
942	685
942	690
942	703
942	708
942	741
942	758
942	817
942	883
942	893
942	899
942	901
942	910
942	914
942	929
942	956
942	965
942	980
942	981
942	986
942	989
942	991
942	994
942	997
942	998
943	127
943	177
943	323
943	553
943	558
943	588
943	614
943	665
943	748
943	792
943	797
943	835
943	845
943	861
943	871
943	873
943	875
943	876
943	884
943	886
943	901
943	904
943	906
943	909
943	915
943	936
943	939
943	941
943	944
943	945
943	946
943	951
943	954
943	964
943	972
943	988
943	1000
944	484
944	553
944	558
944	574
944	588
944	610
944	614
944	665
944	721
944	740
944	748
944	751
944	770
944	797
944	835
944	845
944	861
944	871
944	874
944	875
944	876
944	884
944	886
944	896
944	901
944	905
944	906
944	909
944	915
944	936
944	941
944	943
944	945
944	951
944	954
944	964
944	972
944	988
944	1000
945	538
945	553
945	614
945	665
945	721
945	740
945	748
945	751
945	770
945	835
945	845
945	851
945	861
945	871
945	873
945	875
945	876
945	884
945	886
945	896
945	901
945	904
945	905
945	906
945	909
945	915
945	936
945	939
945	941
945	943
945	944
945	951
945	954
945	964
945	972
945	988
945	990
945	1000
946	148
946	355
946	367
946	495
946	622
946	630
946	661
946	683
946	684
946	689
946	693
946	718
946	727
946	738
946	744
946	765
946	810
946	818
946	826
946	834
946	838
946	869
946	890
946	894
946	908
946	933
946	937
946	938
946	943
946	948
946	953
946	955
946	960
946	961
946	962
946	970
946	975
947	141
947	142
947	432
947	573
947	613
947	624
947	633
947	715
947	756
947	778
947	790
947	844
947	847
947	857
947	865
947	880
947	889
947	892
947	898
947	911
947	912
947	919
947	921
947	922
947	924
947	928
947	930
947	931
947	935
947	940
947	957
947	973
947	976
947	978
947	979
947	990
947	992
948	495
948	554
948	622
948	630
948	634
948	661
948	683
948	684
948	687
948	689
948	693
948	727
948	738
948	744
948	765
948	810
948	826
948	834
948	835
948	838
948	869
948	890
948	894
948	908
948	933
948	937
948	938
948	946
948	953
948	955
948	960
948	961
948	962
948	970
948	975
948	992
949	150
949	589
949	603
949	607
949	626
949	627
949	671
949	695
949	699
949	712
949	722
949	760
949	781
949	803
949	820
949	830
949	848
949	870
949	917
949	918
949	920
949	923
949	925
949	926
949	927
949	952
949	958
949	959
949	962
949	966
949	967
949	968
949	969
949	974
949	977
949	983
949	984
949	985
949	993
950	91
950	314
950	534
950	610
950	612
950	720
950	732
950	767
950	773
950	791
950	793
950	808
950	809
950	855
950	859
950	863
950	872
950	877
950	878
950	879
950	887
950	888
950	897
950	902
950	907
950	913
950	932
950	934
950	963
950	971
950	981
950	982
950	987
950	995
950	996
950	999
951	553
951	588
951	614
951	665
951	721
951	740
951	748
951	770
951	792
951	797
951	835
951	845
951	861
951	865
951	873
951	875
951	876
951	886
951	896
951	901
951	904
951	905
951	906
951	909
951	915
951	939
951	941
951	943
951	944
951	945
951	954
951	964
951	972
951	973
951	981
951	988
951	1000
952	590
952	607
952	628
952	671
952	695
952	699
952	712
952	722
952	760
952	781
952	782
952	803
952	823
952	830
952	848
952	870
952	917
952	918
952	920
952	923
952	925
952	926
952	927
952	949
952	958
952	959
952	966
952	967
952	968
952	969
952	974
952	977
952	983
952	984
952	985
952	992
952	993
952	996
953	554
953	622
953	630
953	634
953	661
953	683
953	687
953	689
953	693
953	718
953	738
953	744
953	765
953	810
953	818
953	826
953	834
953	838
953	851
953	869
953	878
953	890
953	894
953	908
953	933
953	937
953	938
953	946
953	948
953	955
953	960
953	961
953	962
953	970
953	975
954	588
954	721
954	740
954	748
954	751
954	753
954	770
954	792
954	797
954	835
954	845
954	852
954	861
954	869
954	871
954	873
954	875
954	876
954	884
954	886
954	896
954	901
954	904
954	905
954	909
954	915
954	936
954	937
954	939
954	941
954	943
954	944
954	945
954	951
954	964
954	972
954	988
954	1000
955	495
955	554
955	622
955	630
955	634
955	661
955	683
955	684
955	687
955	689
955	693
955	717
955	718
955	727
955	738
955	744
955	765
955	810
955	826
955	834
955	838
955	854
955	869
955	890
955	894
955	908
955	933
955	937
955	938
955	946
955	948
955	953
955	960
955	961
955	962
955	970
955	975
956	271
956	381
956	439
956	452
956	486
956	523
956	581
956	586
956	604
956	613
956	618
956	641
956	642
956	667
956	677
956	685
956	690
956	741
956	758
956	817
956	883
956	893
956	899
956	906
956	910
956	914
956	929
956	942
956	965
956	980
956	986
956	989
956	991
956	994
956	997
956	998
957	155
957	325
957	573
957	624
957	715
957	737
957	756
957	761
957	778
957	789
957	790
957	815
957	844
957	847
957	857
957	865
957	880
957	889
957	892
957	898
957	911
957	912
957	919
957	921
957	922
957	923
957	924
957	928
957	930
957	931
957	935
957	940
957	947
957	964
957	973
957	976
957	978
957	979
957	990
957	992
958	528
958	590
958	603
958	626
958	627
958	671
958	695
958	699
958	712
958	722
958	760
958	781
958	782
958	803
958	823
958	830
958	848
958	870
958	893
958	917
958	918
958	920
958	923
958	925
958	926
958	927
958	939
958	949
958	952
958	959
958	966
958	967
958	968
958	969
958	974
958	977
958	983
958	984
958	985
958	993
959	569
959	589
959	590
959	607
959	626
959	627
959	671
959	695
959	699
959	701
959	712
959	722
959	760
959	781
959	782
959	803
959	823
959	830
959	848
959	870
959	877
959	917
959	918
959	920
959	923
959	925
959	926
959	927
959	949
959	952
959	958
959	966
959	967
959	968
959	969
959	974
959	977
959	983
959	984
959	985
959	993
960	365
960	554
960	622
960	634
960	661
960	683
960	684
960	687
960	689
960	693
960	718
960	727
960	738
960	744
960	765
960	810
960	818
960	826
960	834
960	838
960	857
960	869
960	886
960	890
960	894
960	908
960	933
960	937
960	938
960	946
960	948
960	953
960	955
960	961
960	962
960	970
960	975
961	276
961	495
961	554
961	622
961	630
961	634
961	661
961	683
961	684
961	687
961	693
961	718
961	727
961	738
961	744
961	765
961	810
961	817
961	818
961	826
961	834
961	838
961	869
961	871
961	890
961	894
961	908
961	933
961	937
961	938
961	946
961	948
961	953
961	955
961	960
961	962
961	970
961	975
962	243
962	377
962	415
962	483
962	495
962	554
962	622
962	630
962	634
962	661
962	683
962	684
962	687
962	689
962	693
962	718
962	727
962	738
962	744
962	765
962	810
962	818
962	834
962	838
962	869
962	890
962	908
962	933
962	937
962	938
962	946
962	948
962	949
962	953
962	955
962	960
962	961
962	970
962	975
963	61
963	169
963	287
963	461
963	478
963	610
963	612
963	656
963	720
963	732
963	767
963	773
963	791
963	793
963	808
963	809
963	819
963	855
963	859
963	867
963	872
963	877
963	879
963	887
963	888
963	897
963	902
963	907
963	932
963	934
963	950
963	971
963	981
963	982
963	987
963	995
963	996
963	999
964	481
964	553
964	558
964	574
964	588
964	614
964	665
964	684
964	686
964	696
964	740
964	748
964	751
964	770
964	792
964	797
964	835
964	845
964	861
964	871
964	875
964	876
964	884
964	886
964	896
964	901
964	904
964	905
964	906
964	909
964	915
964	936
964	939
964	943
964	944
964	945
964	951
964	954
964	957
964	972
964	988
964	1000
965	88
965	401
965	419
965	439
965	451
965	452
965	465
965	468
965	486
965	523
965	581
965	586
965	604
965	618
965	641
965	642
965	667
965	677
965	685
965	690
965	703
965	741
965	817
965	883
965	891
965	893
965	899
965	910
965	914
965	929
965	942
965	956
965	980
965	986
965	989
965	991
965	994
965	997
965	998
966	589
966	590
966	599
966	603
966	607
966	626
966	627
966	628
966	671
966	695
966	699
966	712
966	722
966	760
966	781
966	782
966	797
966	803
966	823
966	830
966	848
966	870
966	917
966	918
966	920
966	923
966	925
966	926
966	927
966	949
966	952
966	958
966	959
966	967
966	968
966	969
966	974
966	977
966	983
966	984
966	985
966	993
966	999
967	589
967	603
967	607
967	626
967	627
967	628
967	671
967	695
967	699
967	712
967	722
967	781
967	782
967	803
967	823
967	830
967	848
967	870
967	887
967	917
967	918
967	920
967	923
967	925
967	926
967	927
967	928
967	949
967	952
967	958
967	959
967	966
967	968
967	969
967	974
967	977
967	983
967	984
967	985
967	993
968	589
968	590
968	603
968	607
968	626
968	627
968	628
968	671
968	695
968	699
968	712
968	756
968	760
968	781
968	782
968	803
968	823
968	830
968	832
968	848
968	870
968	896
968	917
968	918
968	920
968	923
968	925
968	926
968	927
968	949
968	952
968	958
968	959
968	966
968	967
968	969
968	974
968	977
968	983
968	984
968	985
968	993
969	295
969	545
969	589
969	590
969	603
969	607
969	626
969	627
969	628
969	671
969	699
969	712
969	722
969	760
969	781
969	782
969	803
969	823
969	830
969	848
969	870
969	904
969	917
969	918
969	920
969	923
969	925
969	926
969	927
969	949
969	952
969	958
969	959
969	966
969	967
969	968
969	974
969	977
969	983
969	984
969	985
969	993
970	415
970	425
970	495
970	554
970	622
970	630
970	634
970	660
970	661
970	683
970	684
970	687
970	689
970	693
970	707
970	718
970	727
970	738
970	744
970	765
970	810
970	818
970	834
970	838
970	848
970	869
970	890
970	894
970	908
970	933
970	937
970	938
970	946
970	948
970	953
970	955
970	960
970	961
970	962
970	975
971	517
971	534
971	610
971	612
971	629
971	720
971	732
971	767
971	773
971	791
971	793
971	801
971	808
971	809
971	819
971	855
971	859
971	863
971	871
971	872
971	877
971	878
971	879
971	887
971	888
971	897
971	907
971	924
971	932
971	934
971	950
971	963
971	981
971	982
971	987
971	995
971	996
971	999
972	418
972	553
972	558
972	574
972	588
972	614
972	665
972	740
972	741
972	748
972	751
972	770
972	792
972	797
972	835
972	839
972	844
972	845
972	861
972	871
972	875
972	876
972	884
972	886
972	896
972	901
972	904
972	905
972	906
972	909
972	915
972	936
972	939
972	941
972	943
972	944
972	945
972	951
972	954
972	964
972	988
972	1000
973	483
973	527
973	565
973	573
973	624
973	633
973	715
973	756
973	761
973	789
973	790
973	844
973	847
973	857
973	865
973	880
973	889
973	892
973	898
973	911
973	912
973	919
973	921
973	922
973	924
973	928
973	930
973	931
973	935
973	940
973	947
973	951
973	957
973	976
973	978
973	979
973	988
973	990
973	992
973	994
974	48
974	559
974	589
974	590
974	603
974	607
974	627
974	628
974	671
974	695
974	699
974	712
974	722
974	760
974	781
974	782
974	803
974	823
974	848
974	870
974	917
974	918
974	920
974	923
974	925
974	926
974	927
974	949
974	952
974	958
974	959
974	966
974	967
974	968
974	969
974	977
974	979
974	983
974	984
974	985
974	993
975	415
975	425
975	495
975	533
975	554
975	579
975	622
975	630
975	634
975	661
975	683
975	684
975	687
975	689
975	693
975	718
975	727
975	738
975	744
975	765
975	802
975	810
975	818
975	826
975	834
975	838
975	869
975	890
975	894
975	908
975	917
975	933
975	937
975	938
975	946
975	948
975	953
975	955
975	960
975	961
975	962
975	970
976	458
976	483
976	565
976	573
976	624
976	633
976	715
976	737
976	756
976	761
976	778
976	789
976	790
976	844
976	847
976	857
976	862
976	865
976	876
976	880
976	889
976	892
976	898
976	911
976	912
976	919
976	921
976	922
976	924
976	928
976	930
976	931
976	935
976	940
976	947
976	957
976	973
976	978
976	979
976	990
976	992
977	433
977	559
977	589
977	590
977	591
977	603
977	607
977	626
977	627
977	628
977	671
977	695
977	699
977	712
977	722
977	760
977	765
977	781
977	782
977	803
977	819
977	823
977	830
977	848
977	870
977	917
977	918
977	920
977	923
977	925
977	926
977	927
977	949
977	952
977	958
977	959
977	966
977	967
977	968
977	969
977	974
977	983
977	984
977	985
977	993
978	282
978	285
978	483
978	527
978	565
978	573
978	624
978	633
978	645
978	715
978	737
978	756
978	761
978	778
978	789
978	790
978	844
978	845
978	847
978	857
978	865
978	880
978	889
978	892
978	898
978	911
978	912
978	919
978	921
978	922
978	924
978	928
978	930
978	931
978	935
978	940
978	947
978	957
978	973
978	976
978	979
978	990
978	992
979	395
979	483
979	491
979	527
979	565
979	573
979	624
979	633
979	715
979	737
979	756
979	761
979	778
979	789
979	790
979	844
979	847
979	857
979	865
979	880
979	889
979	892
979	898
979	912
979	919
979	921
979	922
979	924
979	928
979	930
979	931
979	935
979	940
979	947
979	957
979	973
979	974
979	976
979	978
979	990
979	992
980	296
980	318
980	419
980	439
980	451
980	452
980	465
980	468
980	486
980	523
980	580
980	581
980	586
980	604
980	613
980	618
980	641
980	667
980	677
980	685
980	690
980	703
980	741
980	756
980	758
980	763
980	817
980	883
980	893
980	899
980	910
980	914
980	929
980	942
980	956
980	965
980	986
980	989
980	991
980	994
980	997
980	998
981	430
981	461
981	517
981	534
981	610
981	612
981	720
981	732
981	767
981	773
981	791
981	793
981	801
981	808
981	809
981	819
981	855
981	859
981	867
981	872
981	877
981	878
981	879
981	887
981	888
981	897
981	902
981	907
981	932
981	934
981	942
981	950
981	951
981	963
981	971
981	982
981	986
981	987
981	995
981	996
981	999
982	461
982	517
982	534
982	612
982	619
982	656
982	710
982	720
982	732
982	767
982	773
982	791
982	793
982	801
982	808
982	809
982	819
982	855
982	859
982	863
982	867
982	872
982	877
982	878
982	879
982	885
982	887
982	888
982	897
982	902
982	907
982	932
982	934
982	950
982	963
982	971
982	981
982	987
982	995
982	996
982	999
983	559
983	589
983	590
983	603
983	607
983	626
983	627
983	628
983	630
983	671
983	695
983	699
983	712
983	733
983	760
983	781
983	782
983	803
983	823
983	830
983	848
983	852
983	870
983	917
983	918
983	920
983	923
983	925
983	926
983	927
983	940
983	949
983	952
983	958
983	959
983	966
983	967
983	968
983	969
983	974
983	977
983	984
983	985
983	993
984	559
984	589
984	590
984	603
984	607
984	626
984	627
984	628
984	671
984	695
984	699
984	712
984	722
984	751
984	760
984	781
984	782
984	798
984	803
984	823
984	830
984	848
984	870
984	898
984	905
984	917
984	918
984	920
984	923
984	925
984	926
984	949
984	952
984	958
984	959
984	966
984	967
984	968
984	969
984	974
984	977
984	983
984	985
984	993
985	318
985	473
985	506
985	559
985	589
985	590
985	603
985	607
985	626
985	627
985	628
985	655
985	671
985	695
985	699
985	712
985	722
985	760
985	781
985	782
985	803
985	823
985	830
985	848
985	870
985	917
985	918
985	920
985	923
985	925
985	926
985	927
985	949
985	952
985	958
985	959
985	966
985	967
985	968
985	969
985	974
985	977
985	983
985	984
985	993
986	296
986	318
986	419
986	439
986	451
986	465
986	468
986	486
986	523
986	581
986	586
986	604
986	613
986	618
986	641
986	642
986	667
986	677
986	685
986	690
986	703
986	741
986	758
986	815
986	817
986	883
986	893
986	899
986	910
986	914
986	929
986	942
986	956
986	965
986	980
986	981
986	989
986	991
986	994
986	995
986	997
986	998
987	157
987	418
987	461
987	464
987	517
987	534
987	610
987	612
987	656
987	675
987	720
987	732
987	767
987	773
987	791
987	793
987	801
987	808
987	809
987	819
987	855
987	859
987	863
987	867
987	872
987	877
987	878
987	879
987	887
987	888
987	897
987	902
987	907
987	932
987	934
987	950
987	963
987	971
987	981
987	982
987	995
987	996
987	999
988	335
988	462
988	481
988	553
988	558
988	574
988	588
988	614
988	665
988	721
988	748
988	751
988	770
988	792
988	797
988	823
988	835
988	845
988	861
988	871
988	875
988	876
988	884
988	886
988	892
988	896
988	901
988	904
988	905
988	906
988	909
988	915
988	936
988	939
988	941
988	943
988	944
988	945
988	951
988	954
988	964
988	972
988	973
988	1000
989	187
989	318
989	419
989	439
989	451
989	452
989	465
989	468
989	486
989	523
989	581
989	586
989	604
989	613
989	618
989	641
989	642
989	667
989	677
989	685
989	690
989	703
989	741
989	758
989	817
989	857
989	883
989	893
989	899
989	905
989	910
989	914
989	929
989	942
989	956
989	965
989	980
989	986
989	991
989	994
989	997
989	998
990	525
990	527
990	565
990	573
990	624
990	633
990	715
990	737
990	756
990	761
990	778
990	789
990	790
990	816
990	844
990	847
990	857
990	865
990	880
990	889
990	892
990	898
990	911
990	912
990	919
990	921
990	922
990	924
990	928
990	930
990	931
990	935
990	938
990	940
990	945
990	947
990	957
990	973
990	976
990	978
990	979
990	992
991	296
991	318
991	419
991	439
991	451
991	452
991	465
991	468
991	486
991	523
991	581
991	586
991	604
991	613
991	618
991	641
991	642
991	667
991	677
991	685
991	690
991	719
991	741
991	758
991	817
991	841
991	865
991	883
991	893
991	899
991	904
991	910
991	914
991	929
991	942
991	956
991	965
991	980
991	986
991	989
991	994
991	997
991	998
992	161
992	395
992	483
992	527
992	565
992	573
992	624
992	633
992	715
992	737
992	756
992	761
992	778
992	789
992	790
992	844
992	847
992	857
992	865
992	880
992	889
992	892
992	898
992	911
992	912
992	919
992	921
992	922
992	924
992	928
992	930
992	931
992	935
992	947
992	948
992	952
992	957
992	973
992	976
992	978
992	979
992	990
993	531
993	559
993	589
993	590
993	603
993	607
993	626
993	627
993	628
993	671
993	689
993	695
993	699
993	712
993	722
993	760
993	781
993	782
993	803
993	823
993	830
993	848
993	870
993	884
993	894
993	917
993	918
993	920
993	923
993	925
993	926
993	927
993	949
993	952
993	958
993	959
993	966
993	967
993	968
993	969
993	974
993	977
993	983
993	984
993	985
994	296
994	318
994	419
994	439
994	451
994	452
994	465
994	468
994	486
994	523
994	581
994	586
994	604
994	613
994	618
994	641
994	642
994	667
994	677
994	685
994	690
994	703
994	738
994	741
994	758
994	817
994	856
994	883
994	893
994	899
994	910
994	914
994	929
994	942
994	956
994	965
994	973
994	980
994	986
994	989
994	991
994	997
994	998
995	430
995	461
995	517
995	534
995	610
995	612
995	656
995	720
995	732
995	767
995	773
995	791
995	793
995	801
995	808
995	809
995	819
995	850
995	855
995	859
995	863
995	867
995	871
995	872
995	877
995	879
995	887
995	888
995	897
995	902
995	907
995	932
995	934
995	950
995	963
995	971
995	981
995	982
995	986
995	987
995	996
995	999
996	36
996	461
996	517
996	534
996	610
996	612
996	656
996	720
996	732
996	767
996	773
996	791
996	793
996	801
996	808
996	809
996	816
996	819
996	849
996	859
996	863
996	867
996	872
996	877
996	878
996	879
996	887
996	888
996	897
996	902
996	907
996	932
996	934
996	950
996	952
996	963
996	971
996	981
996	982
996	987
996	995
996	999
997	296
997	318
997	419
997	439
997	451
997	452
997	465
997	468
997	486
997	507
997	523
997	581
997	586
997	604
997	613
997	618
997	641
997	642
997	667
997	677
997	685
997	690
997	703
997	741
997	758
997	790
997	817
997	883
997	893
997	899
997	910
997	914
997	915
997	929
997	942
997	956
997	965
997	980
997	986
997	989
997	991
997	994
997	998
998	296
998	318
998	330
998	419
998	426
998	439
998	451
998	452
998	465
998	468
998	486
998	523
998	581
998	586
998	604
998	613
998	618
998	641
998	642
998	667
998	672
998	677
998	685
998	690
998	703
998	741
998	758
998	776
998	817
998	883
998	893
998	899
998	910
998	914
998	929
998	942
998	956
998	965
998	980
998	986
998	989
998	991
998	994
998	997
999	81
999	237
999	461
999	517
999	534
999	610
999	612
999	656
999	720
999	732
999	767
999	773
999	791
999	793
999	801
999	808
999	809
999	819
999	855
999	859
999	863
999	867
999	877
999	878
999	879
999	887
999	888
999	897
999	902
999	907
999	932
999	934
999	950
999	963
999	966
999	971
999	981
999	982
999	987
999	995
999	996
1000	418
1000	462
1000	481
1000	528
1000	553
1000	558
1000	574
1000	588
1000	614
1000	665
1000	721
1000	740
1000	748
1000	751
1000	792
1000	797
1000	835
1000	845
1000	859
1000	861
1000	871
1000	873
1000	875
1000	876
1000	884
1000	896
1000	901
1000	904
1000	905
1000	906
1000	907
1000	909
1000	915
1000	936
1000	939
1000	941
1000	943
1000	944
1000	945
1000	951
1000	954
1000	964
1000	972
1000	988
