4	886
5	364
6	439
7	401
8	879
9	874
10	190
11	453
12	274
13	97
15	633
16	939
17	249
19	543
20	817
24	799
25	851
26	857
27	888
28	984
29	705
31	702
32	975
33	57
34	994
36	93
37	771
39	273
40	903
41	379
42	263
43	555
44	946
45	690
48	732
49	909
51	754
52	629
53	693
55	80
56	476
57	33
58	616
59	196
60	219
62	802
63	100
64	938
65	685
66	532
67	849
69	880
70	889
71	143
72	868
73	715
75	908
76	830
77	816
80	55
81	299
85	293
86	408
87	805
89	558
90	529
91	772
92	754
93	36
94	648
95	674
97	13
98	507
100	63
102	693
103	622
105	170
106	204
107	222
108	879
109	668
111	792
113	733
114	348
116	713
120	623
121	882
122	866
123	623
124	616
128	295
129	611
130	168
132	946
133	175
135	782
136	248
137	551
141	876
143	71
144	691
146	912
148	880
149	590
150	374
151	352
153	813
155	194
156	825
157	639
158	494
160	993
161	202
163	782
167	938
168	130
169	925
170	105
171	900
172	365
173	819
174	896
175	133
176	420
177	250
178	573
179	940
180	890
181	982
184	661
185	995
187	988
188	430
189	613
190	10
192	569
193	893
194	155
196	59
197	723
198	795
199	910
200	432
202	161
204	106
205	378
206	861
207	787
209	936
210	873
211	968
214	850
215	718
216	894
217	799
219	60
220	936
222	107
224	859
225	525
226	639
227	850
230	446
231	991
232	384
236	509
237	759
239	474
240	884
242	683
243	422
244	896
247	851
248	136
249	17
250	177
251	489
252	732
253	974
254	483
255	833
256	605
258	338
260	959
261	611
263	42
264	930
266	911
267	652
268	960
270	746
271	888
272	290
273	39
274	12
275	661
276	951
277	906
277	921
279	435
280	715
282	944
283	848
284	893
286	445
288	480
290	272
293	85
294	590
295	128
299	81
300	982
301	569
302	326
304	640
305	993
306	945
308	562
310	761
313	347
314	837
316	717
318	648
320	673
323	714
325	799
326	302
327	782
328	981
329	817
330	505
332	852
333	520
338	258
339	880
341	588
342	671
343	833
344	805
345	997
346	428
347	313
348	114
349	615
351	687
352	151
354	570
355	952
356	935
357	584
358	527
359	922
361	825
362	906
362	921
362	939
363	545
364	5
365	172
366	765
366	771
367	912
371	974
372	973
373	786
374	150
374	921
375	815
376	689
376	963
377	696
377	921
378	205
379	41
379	709
380	709
381	684
382	789
382	886
382	887
382	902
382	919
384	232
385	690
386	955
387	864
388	770
389	808
390	853
391	693
391	694
391	713
392	710
393	999
396	758
398	797
399	930
400	992
401	7
403	495
403	921
404	695
405	647
406	879
406	881
406	885
406	896
407	709
408	86
409	501
410	820
410	822
410	823
410	984
411	879
412	761
413	758
414	645
415	953
416	661
417	764
417	901
417	908
417	915
417	916
417	923
420	176
421	866
422	243
423	544
424	592
425	741
426	888
426	896
426	906
426	908
426	921
427	645
427	660
427	693
427	694
427	713
427	862
428	346
429	742
429	963
430	188
430	709
431	491
431	660
431	693
431	694
431	713
432	200
432	886
432	919
433	765
434	627
434	661
434	966
435	279
435	914
436	957
437	485
438	664
439	6
439	983
440	486
441	885
443	637
444	967
445	286
445	914
445	915
445	916
445	923
446	230
446	998
447	535
447	558
447	626
447	851
449	695
449	766
450	634
450	709
451	645
451	660
451	693
451	694
451	713
451	905
452	661
452	973
453	11
453	483
455	680
455	690
455	709
456	645
456	693
456	694
456	713
456	961
457	816
458	661
458	726
459	680
459	690
459	709
459	951
460	645
460	660
460	693
460	694
460	706
460	713
461	830
461	839
461	851
461	853
461	856
461	865
461	879
461	881
461	885
462	542
462	572
462	591
462	846
463	841
463	853
463	879
463	881
463	885
464	961
465	638
466	901
466	908
466	914
466	915
466	916
466	923
467	950
468	531
468	834
468	861
468	875
468	888
468	896
468	906
468	921
469	506
469	520
469	871
470	572
470	591
470	969
471	737
472	633
472	875
472	888
472	896
472	906
472	921
473	923
474	239
474	506
474	520
475	724
475	728
475	739
475	863
476	56
476	664
476	670
476	701
476	710
477	664
477	670
477	686
477	701
477	710
477	884
478	971
479	902
479	919
479	995
480	288
480	572
480	591
481	616
482	628
482	746
482	756
482	771
482	777
482	778
482	784
483	254
483	453
484	645
484	660
484	693
484	694
484	707
484	713
485	437
486	440
486	933
486	943
486	947
486	949
486	953
486	957
486	959
486	961
486	963
487	709
487	820
488	639
488	653
488	671
488	819
489	251
489	529
489	572
489	591
490	644
490	656
490	662
490	667
490	691
490	706
490	711
490	724
490	728
490	739
491	431
491	639
491	653
491	671
492	641
493	839
493	851
493	856
493	865
493	870
493	879
493	881
493	885
494	158
494	951
494	960
494	965
494	966
494	972
494	976
494	977
494	990
494	998
495	403
495	647
495	652
495	680
495	690
495	709
496	522
496	643
496	695
497	542
497	572
497	591
497	718
498	674
498	707
498	926
499	542
499	572
499	591
499	699
500	543
500	553
500	559
500	607
500	627
500	661
501	409
501	535
501	558
501	578
501	626
502	542
502	572
502	584
502	591
503	570
503	639
503	653
503	671
503	900
504	571
504	632
504	634
504	640
504	651
504	657
504	674
504	707
504	749
505	330
505	568
505	663
505	712
505	721
505	744
505	746
505	756
505	771
505	777
505	784
506	469
506	474
506	520
507	98
507	839
507	853
507	856
507	879
507	881
507	885
508	593
508	622
508	664
508	670
508	686
508	695
508	701
508	710
509	236
509	593
509	622
509	664
509	670
509	686
509	701
509	710
510	664
510	670
510	701
510	710
510	893
511	559
511	627
511	661
511	706
512	660
512	999
512	1000
513	638
513	670
513	686
513	701
513	710
514	589
514	724
514	728
514	739
515	643
515	695
515	969
516	579
516	582
516	588
516	598
516	610
516	616
516	624
517	631
517	664
517	670
517	686
517	701
517	710
518	580
518	606
518	643
518	695
518	806
519	542
519	572
519	591
519	985
520	333
520	469
520	474
520	506
521	533
521	703
521	883
521	886
521	887
521	890
521	902
521	919
522	496
522	707
523	535
523	626
523	988
524	830
524	851
524	853
524	856
524	865
524	879
524	881
524	885
524	983
525	225
525	965
525	966
525	968
525	972
525	976
525	977
525	990
525	998
526	682
526	754
526	999
526	1000
527	358
527	535
527	558
527	626
528	539
528	866
529	90
529	489
529	542
529	572
529	591
529	849
530	834
530	861
530	888
530	896
530	906
530	921
530	937
531	468
531	535
531	558
531	626
532	66
532	839
532	853
532	856
532	879
532	881
532	885
533	521
533	928
533	933
533	943
533	947
533	949
533	953
533	957
533	959
533	961
533	963
534	570
534	639
534	653
534	671
534	953
535	447
535	501
535	523
535	527
535	531
535	548
535	558
535	626
535	868
536	579
536	582
536	588
536	598
536	610
536	616
536	810
537	580
537	590
537	602
537	606
537	643
537	695
537	891
538	623
538	628
538	647
538	652
538	680
538	690
538	709
538	817
539	528
539	901
539	908
539	914
539	915
539	916
539	923
540	645
540	659
540	660
540	693
540	694
540	713
540	736
541	926
541	978
541	979
541	981
541	982
541	984
541	985
541	989
541	991
541	993
541	997
541	999
541	1000
542	462
542	497
542	499
542	502
542	519
542	529
542	565
542	572
542	591
543	19
543	500
543	824
543	832
543	840
543	841
543	844
543	866
544	423
544	632
544	634
544	636
544	651
544	657
544	674
544	707
544	834
545	363
545	722
545	723
545	747
545	788
545	799
545	801
545	820
545	822
545	823
546	824
546	833
546	840
546	841
546	844
546	866
547	901
547	908
547	913
547	914
547	915
547	916
547	923
548	535
548	558
548	626
548	936
549	664
549	670
549	686
549	701
549	710
549	842
549	937
550	580
550	592
550	602
550	606
550	643
550	695
550	960
551	137
551	570
551	639
551	653
551	671
552	580
552	590
552	592
552	602
552	606
552	608
552	643
552	695
552	981
553	500
553	559
553	566
553	578
553	607
553	627
553	637
553	661
554	601
554	648
554	692
554	718
554	788
554	799
554	801
554	820
554	822
554	823
555	43
555	779
555	934
555	935
555	948
555	962
555	969
555	970
555	973
555	974
555	983
555	986
555	994
556	664
556	670
556	686
556	694
556	701
556	710
557	878
557	895
557	900
557	904
557	910
557	928
557	933
557	947
557	949
557	953
557	957
557	961
557	963
558	89
558	447
558	501
558	527
558	531
558	535
558	548
558	626
559	500
559	511
559	553
559	566
559	578
559	607
559	627
559	661
559	927
560	569
560	585
560	599
560	639
560	653
560	671
560	932
561	579
561	582
561	588
561	598
561	610
561	624
561	994
562	308
562	663
562	712
562	721
562	744
562	746
562	756
562	771
562	777
562	778
562	784
563	875
563	933
563	943
563	947
563	953
563	957
563	959
563	961
563	963
564	566
564	579
564	582
564	588
564	598
564	610
564	616
565	542
565	647
565	652
565	680
565	690
565	869
566	553
566	559
566	564
566	578
566	607
566	627
566	661
567	635
567	656
567	662
567	667
567	677
567	691
567	706
567	711
567	724
567	728
567	739
567	783
568	505
568	596
568	611
568	636
568	663
568	712
568	721
568	744
568	756
568	771
568	777
568	778
568	784
569	192
569	301
569	560
569	570
569	585
569	599
569	639
569	653
569	671
570	354
570	503
570	534
570	551
570	569
570	585
570	599
570	639
570	653
570	671
571	504
571	577
571	586
571	632
571	634
571	636
571	640
571	651
571	657
571	674
571	707
571	918
571	946
572	462
572	470
572	480
572	489
572	497
572	499
572	502
572	519
572	529
572	542
572	591
573	178
573	805
573	815
573	817
573	845
573	861
573	875
573	888
573	896
573	906
573	921
574	692
574	718
574	722
574	723
574	747
574	788
574	799
574	801
574	809
574	820
574	822
574	823
575	580
575	663
575	712
575	721
575	744
575	746
575	756
575	771
575	777
575	778
575	784
576	647
576	680
576	690
576	709
576	791
576	864
577	571
577	632
577	634
577	636
577	651
577	657
577	674
577	707
577	818
578	501
578	553
578	559
578	566
578	607
578	608
578	627
578	661
579	516
579	536
579	561
579	564
579	582
579	588
579	598
579	601
579	610
579	616
579	624
579	958
579	979
580	518
580	537
580	550
580	552
580	575
580	590
580	602
580	606
580	608
580	695
581	680
581	913
581	951
581	956
581	960
581	965
581	966
581	968
581	972
581	976
581	990
581	998
582	516
582	536
582	561
582	564
582	579
582	588
582	598
582	601
582	610
582	616
582	624
582	892
583	782
583	791
583	793
583	797
583	798
583	816
583	824
583	832
583	836
583	840
583	841
583	844
583	866
583	900
583	970
584	357
584	502
584	849
584	867
584	876
584	901
584	908
584	914
584	915
584	916
584	923
585	560
585	569
585	570
585	599
585	639
585	653
585	671
585	810
585	993
586	571
586	632
586	634
586	636
586	640
586	651
586	657
586	674
586	707
586	995
587	635
587	849
587	862
587	867
587	901
587	908
587	914
587	915
587	916
587	923
588	341
588	516
588	536
588	561
588	564
588	579
588	582
588	598
588	601
588	610
588	616
588	624
589	514
589	852
589	883
589	886
589	887
589	890
589	902
589	919
590	149
590	294
590	537
590	552
590	580
590	592
590	602
590	606
590	643
590	695
591	462
591	470
591	480
591	489
591	497
591	499
591	502
591	519
591	529
591	542
591	572
591	733
592	424
592	550
592	552
592	590
592	602
592	606
592	608
592	643
592	695
593	508
593	509
593	619
593	622
593	655
593	664
593	670
593	686
593	701
593	710
593	836
594	645
594	659
594	660
594	693
594	694
594	713
594	970
595	635
595	662
595	667
595	677
595	691
595	706
595	711
595	724
595	728
595	739
595	887
596	568
596	663
596	721
596	742
596	744
596	746
596	756
596	771
596	777
596	778
596	784
597	622
597	664
597	670
597	686
597	701
597	710
597	798
598	516
598	536
598	561
598	564
598	579
598	582
598	588
598	601
598	610
598	616
598	624
598	682
599	560
599	569
599	570
599	585
599	639
599	653
599	671
599	885
600	911
600	926
600	932
600	934
600	935
600	944
600	962
600	969
600	970
600	972
600	974
600	983
600	986
600	994
601	554
601	579
601	582
601	588
601	598
601	610
601	616
601	624
602	537
602	550
602	552
602	580
602	590
602	592
602	606
602	608
602	643
602	695
602	904
603	635
603	656
603	662
603	667
603	691
603	706
603	711
603	724
603	728
603	739
603	978
604	630
604	648
604	684
604	718
604	722
604	723
604	747
604	788
604	799
604	801
604	820
604	822
604	823
604	985
605	256
605	939
605	950
605	954
605	955
605	964
605	967
605	978
605	980
605	987
605	988
605	995
606	518
606	537
606	550
606	552
606	580
606	590
606	592
606	602
606	608
606	643
606	695
606	854
607	500
607	553
607	559
607	566
607	578
607	627
607	661
607	983
608	552
608	578
608	580
608	592
608	602
608	606
608	642
608	643
608	695
609	689
609	757
609	794
609	805
609	808
609	815
609	834
609	845
609	861
609	888
609	896
609	906
609	921
610	516
610	536
610	561
610	564
610	579
610	582
610	588
610	598
610	601
610	616
610	624
610	793
611	129
611	261
611	568
611	663
611	712
611	721
611	744
611	746
611	756
611	771
611	777
611	778
611	784
612	839
612	939
612	955
612	964
612	967
612	978
612	980
612	988
612	992
612	995
613	189
613	718
613	722
613	723
613	747
613	788
613	799
613	801
613	820
613	822
613	823
614	724
614	835
614	843
614	852
614	864
614	883
614	886
614	887
614	890
614	902
614	919
615	349
615	630
615	648
615	684
615	692
615	718
615	723
615	747
615	788
615	799
615	801
615	820
615	822
615	823
616	58
616	124
616	481
616	516
616	536
616	564
616	579
616	582
616	588
616	598
616	601
616	610
616	624
617	663
617	712
617	721
617	744
617	746
617	756
617	771
617	777
617	778
617	784
617	867
618	811
618	812
618	830
618	839
618	846
618	851
618	853
618	856
618	865
618	879
618	881
618	885
619	593
619	622
619	664
619	670
619	686
619	701
619	710
619	781
620	913
620	918
620	936
620	940
620	941
620	951
620	956
620	960
620	965
620	966
620	968
620	972
620	976
620	990
620	994
620	998
621	764
621	812
621	830
621	839
621	851
621	853
621	856
621	865
621	879
621	881
621	885
622	103
622	508
622	509
622	593
622	597
622	619
622	655
622	664
622	670
622	686
622	701
622	710
623	120
623	123
623	538
623	628
623	647
623	652
623	680
623	690
623	709
624	516
624	561
624	579
624	582
624	588
624	598
624	601
624	610
624	616
624	750
625	939
625	950
625	954
625	955
625	964
625	967
625	978
625	980
625	987
625	988
625	992
625	995
626	447
626	501
626	523
626	527
626	531
626	535
626	548
626	558
626	775
626	795
627	434
627	500
627	511
627	553
627	559
627	566
627	578
627	607
627	661
627	877
628	482
628	538
628	623
628	647
628	652
628	680
628	690
628	709
628	838
629	52
629	926
629	930
629	932
629	934
629	935
629	944
629	948
629	949
629	962
629	969
629	970
629	974
629	983
629	986
629	994
630	604
630	615
630	684
630	692
630	718
630	722
630	723
630	747
630	788
630	799
630	801
630	820
630	822
630	823
630	870
631	517
631	757
631	794
631	805
631	808
631	815
631	817
631	845
631	861
631	875
631	888
631	896
631	906
631	921
632	504
632	544
632	571
632	577
632	586
632	634
632	636
632	640
632	651
632	657
632	674
632	707
632	805
632	1000
633	15
633	472
633	782
633	793
633	795
633	797
633	798
633	816
633	824
633	832
633	836
633	840
633	841
633	844
633	866
634	450
634	504
634	544
634	571
634	577
634	586
634	632
634	636
634	640
634	651
634	657
634	674
634	707
634	824
635	567
635	587
635	595
635	603
635	650
635	656
635	662
635	667
635	677
635	691
635	706
635	711
635	724
635	728
635	739
636	544
636	568
636	571
636	577
636	586
636	632
636	634
636	640
636	651
636	657
636	674
636	707
636	904
637	443
637	553
637	835
637	843
637	852
637	864
637	883
637	887
637	890
637	902
637	919
638	465
638	513
638	849
638	867
638	876
638	901
638	908
638	914
638	915
638	916
638	923
639	157
639	226
639	488
639	491
639	503
639	534
639	551
639	560
639	569
639	570
639	585
639	599
639	653
639	671
640	304
640	504
640	571
640	586
640	632
640	634
640	636
640	651
640	657
640	674
640	707
640	838
641	492
641	913
641	918
641	940
641	941
641	951
641	956
641	960
641	965
641	966
641	968
641	972
641	976
641	977
641	998
642	608
642	855
642	895
642	900
642	905
642	910
642	928
642	933
642	943
642	947
642	949
642	953
642	957
642	959
642	961
642	963
643	496
643	515
643	518
643	537
643	550
643	552
643	590
643	592
643	602
643	606
643	608
643	695
644	490
644	881
644	912
644	926
644	930
644	932
644	934
644	935
644	944
644	948
644	962
644	969
644	970
644	973
644	974
644	986
644	994
645	414
645	427
645	451
645	456
645	460
645	484
645	540
645	594
645	659
645	660
645	693
645	694
645	713
646	925
646	927
646	934
646	939
646	946
646	954
646	955
646	964
646	978
646	987
646	988
646	992
646	995
647	405
647	495
647	538
647	565
647	576
647	623
647	628
647	652
647	680
647	690
647	709
648	94
648	318
648	554
648	604
648	615
648	669
648	692
648	718
648	722
648	723
648	747
648	788
648	799
648	801
648	820
648	822
648	823
649	748
649	903
649	913
649	936
649	940
649	941
649	951
649	960
649	965
649	966
649	968
649	972
649	976
649	977
649	998
650	635
650	656
650	662
650	667
650	677
650	691
650	706
650	711
650	724
650	728
650	739
650	977
651	504
651	544
651	571
651	577
651	586
651	632
651	634
651	636
651	640
651	657
651	674
651	707
651	968
652	267
652	495
652	538
652	565
652	623
652	628
652	647
652	680
652	690
652	709
652	727
653	488
653	491
653	503
653	534
653	551
653	560
653	569
653	570
653	585
653	599
653	639
653	671
653	823
653	826
654	794
654	805
654	815
654	817
654	834
654	845
654	861
654	875
654	888
654	896
654	906
654	921
654	925
655	593
655	622
655	664
655	670
655	686
655	701
655	710
655	921
655	924
656	490
656	567
656	603
656	635
656	650
656	662
656	667
656	677
656	691
656	706
656	711
656	724
656	728
656	739
656	827
656	997
657	504
657	544
657	571
657	577
657	586
657	632
657	634
657	636
657	640
657	651
657	674
657	707
657	869
658	732
658	744
658	757
658	794
658	805
658	808
658	815
658	817
658	825
658	834
658	845
658	861
658	875
658	888
658	896
658	906
658	921
659	540
659	594
659	645
659	660
659	693
659	694
659	713
659	857
660	427
660	431
660	451
660	460
660	484
660	512
660	540
660	594
660	645
660	659
660	693
660	694
660	713
661	184
661	275
661	416
661	434
661	452
661	458
661	500
661	511
661	553
661	559
661	566
661	578
661	607
661	627
662	490
662	567
662	595
662	603
662	635
662	650
662	656
662	677
662	691
662	706
662	711
662	724
662	728
662	739
662	932
662	953
663	505
663	562
663	568
663	575
663	596
663	611
663	617
663	712
663	721
663	722
663	744
663	746
663	756
663	771
663	777
663	778
663	784
664	438
664	476
664	477
664	508
664	509
664	510
664	517
664	549
664	556
664	593
664	597
664	619
664	622
664	655
664	670
664	686
664	701
664	710
665	772
665	776
665	800
665	804
665	818
665	821
665	843
665	849
665	867
665	876
665	901
665	908
665	914
665	915
665	916
665	923
666	843
666	852
666	864
666	883
666	886
666	887
666	890
666	902
666	919
666	987
667	490
667	567
667	595
667	603
667	635
667	650
667	656
667	677
667	691
667	706
667	711
667	724
667	728
667	739
667	968
668	109
668	762
668	774
668	779
668	786
668	802
668	807
668	835
668	843
668	852
668	864
668	883
668	886
668	887
668	890
668	902
668	919
669	648
669	692
669	718
669	722
669	723
669	740
669	747
669	788
669	799
669	801
669	820
669	822
669	823
669	891
670	476
670	477
670	508
670	509
670	510
670	513
670	517
670	549
670	556
670	593
670	597
670	619
670	622
670	655
670	664
670	686
670	701
670	710
670	960
671	342
671	488
671	491
671	503
671	534
671	551
671	560
671	569
671	570
671	585
671	599
671	639
671	653
671	922
672	732
672	757
672	794
672	805
672	808
672	815
672	817
672	834
672	845
672	875
672	888
672	896
672	906
672	921
672	927
673	320
673	843
673	855
673	904
673	905
673	910
673	928
673	943
673	947
673	949
673	953
673	957
673	959
673	961
673	963
674	95
674	498
674	504
674	544
674	571
674	577
674	586
674	632
674	634
674	636
674	640
674	651
674	657
674	707
674	988
675	786
675	930
675	932
675	934
675	935
675	944
675	948
675	962
675	969
675	970
675	973
675	974
675	980
675	983
675	986
675	994
676	734
676	831
676	897
676	912
676	930
676	934
676	935
676	944
676	948
676	962
676	969
676	970
676	973
676	974
676	983
676	986
676	994
677	567
677	595
677	635
677	650
677	656
677	662
677	667
677	691
677	706
677	711
677	724
677	728
677	739
677	954
678	743
678	782
678	791
678	793
678	795
678	797
678	798
678	816
678	824
678	832
678	836
678	840
678	841
678	844
678	866
678	915
679	743
679	782
679	791
679	793
679	795
679	797
679	798
679	816
679	824
679	832
679	836
679	840
679	841
679	844
679	866
679	925
679	944
680	455
680	459
680	495
680	538
680	565
680	576
680	581
680	623
680	628
680	647
680	652
680	690
680	709
681	685
681	892
681	913
681	917
681	936
681	940
681	941
681	951
681	956
681	960
681	965
681	966
681	968
681	972
681	976
681	977
681	990
681	998
682	526
682	598
682	781
682	811
682	812
682	830
682	839
682	851
682	853
682	856
682	865
682	879
682	881
682	885
683	242
683	787
683	802
683	807
683	835
683	843
683	852
683	864
683	883
683	886
683	887
683	890
683	898
683	902
683	919
684	381
684	604
684	615
684	630
684	692
684	718
684	722
684	723
684	747
684	788
684	799
684	801
684	820
684	822
684	823
684	854
685	65
685	681
685	855
685	900
685	904
685	905
685	910
685	928
685	933
685	943
685	947
685	949
685	953
685	957
685	959
685	961
685	963
686	477
686	508
686	509
686	513
686	517
686	549
686	556
686	593
686	597
686	619
686	622
686	655
686	664
686	670
686	701
686	710
687	351
687	743
687	791
687	793
687	795
687	797
687	798
687	816
687	824
687	832
687	836
687	840
687	841
687	844
687	866
688	892
688	903
688	918
688	933
688	936
688	940
688	941
688	951
688	956
688	960
688	965
688	966
688	968
688	972
688	976
688	977
688	990
688	998
689	376
689	609
689	779
689	787
689	802
689	810
689	835
689	843
689	864
689	883
689	886
689	887
689	902
689	919
690	45
690	385
690	455
690	459
690	495
690	538
690	565
690	576
690	623
690	628
690	647
690	652
690	680
690	709
691	144
691	490
691	567
691	595
691	603
691	635
691	650
691	656
691	662
691	667
691	677
691	706
691	711
691	724
691	728
691	739
691	973
692	554
692	574
692	615
692	630
692	648
692	669
692	684
692	722
692	723
692	747
692	788
692	799
692	801
692	820
692	822
692	823
692	901
692	963
693	53
693	102
693	391
693	427
693	431
693	451
693	456
693	460
693	484
693	540
693	594
693	645
693	659
693	660
693	694
693	713
694	391
694	427
694	431
694	451
694	456
694	460
694	484
694	540
694	556
694	594
694	645
694	659
694	660
694	693
694	713
695	404
695	449
695	496
695	508
695	515
695	518
695	537
695	550
695	552
695	580
695	590
695	592
695	602
695	606
695	608
695	643
696	377
696	703
696	743
696	782
696	791
696	793
696	795
696	797
696	798
696	816
696	832
696	836
696	840
696	841
696	844
696	865
696	866
697	762
697	779
697	786
697	787
697	796
697	802
697	807
697	810
697	835
697	843
697	852
697	864
697	883
697	886
697	887
697	890
697	902
697	919
697	926
697	992
698	703
698	743
698	770
698	782
698	791
698	793
698	795
698	797
698	798
698	816
698	824
698	832
698	836
698	840
698	841
698	844
698	866
699	499
699	907
699	924
699	925
699	927
699	929
699	942
699	950
699	954
699	955
699	964
699	967
699	978
699	980
699	987
699	988
699	992
699	995
700	813
700	892
700	903
700	918
700	919
700	936
700	940
700	941
700	956
700	960
700	965
700	966
700	968
700	972
700	976
700	977
700	990
700	998
701	476
701	477
701	508
701	509
701	510
701	513
701	517
701	549
701	556
701	593
701	597
701	619
701	622
701	655
701	664
701	670
701	686
701	710
701	980
702	31
702	892
702	903
702	913
702	918
702	936
702	940
702	941
702	951
702	956
702	960
702	965
702	966
702	968
702	972
702	977
702	990
702	998
703	521
703	696
703	698
703	743
703	782
703	791
703	793
703	795
703	797
703	816
703	824
703	832
703	836
703	840
703	841
703	844
703	866
703	981
704	872
704	892
704	903
704	912
704	917
704	918
704	936
704	941
704	951
704	960
704	968
704	972
704	976
704	977
704	990
704	998
705	29
705	895
705	925
705	927
705	929
705	939
705	942
705	946
705	950
705	954
705	955
705	964
705	978
705	980
705	987
705	988
705	992
705	995
706	460
706	490
706	511
706	567
706	595
706	603
706	635
706	650
706	656
706	662
706	667
706	677
706	691
706	711
706	724
706	728
706	739
707	484
707	498
707	504
707	522
707	544
707	571
707	577
707	586
707	632
707	634
707	636
707	640
707	651
707	657
707	674
707	996
708	855
708	895
708	900
708	904
708	905
708	907
708	928
708	933
708	943
708	947
708	949
708	953
708	957
708	959
708	961
708	963
709	379
709	380
709	407
709	430
709	450
709	455
709	459
709	487
709	495
709	538
709	576
709	623
709	628
709	647
709	652
709	680
709	690
709	747
709	918
710	392
710	476
710	477
710	508
710	509
710	510
710	513
710	517
710	549
710	556
710	593
710	597
710	619
710	622
710	655
710	664
710	670
710	686
710	701
710	959
711	490
711	567
711	595
711	603
711	635
711	650
711	656
711	662
711	667
711	677
711	691
711	706
711	724
711	728
711	739
711	862
712	505
712	562
712	568
712	575
712	611
712	617
712	663
712	721
712	744
712	746
712	756
712	771
712	777
712	778
712	784
712	877
713	116
713	391
713	427
713	431
713	451
713	456
713	460
713	484
713	540
713	594
713	645
713	659
713	660
713	693
713	694
713	988
714	323
714	855
714	863
714	895
714	900
714	904
714	905
714	910
714	928
714	933
714	943
714	947
714	949
714	957
714	959
714	961
714	963
715	73
715	280
715	752
715	761
715	766
715	786
715	787
715	796
715	802
715	807
715	810
715	835
715	852
715	864
715	883
715	886
715	887
715	890
715	902
715	919
716	907
716	925
716	927
716	929
716	932
716	942
716	946
716	950
716	954
716	955
716	958
716	964
716	967
716	978
716	980
716	987
716	988
716	992
716	995
717	316
717	762
717	776
717	779
717	786
717	787
717	802
717	807
717	810
717	835
717	843
717	852
717	864
717	883
717	886
717	887
717	890
717	902
717	919
718	215
718	497
718	554
718	574
718	604
718	613
718	615
718	630
718	648
718	669
718	684
718	722
718	723
718	747
718	788
718	799
718	801
718	820
718	822
718	823
719	924
719	925
719	927
719	929
719	942
719	946
719	950
719	955
719	964
719	967
719	970
719	978
719	980
719	987
719	988
719	992
719	995
720	730
720	732
720	736
720	805
720	808
720	815
720	817
720	834
720	845
720	861
720	875
720	888
720	896
720	897
720	906
720	921
721	505
721	562
721	568
721	575
721	596
721	611
721	617
721	663
721	712
721	744
721	746
721	756
721	771
721	777
721	778
721	784
721	785
721	941
722	545
722	574
722	604
722	613
722	630
722	648
722	663
722	669
722	684
722	692
722	718
722	723
722	747
722	788
722	799
722	801
722	820
722	822
722	823
722	828
723	197
723	545
723	574
723	604
723	613
723	615
723	630
723	648
723	669
723	684
723	692
723	718
723	722
723	747
723	788
723	799
723	801
723	820
723	822
723	823
724	475
724	490
724	514
724	567
724	595
724	603
724	614
724	635
724	650
724	656
724	662
724	667
724	677
724	691
724	706
724	711
724	728
724	739
725	808
725	931
725	938
725	945
725	952
725	958
725	964
725	971
725	975
725	979
725	981
725	982
725	984
725	985
725	989
725	991
725	993
725	996
725	997
725	999
725	1000
726	458
726	776
726	790
726	800
726	803
726	804
726	818
726	821
726	862
726	867
726	876
726	901
726	908
726	914
726	915
726	916
726	923
727	652
727	837
727	840
727	846
727	863
727	895
727	900
727	904
727	905
727	910
727	928
727	933
727	943
727	947
727	949
727	953
727	957
727	959
727	961
727	963
728	475
728	490
728	514
728	567
728	595
728	603
728	635
728	650
728	656
728	662
728	667
728	677
728	691
728	706
728	711
728	724
728	739
728	895
729	735
729	740
729	750
729	751
729	765
729	781
729	811
729	812
729	830
729	839
729	851
729	853
729	856
729	865
729	879
729	881
729	885
729	968
729	976
730	720
730	732
730	734
730	736
730	757
730	794
730	805
730	808
730	815
730	817
730	834
730	859
730	861
730	875
730	888
730	896
730	906
730	913
730	921
731	855
731	895
731	900
731	902
731	904
731	905
731	910
731	928
731	933
731	943
731	947
731	949
731	953
731	957
731	959
731	961
731	963
732	48
732	252
732	658
732	672
732	720
732	730
732	734
732	736
732	794
732	808
732	815
732	845
732	861
732	875
732	888
732	896
732	906
732	921
733	113
733	591
733	892
733	913
733	917
733	918
733	936
733	940
733	941
733	956
733	960
733	965
733	966
733	972
733	976
733	977
733	990
733	998
734	676
734	730
734	732
734	736
734	757
734	794
734	805
734	808
734	815
734	834
734	845
734	861
734	875
734	888
734	896
734	906
734	921
735	729
735	740
735	750
735	751
735	753
735	765
735	781
735	811
735	812
735	830
735	839
735	851
735	853
735	856
735	879
735	881
735	885
735	888
735	991
736	540
736	720
736	730
736	732
736	734
736	805
736	808
736	815
736	817
736	834
736	861
736	875
736	888
736	896
736	906
736	921
736	950
737	471
737	872
737	892
737	903
737	917
737	918
737	929
737	936
737	940
737	956
737	960
737	965
737	968
737	972
737	976
737	977
737	990
738	796
738	897
738	898
738	907
738	912
738	926
738	930
738	932
738	934
738	935
738	944
738	948
738	962
738	969
738	970
738	973
738	974
738	983
738	986
738	994
739	475
739	490
739	514
739	567
739	595
739	603
739	635
739	650
739	656
739	662
739	667
739	677
739	691
739	706
739	711
739	724
739	728
739	800
740	669
740	729
740	735
740	750
740	751
740	753
740	781
740	811
740	812
740	830
740	839
740	851
740	853
740	856
740	865
740	879
740	881
740	885
741	425
741	748
741	772
741	776
741	790
741	800
741	803
741	804
741	818
741	821
741	849
741	876
741	901
741	908
741	914
741	915
741	916
741	923
741	976
742	429
742	596
742	772
742	776
742	790
742	800
742	803
742	804
742	818
742	821
742	862
742	867
742	876
742	901
742	908
742	914
742	915
742	916
742	923
743	678
743	679
743	687
743	696
743	698
743	703
743	782
743	791
743	793
743	797
743	798
743	824
743	832
743	836
743	840
743	841
743	844
743	866
743	999
744	505
744	562
744	568
744	575
744	596
744	611
744	617
744	658
744	663
744	712
744	721
744	746
744	756
744	771
744	775
744	777
744	778
744	784
745	748
745	772
745	800
745	803
745	804
745	818
745	821
745	849
745	862
745	867
745	876
745	887
745	901
745	908
745	914
745	915
745	916
745	923
745	955
746	270
746	482
746	505
746	562
746	575
746	596
746	611
746	617
746	663
746	712
746	721
746	744
746	756
746	771
746	777
746	778
746	784
746	958
747	545
747	574
747	604
747	613
747	615
747	630
747	648
747	669
747	684
747	692
747	709
747	718
747	722
747	723
747	778
747	788
747	799
747	801
747	820
747	822
747	823
748	649
748	741
748	745
748	759
748	760
748	770
748	772
748	776
748	790
748	800
748	803
748	804
748	818
748	821
748	862
748	901
748	908
748	914
748	915
748	916
748	923
748	962
749	504
749	826
749	837
749	846
749	855
749	863
749	895
749	900
749	904
749	910
749	928
749	933
749	943
749	947
749	949
749	953
749	957
749	959
749	961
749	963
750	624
750	729
750	735
750	740
750	751
750	753
750	781
750	811
750	812
750	830
750	839
750	851
750	853
750	856
750	865
750	879
750	881
750	885
751	729
751	735
751	740
751	750
751	753
751	765
751	781
751	807
751	811
751	812
751	830
751	839
751	851
751	853
751	856
751	865
751	879
751	881
751	885
752	715
752	761
752	766
752	776
752	786
752	787
752	796
752	802
752	807
752	810
752	835
752	843
752	852
752	864
752	883
752	886
752	887
752	890
752	902
752	919
753	735
753	740
753	750
753	751
753	765
753	781
753	811
753	812
753	830
753	836
753	839
753	851
753	853
753	856
753	865
753	879
753	881
753	885
754	51
754	92
754	526
754	872
754	892
754	903
754	913
754	917
754	936
754	940
754	941
754	951
754	956
754	960
754	965
754	968
754	972
754	976
754	977
754	990
754	998
755	874
755	894
755	897
755	898
755	911
755	912
755	926
755	930
755	932
755	934
755	935
755	944
755	948
755	962
755	969
755	970
755	973
755	974
755	983
755	986
755	994
756	482
756	505
756	562
756	568
756	575
756	596
756	611
756	617
756	663
756	712
756	721
756	744
756	746
756	771
756	777
756	778
756	784
756	923
756	947
757	609
757	631
757	658
757	672
757	730
757	734
757	779
757	794
757	805
757	808
757	817
757	834
757	845
757	861
757	875
757	888
757	896
757	906
757	921
758	396
758	413
758	874
758	894
758	897
758	898
758	912
758	926
758	930
758	932
758	934
758	935
758	944
758	948
758	969
758	970
758	973
758	974
758	983
758	986
758	994
759	237
759	748
759	760
759	772
759	776
759	790
759	803
759	804
759	818
759	821
759	849
759	862
759	867
759	876
759	901
759	908
759	914
759	915
759	916
759	923
759	947
760	748
760	759
760	770
760	776
760	790
760	800
760	803
760	804
760	821
760	849
760	858
760	862
760	867
760	876
760	901
760	908
760	914
760	915
760	916
760	923
760	996
761	310
761	412
761	715
761	752
761	762
761	766
761	779
761	786
761	796
761	802
761	807
761	810
761	835
761	852
761	864
761	883
761	886
761	887
761	890
761	902
761	919
762	668
762	697
762	717
762	761
762	779
762	786
762	796
762	807
762	810
762	843
762	852
762	864
762	883
762	886
762	887
762	890
762	902
762	919
762	933
762	998
763	907
763	917
763	918
763	924
763	925
763	927
763	929
763	939
763	942
763	946
763	950
763	954
763	955
763	964
763	967
763	978
763	980
763	987
763	988
763	992
763	995
764	417
764	621
764	831
764	837
764	846
764	863
764	895
764	900
764	904
764	905
764	910
764	928
764	933
764	943
764	947
764	949
764	953
764	957
764	959
764	961
764	963
765	366
765	433
765	729
765	735
765	751
765	753
765	781
765	811
765	812
765	830
765	839
765	851
765	853
765	856
765	865
765	879
765	881
765	885
766	449
766	715
766	752
766	761
766	779
766	786
766	787
766	796
766	802
766	810
766	811
766	835
766	843
766	852
766	864
766	883
766	886
766	887
766	890
766	902
766	919
767	874
767	897
767	898
767	912
767	926
767	930
767	932
767	935
767	940
767	944
767	962
767	969
767	970
767	973
767	974
767	983
767	986
767	994
768	831
768	837
768	846
768	855
768	863
768	871
768	895
768	900
768	904
768	905
768	910
768	928
768	933
768	943
768	947
768	949
768	953
768	957
768	959
768	961
768	963
769	874
769	894
769	897
769	903
769	912
769	926
769	930
769	932
769	934
769	944
769	948
769	962
769	969
769	970
769	973
769	974
769	983
769	986
769	994
770	388
770	698
770	748
770	760
770	772
770	776
770	790
770	800
770	803
770	804
770	849
770	862
770	867
770	876
770	901
770	908
770	914
770	915
770	916
770	923
771	37
771	366
771	482
771	505
771	562
771	568
771	575
771	596
771	611
771	617
771	663
771	712
771	721
771	744
771	746
771	756
771	777
771	778
771	784
772	91
772	665
772	741
772	742
772	745
772	748
772	759
772	770
772	776
772	790
772	800
772	803
772	804
772	818
772	821
772	849
772	858
772	862
772	876
772	901
772	908
772	914
772	915
772	916
772	923
773	898
773	899
773	911
773	931
773	938
773	945
773	952
773	958
773	971
773	975
773	979
773	981
773	982
773	984
773	985
773	989
773	991
773	993
773	996
773	997
773	999
773	1000
774	668
774	810
774	922
774	937
774	945
774	952
774	958
774	971
774	975
774	979
774	981
774	982
774	984
774	985
774	989
774	991
774	993
774	996
774	997
774	999
774	1000
775	626
775	744
775	829
775	847
775	872
775	892
775	903
775	913
775	917
775	918
775	936
775	941
775	951
775	956
775	960
775	965
775	966
775	968
775	977
775	990
775	998
776	665
776	717
776	726
776	741
776	742
776	748
776	752
776	759
776	760
776	770
776	772
776	790
776	803
776	818
776	821
776	849
776	862
776	867
776	901
776	908
776	914
776	915
776	916
776	923
777	482
777	505
777	562
777	568
777	575
777	596
777	611
777	617
777	663
777	712
777	721
777	744
777	746
777	756
777	771
777	778
777	784
777	832
778	482
778	562
778	568
778	575
778	596
778	611
778	617
778	663
778	712
778	721
778	744
778	746
778	747
778	756
778	771
778	777
778	784
778	958
779	555
779	668
779	689
779	697
779	717
779	757
779	761
779	762
779	766
779	796
779	802
779	807
779	810
779	835
779	843
779	864
779	883
779	886
779	887
779	890
779	902
779	919
780	872
780	892
780	897
780	903
780	913
780	917
780	918
780	936
780	940
780	941
780	951
780	956
780	960
780	965
780	966
780	968
780	976
780	977
780	990
781	619
781	682
781	729
781	735
781	740
781	750
781	751
781	753
781	765
781	811
781	812
781	830
781	839
781	851
781	853
781	856
781	865
781	879
781	881
781	885
781	978
782	135
782	163
782	327
782	583
782	633
782	678
782	679
782	696
782	698
782	703
782	743
782	791
782	793
782	795
782	797
782	798
782	816
782	824
782	832
782	836
782	840
782	841
782	844
782	866
783	567
783	892
783	903
783	913
783	917
783	918
783	936
783	940
783	941
783	951
783	956
783	960
783	965
783	968
783	972
783	976
783	977
783	990
783	998
784	482
784	505
784	562
784	568
784	575
784	596
784	611
784	617
784	663
784	712
784	721
784	744
784	746
784	756
784	771
784	777
784	778
784	916
784	917
785	721
785	825
785	833
785	857
785	858
785	874
785	894
785	897
785	898
785	912
785	926
785	930
785	932
785	934
785	948
785	962
785	969
785	970
785	973
785	974
785	983
785	986
785	994
786	373
786	668
786	675
786	697
786	715
786	717
786	752
786	761
786	762
786	766
786	787
786	796
786	802
786	807
786	810
786	835
786	843
786	852
786	864
786	883
786	886
786	887
786	890
786	902
786	919
787	207
787	683
787	689
787	697
787	715
787	717
787	752
787	766
787	786
787	796
787	802
787	807
787	810
787	814
787	835
787	843
787	852
787	864
787	883
787	886
787	887
787	890
787	902
787	919
788	545
788	554
788	574
788	604
788	613
788	615
788	630
788	648
788	669
788	684
788	692
788	718
788	722
788	723
788	747
788	799
788	801
788	820
788	822
788	823
788	928
788	952
789	382
789	869
789	872
789	889
789	892
789	903
789	913
789	917
789	918
789	936
789	940
789	941
789	951
789	956
789	960
789	965
789	966
789	968
789	972
789	976
789	977
789	990
789	998
790	726
790	741
790	742
790	748
790	759
790	760
790	770
790	772
790	776
790	800
790	803
790	804
790	818
790	821
790	862
790	867
790	876
790	901
790	908
790	914
790	915
790	916
790	923
790	999
791	576
791	583
791	678
791	679
791	687
791	696
791	698
791	703
791	743
791	782
791	793
791	795
791	797
791	798
791	816
791	818
791	824
791	832
791	836
791	840
791	841
791	844
791	866
792	111
792	819
792	829
792	847
792	850
792	892
792	903
792	913
792	918
792	931
792	936
792	940
792	941
792	951
792	956
792	960
792	965
792	966
792	968
792	972
792	976
792	990
792	998
793	583
793	610
793	633
793	678
793	679
793	687
793	696
793	698
793	703
793	743
793	782
793	791
793	795
793	797
793	798
793	816
793	824
793	832
793	836
793	840
793	841
793	844
793	866
793	996
794	609
794	631
794	654
794	658
794	672
794	730
794	732
794	734
794	757
794	805
794	808
794	815
794	817
794	834
794	845
794	861
794	875
794	888
794	896
794	906
794	921
794	996
794	997
795	198
795	626
795	633
795	678
795	679
795	687
795	696
795	698
795	703
795	782
795	791
795	793
795	797
795	798
795	816
795	824
795	832
795	836
795	840
795	841
795	844
795	866
796	697
796	715
796	738
796	752
796	761
796	762
796	766
796	779
796	786
796	787
796	802
796	807
796	810
796	835
796	843
796	852
796	864
796	883
796	886
796	887
796	890
796	902
796	903
796	919
797	398
797	583
797	633
797	678
797	679
797	687
797	696
797	698
797	703
797	743
797	782
797	791
797	793
797	795
797	798
797	816
797	824
797	832
797	836
797	840
797	841
797	844
797	866
798	583
798	597
798	633
798	678
798	679
798	687
798	696
798	698
798	743
798	782
798	791
798	793
798	795
798	797
798	816
798	824
798	832
798	836
798	840
798	841
798	844
798	866
798	898
799	24
799	217
799	325
799	545
799	554
799	574
799	604
799	613
799	615
799	630
799	648
799	669
799	684
799	692
799	718
799	722
799	723
799	747
799	788
799	801
799	820
799	822
799	823
800	665
800	726
800	739
800	741
800	742
800	745
800	748
800	760
800	770
800	772
800	790
800	803
800	804
800	818
800	849
800	862
800	867
800	876
800	901
800	908
800	914
800	915
800	916
800	923
801	545
801	554
801	574
801	604
801	613
801	615
801	630
801	648
801	669
801	684
801	692
801	718
801	722
801	723
801	747
801	788
801	799
801	820
801	822
801	823
801	856
801	979
802	62
802	668
802	683
802	689
802	697
802	715
802	717
802	752
802	761
802	766
802	779
802	786
802	787
802	796
802	807
802	810
802	835
802	843
802	852
802	883
802	886
802	887
802	890
802	902
802	919
802	920
803	726
803	741
803	742
803	745
803	748
803	759
803	760
803	770
803	772
803	776
803	790
803	800
803	804
803	818
803	821
803	849
803	862
803	867
803	876
803	901
803	908
803	914
803	915
803	916
803	923
803	975
803	1000
804	665
804	726
804	741
804	742
804	745
804	748
804	759
804	760
804	770
804	772
804	790
804	800
804	803
804	818
804	821
804	849
804	862
804	867
804	876
804	889
804	899
804	901
804	908
804	914
804	915
804	916
804	923
805	87
805	344
805	573
805	609
805	631
805	632
805	654
805	658
805	672
805	720
805	730
805	734
805	736
805	757
805	794
805	808
805	815
805	817
805	834
805	845
805	861
805	875
805	888
805	896
805	906
805	921
806	518
806	831
806	837
806	841
806	846
806	855
806	863
806	895
806	900
806	904
806	905
806	910
806	928
806	933
806	943
806	947
806	949
806	953
806	957
806	959
806	961
806	963
807	668
807	683
807	697
807	715
807	717
807	751
807	752
807	761
807	762
807	779
807	786
807	787
807	796
807	802
807	843
807	852
807	864
807	883
807	886
807	887
807	890
807	902
807	919
808	389
808	609
808	631
808	658
808	672
808	720
808	725
808	730
808	732
808	734
808	736
808	757
808	794
808	805
808	815
808	817
808	834
808	845
808	861
808	875
808	888
808	896
808	906
808	921
808	966
809	574
809	899
809	911
809	916
809	920
809	922
809	931
809	937
809	938
809	945
809	952
809	971
809	975
809	979
809	981
809	982
809	984
809	985
809	989
809	991
809	993
809	996
809	997
809	999
809	1000
810	536
810	585
810	689
810	697
810	715
810	717
810	752
810	761
810	762
810	766
810	774
810	779
810	786
810	787
810	796
810	802
810	835
810	843
810	852
810	864
810	886
810	887
810	890
810	902
810	919
811	618
811	682
811	729
811	735
811	740
811	750
811	751
811	753
811	765
811	766
811	781
811	812
811	830
811	851
811	853
811	856
811	865
811	879
811	881
811	885
811	990
812	618
812	621
812	682
812	729
812	735
812	740
812	750
812	751
812	753
812	765
812	781
812	811
812	827
812	830
812	839
812	851
812	853
812	856
812	865
812	879
812	881
812	885
813	153
813	700
813	899
813	909
813	911
813	920
813	922
813	931
813	937
813	945
813	952
813	958
813	971
813	975
813	979
813	981
813	982
813	984
813	985
813	989
813	991
813	993
813	996
813	997
813	999
813	1000
814	787
814	828
814	838
814	848
814	869
814	870
814	873
814	884
814	891
814	907
814	924
814	925
814	927
814	929
814	939
814	942
814	946
814	950
814	954
814	955
814	964
814	967
814	978
814	980
814	987
814	992
814	995
815	375
815	573
815	609
815	631
815	654
815	658
815	672
815	720
815	730
815	732
815	734
815	736
815	794
815	805
815	808
815	817
815	834
815	845
815	861
815	873
815	875
815	888
815	896
815	906
815	921
816	77
816	457
816	583
816	633
816	678
816	679
816	687
816	696
816	698
816	703
816	782
816	791
816	793
816	795
816	797
816	798
816	824
816	832
816	836
816	840
816	841
816	844
816	866
817	20
817	329
817	538
817	573
817	631
817	654
817	658
817	672
817	720
817	730
817	736
817	757
817	794
817	805
817	808
817	815
817	834
817	845
817	861
817	875
817	888
817	896
817	906
817	921
818	577
818	665
818	726
818	741
818	742
818	745
818	748
818	759
818	772
818	776
818	790
818	791
818	800
818	803
818	804
818	849
818	862
818	867
818	876
818	901
818	914
818	915
818	916
818	923
819	173
819	488
819	792
819	829
819	847
819	872
819	892
819	903
819	913
819	917
819	918
819	936
819	940
819	941
819	951
819	956
819	965
819	966
819	968
819	972
819	976
819	977
819	990
819	998
820	410
820	487
820	545
820	554
820	574
820	604
820	613
820	615
820	630
820	648
820	669
820	684
820	692
820	718
820	722
820	723
820	747
820	788
820	799
820	801
820	822
820	823
820	910
821	665
821	726
821	741
821	742
821	745
821	748
821	759
821	760
821	772
821	776
821	790
821	803
821	804
821	862
821	867
821	876
821	901
821	905
821	908
821	914
821	915
821	916
821	923
822	410
822	545
822	554
822	574
822	604
822	613
822	615
822	630
822	648
822	669
822	684
822	692
822	718
822	722
822	723
822	747
822	788
822	799
822	801
822	820
822	823
822	949
823	410
823	545
823	554
823	574
823	604
823	613
823	615
823	630
823	648
823	653
823	669
823	684
823	692
823	718
823	722
823	723
823	747
823	788
823	799
823	801
823	820
823	822
823	986
824	543
824	546
824	583
824	633
824	634
824	678
824	679
824	687
824	698
824	703
824	743
824	782
824	791
824	793
824	795
824	797
824	798
824	816
824	832
824	836
824	840
824	841
824	844
824	866
824	985
825	156
825	361
825	658
825	785
825	833
825	857
825	858
825	874
825	894
825	897
825	898
825	912
825	926
825	930
825	932
825	934
825	935
825	948
825	962
825	969
825	970
825	973
825	974
825	983
825	986
825	994
826	653
826	749
826	847
826	850
826	872
826	892
826	903
826	913
826	917
826	918
826	936
826	940
826	941
826	956
826	960
826	965
826	966
826	968
826	972
826	976
826	977
826	990
826	998
827	656
827	812
827	899
827	909
827	911
827	920
827	922
827	931
827	937
827	938
827	945
827	952
827	958
827	971
827	975
827	979
827	981
827	982
827	984
827	985
827	989
827	991
827	993
827	996
827	997
827	999
827	1000
828	722
828	814
828	838
828	848
828	860
828	869
828	870
828	873
828	882
828	884
828	889
828	907
828	924
828	925
828	942
828	946
828	950
828	954
828	964
828	967
828	978
828	980
828	987
828	988
828	992
828	993
828	995
829	775
829	792
829	819
829	850
829	872
829	892
829	913
829	917
829	918
829	921
829	936
829	940
829	941
829	951
829	960
829	965
829	966
829	968
829	972
829	976
829	977
829	990
829	998
830	76
830	461
830	524
830	618
830	621
830	682
830	729
830	735
830	740
830	750
830	751
830	753
830	765
830	781
830	811
830	812
830	839
830	851
830	853
830	856
830	865
830	879
830	881
830	885
830	951
831	676
831	764
831	768
831	806
831	837
831	846
831	855
831	863
831	895
831	900
831	904
831	905
831	910
831	924
831	928
831	933
831	943
831	947
831	949
831	953
831	957
831	959
831	961
831	963
832	543
832	583
832	633
832	678
832	679
832	687
832	696
832	698
832	703
832	743
832	777
832	782
832	791
832	793
832	795
832	797
832	798
832	816
832	824
832	836
832	840
832	841
832	844
832	866
833	255
833	343
833	546
833	785
833	825
833	857
833	858
833	874
833	894
833	897
833	898
833	912
833	926
833	930
833	932
833	934
833	935
833	944
833	948
833	969
833	970
833	973
833	974
833	983
833	986
833	994
834	468
834	530
834	544
834	609
834	654
834	658
834	672
834	720
834	730
834	734
834	736
834	757
834	794
834	805
834	808
834	815
834	817
834	845
834	861
834	875
834	888
834	896
834	906
834	921
834	959
835	614
835	637
835	668
835	683
835	689
835	697
835	715
835	717
835	752
835	761
835	766
835	779
835	786
835	787
835	796
835	802
835	810
835	843
835	852
835	864
835	883
835	886
835	887
835	890
835	902
835	919
835	938
836	583
836	593
836	633
836	678
836	679
836	687
836	696
836	698
836	703
836	743
836	753
836	782
836	791
836	793
836	795
836	797
836	798
836	816
836	824
836	832
836	840
836	841
836	844
836	866
837	314
837	727
837	749
837	764
837	768
837	806
837	831
837	846
837	855
837	895
837	900
837	904
837	905
837	910
837	928
837	933
837	943
837	947
837	949
837	953
837	957
837	959
837	961
837	963
837	998
838	628
838	640
838	814
838	828
838	848
838	849
838	882
838	884
838	889
838	891
838	907
838	924
838	925
838	927
838	929
838	939
838	942
838	946
838	950
838	954
838	955
838	964
838	967
838	978
838	980
838	987
838	988
838	992
838	995
839	461
839	493
839	507
839	532
839	612
839	618
839	621
839	682
839	729
839	735
839	740
839	750
839	751
839	753
839	765
839	781
839	812
839	830
839	851
839	853
839	856
839	865
839	879
839	881
839	885
839	981
840	543
840	546
840	583
840	633
840	678
840	679
840	687
840	696
840	698
840	703
840	727
840	743
840	782
840	791
840	793
840	795
840	797
840	798
840	816
840	824
840	832
840	836
840	841
840	844
840	866
840	883
841	463
841	543
841	546
841	583
841	633
841	678
841	679
841	687
841	696
841	698
841	703
841	743
841	782
841	791
841	793
841	795
841	797
841	798
841	806
841	816
841	824
841	832
841	836
841	840
841	844
841	866
842	549
842	878
842	880
842	893
842	899
842	909
842	911
842	920
842	922
842	931
842	937
842	938
842	945
842	947
842	948
842	952
842	971
842	975
842	979
842	981
842	982
842	984
842	985
842	989
842	991
842	993
842	996
842	997
842	999
842	1000
843	614
843	637
843	665
843	666
843	668
843	673
843	683
843	689
843	697
843	717
843	752
843	762
843	766
843	779
843	786
843	787
843	796
843	802
843	807
843	810
843	835
843	852
843	864
843	886
843	887
843	890
843	902
843	919
844	543
844	546
844	583
844	633
844	678
844	679
844	687
844	696
844	698
844	703
844	743
844	782
844	791
844	793
844	795
844	797
844	798
844	816
844	824
844	832
844	836
844	840
844	841
844	866
844	967
845	573
845	609
845	631
845	654
845	658
845	672
845	720
845	732
845	734
845	757
845	794
845	805
845	808
845	815
845	817
845	834
845	861
845	875
845	888
845	896
845	906
845	921
845	944
846	462
846	618
846	727
846	749
846	764
846	768
846	806
846	831
846	837
846	863
846	895
846	900
846	904
846	905
846	928
846	933
846	943
846	947
846	949
846	953
846	957
846	959
846	961
846	963
847	775
847	792
847	819
847	826
847	872
847	903
847	909
847	913
847	917
847	918
847	936
847	940
847	941
847	951
847	956
847	960
847	966
847	968
847	972
847	976
847	977
847	990
847	998
848	283
848	814
848	828
848	838
848	869
848	882
848	884
848	889
848	891
848	907
848	924
848	925
848	927
848	929
848	931
848	942
848	946
848	950
848	954
848	955
848	967
848	978
848	980
848	987
848	988
848	992
848	995
849	67
849	529
849	584
849	587
849	638
849	665
849	741
849	745
849	759
849	760
849	770
849	772
849	776
849	800
849	803
849	804
849	818
849	838
849	862
849	867
849	876
849	901
849	908
849	914
849	915
849	916
849	923
850	214
850	227
850	792
850	826
850	829
850	872
850	892
850	903
850	913
850	917
850	918
850	936
850	940
850	941
850	951
850	956
850	960
850	965
850	966
850	968
850	972
850	976
850	977
850	990
850	998
851	25
851	247
851	447
851	461
851	493
851	524
851	618
851	621
851	682
851	729
851	735
851	740
851	750
851	751
851	753
851	765
851	781
851	811
851	812
851	830
851	839
851	853
851	856
851	865
851	879
851	881
851	885
852	332
852	589
852	614
852	637
852	666
852	668
852	683
852	697
852	715
852	717
852	752
852	761
852	762
852	766
852	786
852	787
852	796
852	802
852	807
852	810
852	835
852	843
852	864
852	883
852	886
852	887
852	890
852	902
852	919
852	935
853	390
853	461
853	463
853	507
853	524
853	532
853	618
853	621
853	682
853	729
853	735
853	740
853	750
853	751
853	753
853	765
853	781
853	811
853	812
853	830
853	839
853	851
853	856
853	865
853	879
853	881
853	885
853	950
854	606
854	684
854	860
854	869
854	870
854	873
854	882
854	884
854	889
854	891
854	907
854	924
854	927
854	929
854	939
854	942
854	946
854	950
854	955
854	964
854	967
854	971
854	978
854	980
854	987
854	988
854	992
854	995
855	642
855	673
855	685
855	708
855	714
855	731
855	749
855	768
855	806
855	831
855	837
855	863
855	899
855	900
855	904
855	905
855	910
855	928
855	933
855	943
855	947
855	949
855	953
855	957
855	959
855	961
855	963
855	974
856	461
856	493
856	507
856	524
856	532
856	618
856	621
856	682
856	729
856	735
856	740
856	750
856	751
856	753
856	765
856	781
856	801
856	811
856	812
856	830
856	839
856	851
856	853
856	865
856	873
856	879
856	881
856	885
856	948
857	26
857	659
857	785
857	825
857	833
857	858
857	874
857	894
857	897
857	898
857	912
857	926
857	930
857	932
857	934
857	935
857	944
857	948
857	962
857	969
857	970
857	973
857	974
857	983
857	986
857	994
858	760
858	772
858	785
858	825
858	833
858	857
858	874
858	894
858	897
858	912
858	926
858	930
858	932
858	934
858	935
858	944
858	948
858	962
858	969
858	970
858	973
858	974
858	983
858	986
858	994
859	224
859	730
859	868
859	871
859	877
859	880
859	893
859	899
859	909
859	911
859	920
859	922
859	931
859	937
859	938
859	943
859	945
859	952
859	958
859	971
859	975
859	979
859	981
859	982
859	984
859	985
859	989
859	991
859	993
859	996
859	997
859	999
859	1000
860	828
860	854
860	869
860	870
860	873
860	882
860	889
860	891
860	907
860	915
860	924
860	925
860	927
860	929
860	939
860	942
860	946
860	950
860	954
860	955
860	964
860	967
860	978
860	980
860	987
860	988
860	992
860	995
861	206
861	468
861	530
861	573
861	609
861	631
861	654
861	658
861	720
861	730
861	732
861	734
861	736
861	757
861	794
861	805
861	808
861	815
861	817
861	834
861	845
861	875
861	888
861	896
861	906
861	921
861	998
862	427
862	587
862	711
862	726
862	742
862	745
862	748
862	759
862	760
862	770
862	772
862	776
862	790
862	800
862	803
862	804
862	818
862	821
862	849
862	867
862	876
862	901
862	908
862	914
862	915
862	916
862	923
863	475
863	714
863	727
863	749
863	764
863	768
863	806
863	831
863	846
863	855
863	895
863	900
863	904
863	905
863	910
863	928
863	933
863	943
863	947
863	949
863	953
863	957
863	959
863	961
863	963
863	992
864	387
864	576
864	614
864	637
864	666
864	668
864	683
864	689
864	697
864	715
864	717
864	752
864	761
864	762
864	766
864	779
864	786
864	787
864	796
864	807
864	810
864	835
864	843
864	852
864	883
864	886
864	887
864	890
864	902
864	919
864	989
865	461
865	493
865	524
865	618
865	621
865	682
865	696
865	729
865	740
865	750
865	751
865	753
865	765
865	781
865	811
865	812
865	830
865	839
865	851
865	853
865	856
865	879
865	881
865	882
865	885
866	122
866	421
866	528
866	543
866	546
866	583
866	633
866	678
866	679
866	687
866	696
866	698
866	703
866	743
866	782
866	791
866	793
866	795
866	797
866	798
866	816
866	824
866	832
866	836
866	840
866	841
866	844
867	584
867	587
867	617
867	638
867	665
867	726
867	742
867	745
867	759
867	760
867	770
867	776
867	790
867	800
867	803
867	804
867	818
867	821
867	849
867	862
867	876
867	881
867	901
867	908
867	914
867	915
867	916
867	923
868	72
868	535
868	859
868	877
868	878
868	880
868	893
868	899
868	909
868	911
868	917
868	920
868	922
868	931
868	937
868	938
868	945
868	952
868	958
868	971
868	975
868	979
868	981
868	982
868	984
868	985
868	989
868	991
868	993
868	996
868	997
868	999
868	1000
869	565
869	657
869	789
869	814
869	828
869	848
869	854
869	860
869	870
869	873
869	882
869	884
869	889
869	907
869	924
869	925
869	927
869	929
869	939
869	942
869	946
869	950
869	954
869	955
869	964
869	967
869	978
869	980
869	987
869	988
869	995
870	493
870	630
870	814
870	828
870	854
870	860
870	869
870	873
870	882
870	889
870	891
870	907
870	924
870	925
870	927
870	929
870	939
870	942
870	946
870	950
870	954
870	964
870	967
870	978
870	980
870	987
870	988
870	992
870	995
871	469
871	768
871	859
871	877
871	878
871	880
871	893
871	899
871	909
871	911
871	920
871	922
871	931
871	938
871	945
871	952
871	958
871	971
871	975
871	979
871	981
871	982
871	984
871	985
871	989
871	991
871	993
871	996
871	997
871	999
871	1000
872	704
872	737
872	754
872	775
872	780
872	789
872	819
872	826
872	829
872	847
872	850
872	892
872	903
872	917
872	918
872	936
872	940
872	941
872	942
872	951
872	956
872	965
872	966
872	968
872	972
872	976
872	977
872	990
872	998
873	210
873	814
873	815
873	828
873	854
873	856
873	860
873	869
873	870
873	884
873	889
873	891
873	907
873	924
873	925
873	927
873	929
873	939
873	942
873	946
873	954
873	955
873	964
873	967
873	978
873	980
873	987
873	988
873	992
873	995
874	9
874	755
874	758
874	767
874	769
874	785
874	825
874	833
874	857
874	858
874	894
874	897
874	898
874	912
874	930
874	932
874	934
874	935
874	944
874	948
874	962
874	966
874	969
874	970
874	973
874	974
874	983
874	986
874	994
875	468
875	472
875	563
875	573
875	631
875	654
875	658
875	672
875	720
875	730
875	732
875	734
875	736
875	757
875	794
875	805
875	808
875	815
875	817
875	834
875	845
875	861
875	888
875	896
875	906
875	921
876	141
876	584
876	638
876	665
876	726
876	741
876	742
876	745
876	759
876	760
876	770
876	772
876	790
876	800
876	803
876	804
876	818
876	821
876	849
876	862
876	867
876	901
876	908
876	914
876	915
876	916
876	923
876	971
877	627
877	712
877	859
877	868
877	871
877	878
877	880
877	893
877	899
877	909
877	911
877	920
877	922
877	931
877	937
877	938
877	945
877	958
877	971
877	975
877	981
877	982
877	984
877	985
877	989
877	991
877	993
877	996
877	997
877	999
877	1000
878	557
878	842
878	868
878	871
878	877
878	880
878	893
878	899
878	909
878	911
878	920
878	922
878	931
878	937
878	938
878	941
878	945
878	952
878	958
878	971
878	975
878	979
878	981
878	982
878	984
878	985
878	989
878	991
878	993
878	996
878	997
878	999
878	1000
879	8
879	108
879	406
879	411
879	461
879	463
879	493
879	507
879	524
879	532
879	618
879	621
879	682
879	729
879	735
879	740
879	750
879	751
879	753
879	765
879	781
879	811
879	812
879	830
879	839
879	851
879	853
879	856
879	865
879	881
879	885
880	69
880	148
880	339
880	842
880	859
880	868
880	871
880	877
880	878
880	893
880	911
880	920
880	922
880	931
880	937
880	938
880	945
880	952
880	958
880	971
880	975
880	979
880	981
880	982
880	984
880	985
880	989
880	991
880	993
880	996
880	997
880	999
880	1000
881	406
881	461
881	463
881	493
881	507
881	524
881	532
881	618
881	621
881	644
881	682
881	729
881	735
881	740
881	750
881	751
881	753
881	765
881	781
881	811
881	812
881	830
881	839
881	851
881	853
881	856
881	865
881	867
881	879
881	885
881	892
882	121
882	828
882	838
882	848
882	854
882	860
882	865
882	869
882	870
882	884
882	889
882	891
882	907
882	924
882	927
882	929
882	939
882	942
882	946
882	950
882	954
882	955
882	964
882	967
882	978
882	980
882	987
882	988
882	992
882	995
883	521
883	589
883	614
883	637
883	666
883	668
883	683
883	689
883	697
883	715
883	717
883	752
883	761
883	762
883	766
883	779
883	786
883	787
883	796
883	802
883	807
883	835
883	840
883	852
883	864
883	886
883	887
883	890
883	902
883	919
883	956
884	240
884	477
884	814
884	828
884	838
884	848
884	854
884	869
884	873
884	882
884	889
884	891
884	907
884	925
884	927
884	929
884	939
884	942
884	946
884	950
884	954
884	955
884	964
884	967
884	978
884	980
884	987
884	988
884	992
884	995
885	406
885	441
885	461
885	463
885	493
885	507
885	524
885	532
885	599
885	618
885	621
885	682
885	729
885	735
885	740
885	750
885	751
885	753
885	765
885	781
885	811
885	812
885	830
885	839
885	851
885	853
885	856
885	865
885	879
885	881
886	4
886	382
886	432
886	521
886	589
886	614
886	666
886	668
886	683
886	689
886	697
886	715
886	717
886	752
886	761
886	762
886	766
886	779
886	786
886	787
886	796
886	802
886	807
886	810
886	835
886	843
886	852
886	864
886	883
886	890
886	902
886	919
886	983
887	382
887	521
887	589
887	595
887	614
887	637
887	666
887	668
887	683
887	689
887	697
887	715
887	717
887	745
887	752
887	761
887	762
887	766
887	779
887	786
887	787
887	796
887	802
887	807
887	810
887	835
887	843
887	852
887	864
887	883
887	890
887	902
887	919
888	27
888	271
888	426
888	468
888	472
888	530
888	573
888	609
888	631
888	654
888	658
888	672
888	720
888	730
888	732
888	734
888	735
888	736
888	757
888	794
888	805
888	808
888	815
888	817
888	834
888	845
888	861
888	875
888	896
888	906
888	921
889	70
889	789
889	804
889	828
889	838
889	848
889	854
889	860
889	869
889	870
889	873
889	882
889	884
889	891
889	907
889	914
889	924
889	925
889	927
889	929
889	939
889	942
889	946
889	950
889	954
889	955
889	964
889	967
889	978
889	980
889	987
889	988
889	992
889	995
890	180
890	521
890	589
890	614
890	637
890	666
890	668
890	683
890	697
890	715
890	717
890	752
890	761
890	762
890	766
890	779
890	786
890	787
890	796
890	802
890	807
890	810
890	835
890	843
890	852
890	864
890	883
890	886
890	887
890	902
890	919
890	997
891	537
891	669
891	814
891	838
891	848
891	854
891	860
891	870
891	873
891	882
891	884
891	889
891	924
891	925
891	927
891	929
891	939
891	942
891	946
891	950
891	954
891	955
891	964
891	967
891	977
891	978
891	980
891	987
891	988
891	992
891	995
892	582
892	681
892	688
892	700
892	702
892	704
892	733
892	737
892	754
892	775
892	780
892	783
892	789
892	792
892	819
892	826
892	829
892	850
892	872
892	881
892	903
892	913
892	917
892	934
892	936
892	940
892	941
892	951
892	960
892	965
892	966
892	972
892	977
892	990
892	998
893	193
893	284
893	510
893	842
893	859
893	868
893	871
893	877
893	878
893	880
893	899
893	909
893	911
893	920
893	931
893	937
893	938
893	945
893	952
893	958
893	971
893	975
893	979
893	981
893	982
893	984
893	985
893	989
893	991
893	993
893	996
893	997
893	999
893	1000
894	216
894	755
894	758
894	769
894	785
894	825
894	833
894	857
894	858
894	874
894	897
894	898
894	912
894	926
894	930
894	932
894	934
894	935
894	943
894	944
894	948
894	962
894	969
894	970
894	973
894	974
894	983
894	986
894	992
894	994
895	557
895	642
895	705
895	708
895	714
895	727
895	728
895	731
895	749
895	764
895	768
895	806
895	831
895	837
895	846
895	863
895	900
895	904
895	905
895	910
895	928
895	933
895	943
895	947
895	949
895	953
895	957
895	959
895	961
895	963
896	174
896	244
896	406
896	426
896	468
896	472
896	530
896	573
896	609
896	631
896	654
896	658
896	672
896	720
896	730
896	732
896	734
896	736
896	757
896	794
896	805
896	808
896	815
896	817
896	834
896	845
896	861
896	875
896	888
896	906
896	921
897	676
897	720
897	738
897	755
897	758
897	767
897	769
897	780
897	785
897	825
897	833
897	857
897	858
897	874
897	894
897	898
897	912
897	926
897	930
897	932
897	935
897	944
897	948
897	962
897	969
897	970
897	973
897	974
897	983
897	986
897	994
898	683
898	738
898	755
898	758
898	767
898	773
898	785
898	798
898	825
898	833
898	857
898	874
898	894
898	897
898	912
898	926
898	930
898	932
898	934
898	935
898	944
898	948
898	962
898	969
898	970
898	973
898	974
898	983
898	986
898	994
899	773
899	804
899	809
899	813
899	827
899	842
899	855
899	859
899	868
899	871
899	877
899	878
899	893
899	909
899	911
899	920
899	922
899	931
899	937
899	938
899	945
899	958
899	971
899	975
899	979
899	981
899	982
899	984
899	985
899	989
899	991
899	993
899	996
899	997
899	999
899	1000
900	171
900	503
900	557
900	583
900	642
900	685
900	708
900	714
900	727
900	731
900	749
900	764
900	768
900	806
900	831
900	837
900	846
900	855
900	863
900	895
900	904
900	905
900	910
900	928
900	933
900	943
900	947
900	949
900	953
900	957
900	959
900	961
900	963
901	417
901	466
901	539
901	547
901	584
901	587
901	638
901	665
901	692
901	726
901	741
901	742
901	745
901	748
901	759
901	760
901	770
901	772
901	776
901	790
901	800
901	803
901	804
901	818
901	821
901	849
901	862
901	867
901	876
901	908
901	914
901	915
901	916
901	923
901	929
902	382
902	479
902	521
902	589
902	614
902	637
902	666
902	668
902	683
902	689
902	697
902	715
902	717
902	731
902	752
902	761
902	762
902	766
902	779
902	786
902	787
902	796
902	802
902	807
902	810
902	835
902	843
902	852
902	864
902	883
902	886
902	887
902	890
902	919
902	989
903	40
903	649
903	688
903	700
903	702
903	704
903	737
903	754
903	769
903	775
903	780
903	783
903	789
903	792
903	796
903	819
903	826
903	847
903	850
903	872
903	892
903	913
903	917
903	918
903	940
903	941
903	951
903	956
903	960
903	966
903	968
903	972
903	976
903	977
903	990
903	998
904	557
904	602
904	636
904	673
904	685
904	708
904	714
904	727
904	731
904	749
904	764
904	768
904	806
904	831
904	837
904	846
904	855
904	863
904	895
904	900
904	905
904	910
904	933
904	943
904	947
904	949
904	953
904	957
904	959
904	961
904	963
904	964
905	451
905	642
905	673
905	685
905	708
905	714
905	727
905	731
905	764
905	768
905	806
905	821
905	831
905	837
905	846
905	855
905	863
905	895
905	900
905	904
905	909
905	910
905	928
905	933
905	943
905	947
905	949
905	953
905	957
905	959
905	961
905	963
906	277
906	362
906	426
906	468
906	472
906	530
906	573
906	609
906	631
906	654
906	658
906	672
906	720
906	730
906	732
906	734
906	736
906	757
906	794
906	805
906	808
906	815
906	817
906	834
906	845
906	861
906	875
906	888
906	896
906	921
906	961
906	986
907	699
907	708
907	716
907	738
907	763
907	814
907	828
907	838
907	848
907	854
907	860
907	869
907	870
907	873
907	882
907	884
907	889
907	924
907	927
907	929
907	942
907	946
907	950
907	954
907	955
907	964
907	967
907	978
907	980
907	987
907	988
907	992
907	995
908	75
908	417
908	426
908	466
908	539
908	547
908	584
908	587
908	638
908	665
908	726
908	741
908	742
908	745
908	748
908	759
908	760
908	770
908	772
908	776
908	790
908	800
908	803
908	804
908	821
908	849
908	862
908	867
908	876
908	901
908	914
908	915
908	916
908	923
908	972
909	49
909	813
909	827
909	842
909	847
909	859
909	868
909	871
909	877
909	878
909	893
909	899
909	905
909	911
909	920
909	922
909	931
909	937
909	938
909	945
909	952
909	958
909	971
909	975
909	979
909	981
909	982
909	984
909	985
909	989
909	991
909	993
909	996
909	997
909	999
909	1000
910	199
910	557
910	642
910	673
910	685
910	714
910	727
910	731
910	749
910	764
910	768
910	806
910	820
910	831
910	837
910	855
910	863
910	895
910	900
910	904
910	905
910	928
910	933
910	943
910	947
910	949
910	953
910	955
910	957
910	959
910	961
910	963
911	266
911	600
911	755
911	773
911	809
911	813
911	827
911	842
911	859
911	868
911	871
911	877
911	878
911	880
911	893
911	899
911	909
911	920
911	931
911	937
911	938
911	945
911	952
911	958
911	971
911	975
911	979
911	981
911	984
911	985
911	989
911	991
911	993
911	996
911	997
911	999
911	1000
912	146
912	367
912	644
912	676
912	704
912	738
912	755
912	758
912	767
912	769
912	785
912	825
912	833
912	857
912	858
912	874
912	894
912	897
912	898
912	926
912	930
912	932
912	934
912	935
912	944
912	948
912	962
912	969
912	970
912	973
912	974
912	983
912	986
912	994
913	547
913	581
913	620
913	641
913	649
913	681
913	702
913	730
913	733
913	754
913	775
913	780
913	783
913	789
913	792
913	819
913	826
913	829
913	847
913	850
913	892
913	903
913	917
913	918
913	936
913	940
913	951
913	956
913	965
913	966
913	968
913	972
913	976
913	977
913	990
913	998
914	435
914	445
914	466
914	539
914	547
914	584
914	587
914	638
914	665
914	726
914	741
914	742
914	745
914	748
914	759
914	760
914	770
914	772
914	776
914	790
914	800
914	803
914	804
914	818
914	821
914	849
914	862
914	867
914	876
914	889
914	901
914	908
914	915
914	916
914	923
914	982
915	417
915	445
915	466
915	539
915	547
915	584
915	587
915	638
915	665
915	678
915	726
915	741
915	742
915	745
915	748
915	759
915	760
915	770
915	772
915	776
915	790
915	800
915	803
915	804
915	818
915	821
915	849
915	860
915	862
915	867
915	876
915	901
915	908
915	914
915	916
915	923
916	417
916	445
916	466
916	539
916	547
916	584
916	587
916	638
916	665
916	726
916	741
916	742
916	745
916	748
916	759
916	760
916	770
916	772
916	776
916	784
916	790
916	800
916	803
916	804
916	809
916	818
916	821
916	849
916	862
916	867
916	876
916	901
916	908
916	914
916	915
916	923
917	681
917	704
917	733
917	737
917	754
917	763
917	775
917	780
917	783
917	784
917	789
917	819
917	826
917	829
917	847
917	850
917	868
917	872
917	892
917	903
917	913
917	918
917	936
917	940
917	941
917	951
917	956
917	960
917	965
917	966
917	968
917	972
917	976
917	977
917	990
917	998
918	571
918	620
918	641
918	688
918	700
918	702
918	704
918	709
918	733
918	737
918	763
918	775
918	780
918	783
918	789
918	792
918	819
918	826
918	829
918	847
918	850
918	872
918	903
918	913
918	917
918	940
918	941
918	956
918	960
918	965
918	966
918	968
918	972
918	976
918	977
918	990
918	998
919	382
919	432
919	479
919	521
919	589
919	614
919	637
919	666
919	668
919	683
919	689
919	697
919	700
919	715
919	717
919	752
919	761
919	762
919	766
919	779
919	786
919	787
919	796
919	802
919	807
919	810
919	835
919	843
919	852
919	864
919	883
919	886
919	887
919	890
919	902
919	954
919	964
920	802
920	809
920	813
920	827
920	842
920	859
920	868
920	871
920	877
920	878
920	880
920	893
920	899
920	909
920	911
920	922
920	931
920	937
920	938
920	945
920	952
920	958
920	971
920	975
920	979
920	981
920	982
920	984
920	985
920	986
920	989
920	991
920	993
920	996
920	997
920	999
920	1000
921	277
921	362
921	374
921	377
921	403
921	426
921	468
921	472
921	530
921	573
921	609
921	631
921	654
921	655
921	658
921	672
921	720
921	730
921	732
921	734
921	736
921	757
921	794
921	805
921	808
921	815
921	817
921	829
921	834
921	845
921	861
921	875
921	888
921	896
921	906
921	934
922	359
922	671
922	774
922	809
922	813
922	827
922	842
922	859
922	868
922	871
922	877
922	878
922	880
922	899
922	909
922	920
922	926
922	931
922	937
922	938
922	945
922	952
922	958
922	971
922	975
922	979
922	981
922	982
922	984
922	985
922	989
922	991
922	993
922	996
922	997
922	999
922	1000
923	417
923	445
923	466
923	473
923	539
923	547
923	584
923	587
923	638
923	665
923	726
923	741
923	742
923	745
923	748
923	756
923	759
923	760
923	770
923	772
923	776
923	790
923	800
923	803
923	804
923	818
923	821
923	849
923	862
923	867
923	876
923	901
923	908
923	914
923	915
923	916
923	952
924	655
924	699
924	719
924	763
924	814
924	828
924	831
924	838
924	848
924	854
924	860
924	869
924	870
924	873
924	882
924	889
924	891
924	907
924	925
924	927
924	929
924	939
924	942
924	946
924	950
924	954
924	955
924	964
924	967
924	978
924	980
924	987
924	988
924	992
924	995
925	169
925	646
925	654
925	679
925	699
925	705
925	716
925	719
925	763
925	814
925	828
925	838
925	848
925	860
925	869
925	870
925	873
925	884
925	889
925	891
925	924
925	927
925	929
925	939
925	942
925	946
925	950
925	954
925	955
925	967
925	978
925	980
925	987
925	988
925	992
925	995
926	498
926	541
926	600
926	629
926	644
926	697
926	738
926	755
926	758
926	767
926	769
926	785
926	825
926	833
926	857
926	858
926	894
926	897
926	898
926	912
926	922
926	930
926	932
926	934
926	935
926	944
926	948
926	962
926	969
926	970
926	973
926	974
926	983
926	986
926	994
927	559
927	646
927	672
927	699
927	705
927	716
927	719
927	763
927	814
927	838
927	848
927	854
927	860
927	869
927	870
927	873
927	882
927	884
927	889
927	891
927	907
927	924
927	925
927	929
927	939
927	942
927	946
927	950
927	954
927	964
927	967
927	978
927	980
927	987
927	988
927	992
927	995
928	533
928	557
928	642
928	673
928	685
928	708
928	714
928	727
928	731
928	749
928	764
928	768
928	788
928	806
928	831
928	837
928	846
928	855
928	863
928	895
928	900
928	905
928	910
928	933
928	943
928	947
928	949
928	953
928	957
928	959
928	961
928	963
928	978
929	699
929	705
929	716
929	719
929	737
929	763
929	814
929	838
929	848
929	854
929	860
929	869
929	870
929	873
929	882
929	884
929	889
929	891
929	901
929	907
929	924
929	925
929	927
929	939
929	942
929	946
929	948
929	950
929	954
929	955
929	964
929	967
929	978
929	980
929	987
929	988
929	992
929	995
930	264
930	399
930	629
930	644
930	675
930	676
930	738
930	755
930	758
930	767
930	769
930	785
930	825
930	833
930	857
930	858
930	874
930	894
930	897
930	898
930	912
930	926
930	932
930	934
930	944
930	948
930	962
930	969
930	970
930	972
930	973
930	974
930	983
930	986
930	994
931	725
931	773
931	792
931	809
931	813
931	827
931	842
931	848
931	859
931	868
931	871
931	877
931	878
931	880
931	893
931	899
931	909
931	911
931	920
931	922
931	937
931	938
931	945
931	952
931	958
931	971
931	975
931	979
931	981
931	982
931	984
931	985
931	989
931	991
931	993
931	996
931	997
931	999
931	1000
932	560
932	600
932	629
932	644
932	662
932	675
932	716
932	738
932	755
932	758
932	767
932	769
932	785
932	825
932	833
932	857
932	858
932	874
932	894
932	897
932	898
932	912
932	926
932	930
932	934
932	935
932	942
932	944
932	948
932	962
932	969
932	970
932	973
932	974
932	983
932	986
932	994
933	486
933	533
933	557
933	563
933	642
933	685
933	688
933	708
933	714
933	727
933	731
933	749
933	762
933	764
933	768
933	806
933	831
933	837
933	846
933	855
933	863
933	895
933	900
933	904
933	905
933	910
933	928
933	943
933	947
933	949
933	952
933	953
933	957
933	959
933	961
933	963
934	555
934	600
934	629
934	644
934	646
934	675
934	676
934	738
934	755
934	758
934	769
934	785
934	825
934	833
934	857
934	858
934	874
934	892
934	894
934	898
934	912
934	921
934	926
934	930
934	932
934	935
934	944
934	948
934	962
934	969
934	970
934	971
934	973
934	974
934	983
934	986
934	994
935	356
935	555
935	600
935	629
935	644
935	675
935	676
935	738
935	755
935	758
935	767
935	825
935	833
935	852
935	857
935	858
935	874
935	894
935	897
935	898
935	912
935	926
935	932
935	934
935	944
935	948
935	962
935	969
935	970
935	973
935	974
935	983
935	986
935	994
936	209
936	220
936	548
936	620
936	649
936	681
936	688
936	700
936	702
936	704
936	733
936	737
936	754
936	775
936	780
936	783
936	789
936	792
936	819
936	826
936	829
936	847
936	850
936	872
936	892
936	913
936	917
936	940
936	951
936	956
936	960
936	965
936	966
936	968
936	972
936	976
936	977
936	990
936	998
937	530
937	549
937	774
937	809
937	813
937	827
937	842
937	859
937	868
937	877
937	878
937	880
937	893
937	899
937	909
937	911
937	920
937	922
937	931
937	938
937	940
937	945
937	952
937	958
937	971
937	975
937	979
937	981
937	982
937	984
937	985
937	989
937	991
937	993
937	996
937	997
937	999
937	1000
938	64
938	167
938	725
938	773
938	809
938	827
938	835
938	842
938	859
938	868
938	871
938	877
938	878
938	880
938	893
938	899
938	909
938	911
938	920
938	922
938	931
938	937
938	945
938	952
938	958
938	971
938	975
938	979
938	981
938	982
938	984
938	985
938	989
938	991
938	993
938	996
938	997
938	999
938	1000
939	16
939	362
939	605
939	612
939	625
939	646
939	705
939	763
939	814
939	838
939	854
939	860
939	869
939	870
939	873
939	882
939	884
939	889
939	891
939	924
939	925
939	927
939	929
939	942
939	946
939	950
939	954
939	955
939	964
939	967
939	978
939	980
939	987
939	988
939	991
939	992
939	995
940	179
940	620
940	641
940	649
940	681
940	688
940	700
940	702
940	733
940	737
940	754
940	767
940	780
940	783
940	789
940	792
940	819
940	826
940	829
940	847
940	850
940	872
940	892
940	903
940	913
940	917
940	918
940	936
940	937
940	941
940	951
940	956
940	960
940	965
940	966
940	968
940	972
940	976
940	977
940	990
941	620
941	641
941	649
941	681
941	688
941	700
941	702
941	704
941	721
941	733
941	754
941	775
941	780
941	783
941	789
941	792
941	819
941	826
941	829
941	847
941	850
941	872
941	878
941	892
941	903
941	917
941	918
941	940
941	951
941	956
941	960
941	965
941	966
941	968
941	972
941	974
941	976
941	977
941	990
941	998
942	699
942	705
942	716
942	719
942	763
942	814
942	828
942	838
942	848
942	854
942	860
942	869
942	870
942	872
942	873
942	882
942	884
942	889
942	891
942	907
942	924
942	925
942	927
942	929
942	932
942	939
942	946
942	950
942	954
942	955
942	964
942	967
942	978
942	980
942	987
942	988
942	992
942	995
943	486
943	533
943	563
943	642
943	673
943	685
943	708
943	714
943	727
943	731
943	749
943	764
943	768
943	806
943	831
943	837
943	846
943	855
943	859
943	863
943	894
943	895
943	900
943	904
943	905
943	910
943	928
943	933
943	947
943	949
943	953
943	957
943	959
943	961
943	962
943	963
943	989
944	282
944	600
944	629
944	644
944	675
944	676
944	679
944	738
944	755
944	758
944	767
944	769
944	833
944	845
944	857
944	858
944	874
944	894
944	897
944	898
944	912
944	926
944	930
944	932
944	934
944	935
944	948
944	962
944	969
944	970
944	973
944	974
944	983
944	986
944	994
945	306
945	725
945	773
945	774
945	809
945	813
945	827
945	842
945	859
945	868
945	871
945	877
945	878
945	880
945	893
945	899
945	909
945	911
945	920
945	922
945	931
945	937
945	938
945	952
945	958
945	963
945	971
945	975
945	979
945	981
945	982
945	984
945	985
945	989
945	991
945	993
945	996
945	997
945	999
945	1000
946	44
946	132
946	571
946	646
946	705
946	716
946	719
946	763
946	814
946	828
946	838
946	848
946	854
946	860
946	869
946	870
946	873
946	882
946	884
946	889
946	891
946	907
946	924
946	925
946	927
946	929
946	939
946	942
946	949
946	950
946	954
946	955
946	964
946	967
946	978
946	980
946	987
946	988
946	992
946	995
947	486
947	533
947	557
947	563
947	642
947	673
947	685
947	708
947	714
947	727
947	731
947	749
947	756
947	759
947	764
947	768
947	806
947	831
947	837
947	842
947	846
947	855
947	863
947	895
947	900
947	904
947	905
947	910
947	928
947	933
947	943
947	949
947	953
947	957
947	959
947	961
947	963
948	555
948	629
948	644
948	675
948	676
948	738
948	755
948	758
948	769
948	785
948	825
948	833
948	842
948	856
948	857
948	858
948	874
948	894
948	897
948	898
948	912
948	926
948	929
948	930
948	932
948	934
948	935
948	944
948	962
948	969
948	970
948	973
948	974
948	983
948	986
948	994
949	486
949	533
949	557
949	629
949	642
949	673
949	685
949	708
949	714
949	727
949	731
949	749
949	764
949	768
949	806
949	822
949	831
949	837
949	846
949	855
949	863
949	895
949	900
949	904
949	905
949	910
949	928
949	933
949	943
949	946
949	947
949	953
949	957
949	959
949	961
949	963
950	467
950	605
950	625
950	699
950	705
950	716
950	719
950	736
950	763
950	814
950	828
950	838
950	848
950	853
950	854
950	860
950	869
950	870
950	882
950	884
950	889
950	891
950	907
950	924
950	925
950	927
950	929
950	939
950	942
950	946
950	954
950	955
950	967
950	978
950	980
950	987
950	988
950	992
950	995
951	276
951	459
951	494
951	581
951	620
951	641
951	649
951	681
951	688
951	702
951	704
951	754
951	775
951	780
951	783
951	789
951	792
951	819
951	829
951	830
951	847
951	850
951	872
951	892
951	903
951	913
951	917
951	936
951	940
951	941
951	956
951	965
951	966
951	968
951	972
951	976
951	977
951	990
951	998
952	355
952	725
952	773
952	774
952	788
952	809
952	813
952	827
952	842
952	859
952	868
952	871
952	878
952	880
952	893
952	909
952	911
952	920
952	922
952	923
952	931
952	933
952	937
952	938
952	945
952	958
952	971
952	975
952	979
952	981
952	982
952	984
952	985
952	989
952	991
952	993
952	996
952	997
952	999
952	1000
953	415
953	486
953	533
953	534
953	557
953	563
953	642
953	662
953	673
953	685
953	708
953	727
953	731
953	749
953	764
953	768
953	806
953	831
953	837
953	846
953	855
953	863
953	895
953	900
953	904
953	905
953	910
953	928
953	933
953	943
953	947
953	949
953	957
953	959
953	961
953	963
954	605
954	625
954	646
954	677
954	699
954	705
954	716
954	763
954	814
954	828
954	838
954	848
954	860
954	869
954	870
954	873
954	882
954	884
954	889
954	891
954	907
954	919
954	924
954	925
954	927
954	929
954	939
954	942
954	946
954	950
954	955
954	964
954	967
954	978
954	980
954	987
954	988
954	992
954	995
955	386
955	605
955	612
955	625
955	646
955	699
955	705
955	716
955	719
955	745
955	763
955	814
955	838
955	848
955	854
955	860
955	869
955	873
955	882
955	884
955	889
955	891
955	907
955	910
955	924
955	925
955	929
955	939
955	942
955	946
955	950
955	954
955	964
955	967
955	978
955	980
955	987
955	988
955	992
955	995
956	581
956	620
956	641
956	681
956	688
956	700
956	702
956	733
956	737
956	754
956	775
956	780
956	783
956	789
956	792
956	819
956	826
956	847
956	850
956	872
956	883
956	903
956	913
956	917
956	918
956	936
956	940
956	941
956	951
956	960
956	965
956	966
956	968
956	972
956	975
956	976
956	977
956	990
956	998
957	436
957	486
957	533
957	557
957	563
957	642
957	673
957	685
957	708
957	714
957	727
957	731
957	749
957	764
957	768
957	806
957	831
957	837
957	846
957	855
957	863
957	895
957	900
957	904
957	905
957	910
957	928
957	933
957	943
957	947
957	949
957	953
957	959
957	961
957	963
957	976
958	579
958	716
958	725
958	746
958	773
958	774
958	778
958	813
958	827
958	859
958	868
958	871
958	877
958	878
958	880
958	893
958	899
958	909
958	911
958	920
958	922
958	931
958	937
958	938
958	945
958	952
958	971
958	975
958	979
958	981
958	982
958	984
958	985
958	989
958	991
958	993
958	996
958	997
958	999
958	1000
959	260
959	486
959	533
959	563
959	642
959	673
959	685
959	708
959	710
959	714
959	727
959	731
959	749
959	764
959	768
959	806
959	831
959	834
959	837
959	846
959	855
959	863
959	895
959	900
959	904
959	905
959	910
959	928
959	933
959	943
959	947
959	949
959	953
959	957
959	961
959	963
960	268
960	494
960	550
960	581
960	620
960	641
960	649
960	670
960	681
960	688
960	700
960	702
960	704
960	733
960	737
960	754
960	775
960	780
960	783
960	789
960	792
960	826
960	829
960	847
960	850
960	892
960	903
960	917
960	918
960	936
960	940
960	941
960	956
960	965
960	966
960	968
960	972
960	976
960	977
960	990
960	998
961	456
961	464
961	486
961	533
961	557
961	563
961	642
961	673
961	685
961	708
961	714
961	727
961	731
961	749
961	764
961	768
961	806
961	831
961	837
961	846
961	855
961	863
961	895
961	900
961	904
961	905
961	906
961	910
961	928
961	933
961	943
961	947
961	949
961	953
961	957
961	959
961	963
962	555
962	600
962	629
962	644
962	675
962	676
962	738
962	748
962	755
962	767
962	769
962	785
962	825
962	857
962	858
962	874
962	894
962	897
962	898
962	912
962	926
962	930
962	932
962	934
962	935
962	943
962	944
962	948
962	967
962	969
962	970
962	973
962	974
962	983
962	986
962	994
963	376
963	429
963	486
963	533
963	557
963	563
963	642
963	673
963	685
963	692
963	708
963	714
963	727
963	731
963	749
963	764
963	768
963	806
963	831
963	837
963	846
963	855
963	863
963	895
963	900
963	904
963	905
963	910
963	928
963	933
963	943
963	945
963	947
963	949
963	953
963	957
963	959
963	961
964	605
964	612
964	625
964	646
964	699
964	705
964	716
964	719
964	725
964	763
964	814
964	828
964	838
964	854
964	860
964	869
964	870
964	873
964	882
964	884
964	889
964	891
964	904
964	907
964	919
964	924
964	927
964	929
964	939
964	942
964	946
964	954
964	955
964	967
964	978
964	980
964	987
964	988
964	990
964	992
964	995
965	494
965	525
965	581
965	620
965	641
965	649
965	681
965	688
965	700
965	702
965	733
965	737
965	754
965	775
965	780
965	783
965	789
965	792
965	819
965	826
965	829
965	850
965	872
965	892
965	913
965	917
965	918
965	936
965	940
965	941
965	951
965	956
965	960
965	966
965	972
965	977
965	990
965	993
965	998
965	1000
966	434
966	494
966	525
966	581
966	620
966	641
966	649
966	681
966	688
966	700
966	702
966	733
966	775
966	780
966	789
966	792
966	808
966	819
966	826
966	829
966	847
966	850
966	872
966	874
966	892
966	903
966	913
966	917
966	918
966	936
966	940
966	941
966	951
966	956
966	960
966	965
966	968
966	972
966	976
966	977
966	990
966	994
966	998
967	444
967	605
967	612
967	625
967	699
967	716
967	719
967	763
967	814
967	828
967	838
967	844
967	848
967	854
967	860
967	869
967	870
967	873
967	882
967	884
967	889
967	891
967	907
967	924
967	925
967	927
967	929
967	939
967	942
967	946
967	950
967	954
967	955
967	962
967	964
967	978
967	980
967	987
967	988
967	992
967	995
968	211
968	525
968	581
968	620
968	641
968	649
968	651
968	667
968	681
968	688
968	700
968	702
968	704
968	729
968	737
968	754
968	775
968	780
968	783
968	789
968	792
968	819
968	826
968	829
968	847
968	850
968	872
968	903
968	913
968	917
968	918
968	936
968	940
968	941
968	951
968	956
968	960
968	966
968	972
968	976
968	977
968	990
968	998
969	470
969	515
969	555
969	600
969	629
969	644
969	675
969	676
969	738
969	755
969	758
969	767
969	769
969	785
969	825
969	833
969	857
969	858
969	874
969	894
969	897
969	898
969	912
969	926
969	930
969	932
969	934
969	935
969	944
969	948
969	962
969	970
969	973
969	974
969	983
969	984
969	986
969	994
970	555
970	583
970	594
970	600
970	629
970	644
970	675
970	676
970	719
970	738
970	755
970	758
970	767
970	769
970	785
970	825
970	833
970	857
970	858
970	874
970	894
970	897
970	898
970	912
970	926
970	930
970	932
970	934
970	935
970	944
970	948
970	962
970	969
970	973
970	974
970	983
970	986
970	994
971	478
971	725
971	773
971	774
971	809
971	813
971	827
971	842
971	854
971	859
971	868
971	871
971	876
971	877
971	878
971	880
971	893
971	899
971	909
971	911
971	920
971	922
971	931
971	934
971	937
971	938
971	945
971	952
971	958
971	975
971	979
971	981
971	982
971	984
971	985
971	989
971	991
971	993
971	996
971	997
971	999
971	1000
972	494
972	525
972	581
972	600
972	620
972	641
972	649
972	681
972	688
972	700
972	702
972	704
972	733
972	737
972	754
972	783
972	789
972	792
972	819
972	826
972	829
972	847
972	850
972	872
972	892
972	903
972	908
972	913
972	917
972	918
972	930
972	936
972	940
972	941
972	951
972	956
972	960
972	965
972	966
972	968
972	976
972	990
972	998
973	372
973	452
973	555
973	644
973	675
973	676
973	691
973	738
973	755
973	758
973	767
973	769
973	785
973	825
973	833
973	857
973	858
973	874
973	894
973	897
973	898
973	912
973	926
973	930
973	932
973	934
973	935
973	944
973	948
973	962
973	969
973	970
973	974
973	979
973	983
973	986
973	994
974	253
974	371
974	555
974	600
974	629
974	644
974	675
974	676
974	738
974	755
974	758
974	767
974	769
974	785
974	825
974	833
974	855
974	857
974	858
974	874
974	894
974	897
974	898
974	912
974	926
974	930
974	932
974	934
974	935
974	941
974	944
974	948
974	962
974	969
974	970
974	973
974	983
974	986
974	994
975	32
975	725
975	773
975	774
975	803
975	809
975	813
975	827
975	842
975	859
975	868
975	871
975	877
975	878
975	880
975	893
975	899
975	909
975	911
975	920
975	922
975	931
975	937
975	938
975	945
975	952
975	956
975	958
975	971
975	979
975	981
975	982
975	984
975	985
975	989
975	991
975	993
975	996
975	997
975	999
975	1000
976	494
976	525
976	581
976	620
976	641
976	649
976	681
976	688
976	700
976	704
976	729
976	733
976	737
976	741
976	754
976	780
976	783
976	789
976	792
976	819
976	826
976	829
976	847
976	850
976	872
976	903
976	913
976	917
976	918
976	936
976	940
976	941
976	951
976	956
976	957
976	960
976	966
976	968
976	972
976	977
976	990
976	998
977	494
977	525
977	641
977	649
977	650
977	681
977	688
977	700
977	702
977	704
977	733
977	737
977	754
977	775
977	780
977	783
977	789
977	819
977	826
977	829
977	847
977	850
977	872
977	891
977	892
977	903
977	913
977	917
977	918
977	936
977	940
977	941
977	951
977	956
977	960
977	965
977	966
977	968
977	976
977	990
977	998
978	541
978	603
978	605
978	612
978	625
978	646
978	699
978	705
978	716
978	719
978	763
978	781
978	814
978	828
978	838
978	848
978	854
978	860
978	869
978	870
978	873
978	882
978	884
978	889
978	891
978	907
978	924
978	925
978	927
978	928
978	929
978	939
978	942
978	946
978	950
978	954
978	955
978	964
978	967
978	980
978	987
978	988
978	992
978	995
979	541
979	579
979	725
979	773
979	774
979	801
979	809
979	813
979	827
979	842
979	859
979	868
979	871
979	878
979	880
979	893
979	899
979	909
979	911
979	920
979	922
979	931
979	937
979	938
979	945
979	952
979	958
979	971
979	973
979	975
979	981
979	982
979	984
979	985
979	989
979	991
979	993
979	996
979	997
979	999
979	1000
980	605
980	612
980	625
980	675
980	699
980	701
980	705
980	716
980	719
980	763
980	814
980	828
980	838
980	848
980	854
980	860
980	869
980	870
980	873
980	882
980	884
980	889
980	891
980	907
980	924
980	925
980	927
980	929
980	939
980	942
980	946
980	950
980	954
980	955
980	964
980	967
980	978
980	987
980	988
980	990
980	992
980	995
981	328
981	541
981	552
981	703
981	725
981	773
981	774
981	809
981	813
981	827
981	839
981	842
981	859
981	868
981	871
981	877
981	878
981	880
981	893
981	899
981	909
981	911
981	920
981	922
981	931
981	937
981	938
981	945
981	952
981	958
981	971
981	975
981	979
981	982
981	984
981	985
981	989
981	991
981	993
981	996
981	997
981	999
981	1000
982	181
982	300
982	541
982	725
982	773
982	774
982	809
982	813
982	827
982	842
982	859
982	868
982	871
982	877
982	878
982	880
982	893
982	899
982	909
982	914
982	920
982	922
982	931
982	937
982	938
982	945
982	952
982	958
982	971
982	975
982	979
982	981
982	984
982	985
982	989
982	991
982	993
982	996
982	997
982	999
982	1000
983	439
983	524
983	555
983	600
983	607
983	629
983	675
983	676
983	738
983	755
983	758
983	767
983	769
983	785
983	825
983	833
983	857
983	858
983	874
983	886
983	894
983	897
983	898
983	912
983	926
983	930
983	932
983	934
983	935
983	944
983	948
983	962
983	969
983	970
983	973
983	974
983	986
983	994
984	28
984	410
984	541
984	725
984	773
984	774
984	809
984	813
984	827
984	842
984	859
984	868
984	871
984	877
984	878
984	880
984	893
984	899
984	909
984	911
984	920
984	922
984	931
984	937
984	938
984	945
984	952
984	958
984	969
984	971
984	975
984	979
984	981
984	982
984	985
984	989
984	991
984	993
984	996
984	997
984	999
984	1000
985	519
985	541
985	604
985	725
985	773
985	774
985	809
985	813
985	824
985	827
985	842
985	859
985	868
985	871
985	877
985	878
985	880
985	893
985	899
985	909
985	911
985	920
985	922
985	931
985	937
985	938
985	945
985	952
985	958
985	971
985	975
985	979
985	981
985	982
985	984
985	989
985	991
985	993
985	996
985	997
985	999
985	1000
986	555
986	600
986	629
986	644
986	675
986	676
986	738
986	755
986	758
986	767
986	769
986	785
986	823
986	825
986	833
986	857
986	858
986	874
986	894
986	897
986	898
986	906
986	912
986	920
986	926
986	930
986	932
986	934
986	935
986	944
986	948
986	962
986	969
986	970
986	973
986	974
986	983
986	994
987	605
987	625
987	646
987	666
987	699
987	705
987	716
987	719
987	763
987	814
987	828
987	838
987	848
987	854
987	860
987	869
987	870
987	873
987	882
987	884
987	889
987	891
987	907
987	924
987	925
987	927
987	929
987	939
987	942
987	946
987	950
987	954
987	955
987	964
987	967
987	978
987	980
987	988
987	992
987	995
987	998
988	187
988	523
988	605
988	612
988	625
988	646
988	674
988	699
988	705
988	713
988	716
988	719
988	763
988	828
988	838
988	848
988	854
988	860
988	869
988	870
988	873
988	882
988	884
988	889
988	891
988	907
988	924
988	925
988	927
988	929
988	939
988	942
988	946
988	950
988	954
988	955
988	964
988	967
988	978
988	980
988	987
988	992
988	995
989	541
989	725
989	773
989	774
989	809
989	813
989	827
989	842
989	859
989	864
989	868
989	871
989	877
989	878
989	880
989	893
989	899
989	902
989	909
989	911
989	920
989	922
989	931
989	937
989	938
989	943
989	945
989	952
989	958
989	971
989	975
989	979
989	981
989	982
989	984
989	985
989	991
989	993
989	996
989	997
989	999
989	1000
990	494
990	525
990	581
990	620
990	681
990	688
990	700
990	702
990	704
990	733
990	737
990	754
990	775
990	780
990	783
990	789
990	792
990	811
990	819
990	826
990	829
990	847
990	850
990	872
990	892
990	903
990	913
990	917
990	918
990	936
990	940
990	941
990	951
990	956
990	960
990	964
990	965
990	966
990	968
990	972
990	976
990	977
990	980
990	998
991	231
991	541
991	725
991	735
991	773
991	774
991	809
991	813
991	827
991	842
991	859
991	868
991	871
991	877
991	878
991	880
991	893
991	899
991	909
991	911
991	920
991	922
991	931
991	937
991	938
991	939
991	945
991	952
991	958
991	971
991	975
991	979
991	981
991	982
991	984
991	985
991	989
991	993
991	996
991	997
991	999
991	1000
992	400
992	612
992	625
992	646
992	697
992	699
992	705
992	716
992	719
992	763
992	814
992	828
992	838
992	848
992	854
992	860
992	863
992	870
992	873
992	882
992	884
992	889
992	891
992	894
992	907
992	924
992	925
992	927
992	929
992	939
992	942
992	946
992	950
992	954
992	955
992	964
992	967
992	978
992	980
992	987
992	988
992	995
993	160
993	305
993	541
993	585
993	725
993	773
993	774
993	809
993	813
993	827
993	828
993	842
993	859
993	868
993	871
993	877
993	878
993	880
993	893
993	899
993	909
993	911
993	920
993	922
993	931
993	937
993	938
993	945
993	952
993	958
993	965
993	971
993	975
993	979
993	981
993	982
993	984
993	985
993	989
993	991
993	996
993	997
993	999
993	1000
994	34
994	555
994	561
994	600
994	620
994	629
994	644
994	675
994	676
994	738
994	755
994	758
994	767
994	769
994	785
994	825
994	833
994	857
994	858
994	874
994	894
994	897
994	898
994	912
994	926
994	930
994	932
994	934
994	935
994	944
994	948
994	962
994	966
994	969
994	970
994	973
994	974
994	983
994	986
995	185
995	479
995	586
995	605
995	612
995	625
995	646
995	699
995	705
995	716
995	719
995	763
995	814
995	828
995	838
995	848
995	854
995	860
995	869
995	870
995	873
995	882
995	884
995	889
995	891
995	907
995	924
995	925
995	927
995	929
995	939
995	942
995	946
995	950
995	954
995	955
995	964
995	967
995	978
995	980
995	987
995	988
995	992
996	707
996	725
996	760
996	773
996	774
996	793
996	794
996	809
996	813
996	827
996	842
996	859
996	868
996	871
996	877
996	878
996	880
996	893
996	899
996	909
996	911
996	920
996	922
996	931
996	937
996	938
996	945
996	952
996	958
996	971
996	975
996	979
996	981
996	982
996	984
996	985
996	989
996	991
996	993
996	997
996	999
996	1000
997	345
997	541
997	656
997	725
997	773
997	774
997	794
997	809
997	813
997	827
997	842
997	859
997	868
997	871
997	877
997	878
997	880
997	890
997	893
997	899
997	909
997	911
997	920
997	922
997	931
997	937
997	938
997	945
997	952
997	958
997	971
997	975
997	979
997	981
997	982
997	984
997	985
997	989
997	991
997	993
997	996
997	999
997	1000
998	446
998	494
998	525
998	581
998	620
998	641
998	649
998	681
998	688
998	700
998	702
998	704
998	733
998	754
998	762
998	775
998	783
998	789
998	792
998	819
998	826
998	829
998	837
998	847
998	850
998	861
998	872
998	892
998	903
998	913
998	917
998	918
998	936
998	941
998	951
998	956
998	960
998	965
998	966
998	968
998	972
998	976
998	977
998	987
998	990
999	393
999	512
999	526
999	541
999	725
999	743
999	773
999	774
999	790
999	809
999	813
999	827
999	842
999	859
999	868
999	871
999	877
999	878
999	880
999	893
999	899
999	909
999	911
999	920
999	922
999	931
999	937
999	938
999	945
999	952
999	958
999	971
999	975
999	979
999	981
999	982
999	984
999	985
999	989
999	991
999	993
999	996
999	997
999	1000
1000	512
1000	526
1000	541
1000	632
1000	725
1000	773
1000	774
1000	803
1000	809
1000	813
1000	827
1000	842
1000	859
1000	868
1000	871
1000	877
1000	878
1000	880
1000	893
1000	899
1000	909
1000	911
1000	920
1000	922
1000	931
1000	937
1000	938
1000	945
1000	952
1000	958
1000	965
1000	971
1000	975
1000	979
1000	981
1000	982
1000	984
1000	985
1000	989
1000	991
1000	993
1000	996
1000	997
1000	999
