1	986
3	170
4	999
6	500
8	901
9	271
10	726
12	803
14	797
15	192
16	976
17	990
18	840
19	335
20	713
22	836
23	820
25	927
27	744
28	354
30	944
31	34
32	103
34	31
36	951
37	97
38	709
39	152
41	235
42	979
43	659
44	838
45	973
46	482
48	647
49	696
51	605
53	793
54	206
55	871
56	579
57	963
58	486
63	908
64	851
65	373
68	239
70	999
71	694
74	946
77	277
78	360
79	950
80	928
81	698
82	748
84	511
87	462
88	605
90	495
91	592
92	433
95	248
96	411
97	37
99	927
100	613
101	933
103	32
105	124
107	762
109	383
111	223
113	934
114	320
115	512
117	489
119	533
120	837
124	105
125	339
126	757
128	604
130	232
134	573
135	280
136	903
137	140
138	654
139	745
140	137
142	619
143	586
144	618
147	370
149	590
150	351
151	185
152	39
153	789
154	507
155	691
160	728
161	945
164	831
165	333
167	406
168	670
169	604
170	3
171	903
172	314
173	283
175	196
179	970
180	647
182	995
183	326
185	151
188	883
189	977
190	921
192	15
193	820
194	673
196	175
197	869
199	468
200	753
201	855
204	387
205	419
206	54
210	221
212	903
213	334
217	981
218	825
219	893
220	913
221	210
223	111
226	990
227	920
228	298
229	969
231	986
232	130
233	961
234	450
235	41
237	887
238	859
239	68
241	673
243	861
244	910
245	861
246	956
248	95
250	945
251	932
252	536
253	313
255	733
257	846
260	924
261	869
269	490
270	640
271	9
275	309
276	972
277	77
279	571
280	135
282	570
283	173
286	650
287	580
288	929
290	502
291	671
292	620
293	952
296	998
297	764
298	228
299	460
302	935
303	981
304	931
305	991
308	957
309	275
311	657
312	920
313	253
314	172
315	936
316	904
317	775
318	377
319	941
320	114
321	697
322	372
323	897
324	617
325	651
326	183
327	908
330	827
331	942
333	165
334	213
335	19
336	796
338	961
339	125
340	999
342	524
343	695
344	591
345	631
346	796
347	817
348	879
349	518
350	797
351	150
352	863
353	952
354	28
355	717
356	961
357	691
358	938
360	78
362	677
363	975
366	693
368	864
369	941
370	147
371	584
372	322
373	65
374	806
375	955
376	757
377	318
379	706
380	732
380	770
380	779
382	635
383	109
384	798
384	816
384	820
386	837
387	204
389	637
389	710
390	885
391	567
392	900
393	988
394	551
394	791
394	800
394	810
394	816
394	820
395	1000
397	752
398	471
400	962
402	838
403	954
404	816
404	820
404	899
405	841
406	167
407	970
407	971
408	868
409	569
410	907
411	96
411	710
412	600
413	994
414	573
417	808
419	205
419	445
419	467
420	751
421	546
422	732
422	757
422	770
422	779
422	993
423	797
423	913
424	509
424	922
425	942
426	959
427	601
427	602
427	624
427	626
427	927
428	442
429	914
430	694
430	950
430	955
430	970
430	971
431	705
432	732
432	770
432	779
433	92
434	756
434	775
435	624
435	888
436	565
436	770
436	779
438	770
438	838
440	509
440	616
441	755
442	428
443	920
444	670
445	419
445	467
445	513
446	964
447	527
447	581
447	611
447	615
447	856
448	887
448	995
448	997
448	999
450	234
451	816
452	565
452	674
452	706
452	724
453	535
453	710
454	921
455	587
457	769
457	791
457	800
457	810
457	816
457	820
457	837
458	637
458	998
459	987
460	299
461	544
461	561
461	899
462	87
462	979
463	854
463	964
463	983
463	985
464	650
464	655
464	661
464	673
464	683
464	710
464	862
465	782
465	986
465	989
465	990
465	991
465	996
465	998
466	515
466	569
466	877
467	419
467	445
467	759
468	199
468	505
468	548
468	554
468	558
469	812
470	960
470	977
470	984
470	987
470	995
470	997
470	999
471	398
472	866
472	944
472	953
472	958
472	973
472	982
473	499
473	506
473	511
474	954
475	842
475	936
476	581
476	611
476	615
476	704
477	578
477	581
477	611
477	615
478	896
479	677
480	500
480	510
480	520
480	544
480	561
480	957
481	787
481	791
481	800
481	810
481	816
481	820
482	46
483	797
483	929
484	848
484	931
484	936
484	937
485	794
485	797
485	965
486	58
486	732
486	770
486	779
487	520
487	544
487	561
487	854
488	620
488	621
488	637
488	994
489	117
489	518
490	269
491	509
491	658
492	509
492	977
493	818
494	518
494	825
495	90
496	527
496	581
496	582
496	611
496	615
496	788
497	750
497	762
497	772
497	775
497	944
498	597
498	650
498	655
498	661
498	683
498	710
498	924
499	473
499	511
499	778
500	6
500	480
500	520
500	544
500	561
501	773
501	895
501	928
501	931
501	936
501	937
502	290
502	742
502	750
502	762
502	772
502	775
503	504
503	620
503	621
503	637
504	503
504	763
504	769
504	791
504	800
504	810
504	816
504	820
505	468
505	508
505	516
505	548
505	554
505	558
506	473
506	511
506	928
507	154
507	606
507	649
507	651
507	671
507	674
507	701
507	706
507	724
508	505
508	764
509	424
509	440
509	491
509	492
510	480
510	520
510	544
510	561
510	809
511	84
511	473
511	499
511	506
512	115
512	801
512	805
512	828
512	830
512	848
512	850
512	852
513	445
513	769
513	791
513	800
513	810
513	816
513	820
514	777
514	945
514	958
514	964
514	982
514	983
514	985
515	466
515	569
515	609
516	505
516	946
517	810
517	850
517	852
518	349
518	489
518	494
519	685
519	835
519	837
519	849
520	480
520	487
520	500
520	510
520	544
520	561
520	656
521	935
522	716
522	732
522	755
522	757
522	779
523	850
523	852
523	998
524	342
524	850
524	852
525	928
525	979
525	980
526	551
526	650
526	655
526	661
526	673
526	683
526	710
527	447
527	496
527	540
527	542
527	581
527	582
527	611
527	615
528	941
528	950
528	955
528	957
528	960
528	970
528	971
528	980
529	551
529	597
529	650
529	661
529	673
529	683
529	710
530	700
530	712
530	769
530	791
530	800
530	810
530	816
530	820
530	988
531	845
531	977
531	984
531	987
531	995
531	997
531	999
532	692
532	789
532	798
532	803
532	804
532	809
532	813
532	815
532	835
532	837
532	849
533	119
533	699
533	715
533	716
533	732
533	737
533	757
533	770
533	779
533	843
534	747
534	954
534	962
534	965
534	972
534	979
534	980
535	453
535	805
535	830
535	850
535	852
536	252
536	943
536	963
536	986
536	990
536	991
536	992
536	996
536	998
537	553
537	895
537	928
537	931
537	936
537	937
538	601
538	602
538	624
538	626
538	763
539	620
539	621
539	637
539	909
540	527
540	581
540	582
540	611
540	615
540	981
541	749
541	941
541	950
541	955
541	957
541	960
541	970
541	971
542	527
542	581
542	582
542	611
542	615
542	992
543	671
543	940
543	943
543	963
543	986
543	990
543	991
543	992
543	996
543	998
544	461
544	480
544	487
544	500
544	510
544	520
544	561
544	810
545	573
545	587
545	620
545	621
545	637
545	805
546	421
546	931
546	936
546	937
547	628
547	674
547	701
547	706
547	724
547	774
548	468
548	505
548	951
549	998
550	942
550	966
550	967
550	977
550	984
550	995
550	997
550	999
551	394
551	526
551	529
551	597
551	650
551	655
551	661
551	673
551	683
551	710
551	765
552	801
552	805
552	821
552	827
552	830
552	848
552	850
552	852
552	977
553	537
553	592
553	601
553	602
553	624
553	626
554	468
554	505
554	701
554	720
555	639
555	653
555	676
555	688
555	690
555	702
555	703
555	771
556	639
556	653
556	676
556	688
556	690
556	702
556	703
556	896
557	643
557	962
557	965
557	972
557	979
557	980
558	468
558	505
558	910
559	954
559	962
559	965
559	968
559	972
559	979
559	980
560	592
560	601
560	602
560	624
560	626
560	829
561	461
561	480
561	487
561	500
561	510
561	520
561	544
561	948
562	592
562	601
562	602
562	624
562	626
562	879
563	715
563	732
563	737
563	757
563	761
563	770
563	779
564	636
564	763
564	769
564	791
564	800
564	810
564	816
564	820
565	436
565	452
565	573
565	587
565	620
565	621
565	637
566	639
566	653
566	676
566	688
566	690
566	702
566	703
566	925
567	391
567	749
567	768
567	774
567	781
567	790
567	794
567	797
567	850
568	590
568	639
568	653
568	659
568	676
568	688
568	690
568	702
568	703
568	913
569	409
569	466
569	515
570	282
570	598
570	606
570	618
570	629
570	649
570	651
570	671
570	674
570	701
570	706
570	724
571	279
571	653
571	676
571	688
571	690
571	702
571	703
572	739
572	832
572	954
572	962
572	965
572	972
572	979
572	980
573	134
573	414
573	545
573	565
573	587
573	620
573	621
573	637
574	841
574	927
574	944
574	945
574	953
574	958
574	964
574	973
574	982
574	983
574	985
575	597
575	650
575	655
575	661
575	673
575	683
575	710
575	968
576	658
576	926
576	941
576	950
576	955
576	957
576	960
576	970
576	971
577	597
577	603
577	650
577	655
577	661
577	673
577	683
577	710
578	477
578	863
578	871
578	872
578	883
578	885
578	887
578	888
578	895
578	896
578	928
578	931
578	936
578	937
579	56
579	653
579	676
579	688
579	690
579	702
579	703
579	859
580	287
580	653
580	676
580	688
580	690
580	702
580	703
580	819
581	447
581	476
581	477
581	496
581	527
581	540
581	542
581	582
581	611
581	615
581	907
582	496
582	527
582	540
582	542
582	581
582	611
582	615
582	917
583	618
583	649
583	651
583	674
583	701
583	706
583	724
583	947
584	371
584	954
584	961
584	962
584	965
584	972
584	979
584	980
585	957
585	988
585	994
585	1000
586	143
586	749
586	768
586	774
586	781
586	790
586	794
586	797
586	821
587	455
587	545
587	565
587	573
587	620
587	621
587	637
588	652
588	951
588	956
588	959
588	968
588	969
588	974
588	975
588	976
588	978
588	988
588	993
588	994
588	1000
589	620
589	621
589	637
589	719
590	149
590	568
590	639
590	653
590	659
590	676
590	688
590	690
590	702
590	703
591	344
591	918
591	940
591	943
591	963
591	986
591	989
591	990
591	991
591	992
591	996
591	998
592	91
592	553
592	560
592	562
592	601
592	602
592	624
592	626
592	768
593	660
593	803
593	813
593	815
593	835
593	837
593	849
594	654
594	668
594	716
594	732
594	737
594	757
594	770
594	779
594	980
595	597
595	650
595	655
595	661
595	673
595	683
595	710
595	937
596	654
596	683
596	699
596	715
596	716
596	732
596	737
596	757
596	770
596	779
597	498
597	529
597	551
597	575
597	577
597	595
597	650
597	655
597	661
597	673
597	683
597	710
597	981
598	570
598	606
598	618
598	622
598	629
598	649
598	651
598	671
598	674
598	701
598	706
598	724
598	855
599	749
599	768
599	774
599	790
599	794
599	797
599	902
600	412
600	605
600	608
600	612
600	672
600	712
600	763
600	791
600	800
600	810
600	816
600	820
600	932
601	427
601	538
601	553
601	560
601	562
601	592
601	602
601	624
601	626
601	955
602	427
602	538
602	553
602	560
602	562
602	592
602	601
602	624
602	626
602	854
603	577
603	694
603	709
603	720
603	721
603	725
603	742
603	750
603	762
603	772
603	775
603	927
604	128
604	169
604	643
604	648
604	654
604	668
604	699
604	716
604	732
604	737
604	757
604	770
604	779
605	51
605	88
605	600
605	647
605	660
605	672
605	700
605	712
605	763
605	769
605	791
605	800
605	810
605	816
605	820
606	507
606	570
606	598
606	614
606	618
606	622
606	629
606	649
606	651
606	671
606	674
606	701
606	706
606	724
606	919
607	636
607	662
607	684
607	695
607	697
607	713
607	717
607	749
607	774
607	781
607	790
607	794
607	797
608	600
608	647
608	660
608	672
608	700
608	763
608	769
608	772
608	791
608	800
608	810
608	816
608	820
609	515
609	682
609	717
609	749
609	768
609	774
609	781
609	790
609	794
609	797
610	787
610	795
610	805
610	806
610	821
610	827
610	828
610	830
610	848
610	850
610	852
611	447
611	476
611	477
611	496
611	527
611	540
611	542
611	581
611	582
611	615
611	919
612	600
612	647
612	672
612	700
612	712
612	728
612	763
612	769
612	791
612	800
612	810
612	816
612	820
613	100
613	878
613	879
613	926
613	929
613	941
613	950
613	955
613	957
613	960
613	970
613	971
614	606
614	618
614	629
614	649
614	651
614	671
614	674
614	701
614	706
614	724
614	786
614	834
615	447
615	476
615	477
615	496
615	527
615	540
615	542
615	581
615	582
615	611
616	440
616	646
616	652
616	658
616	685
616	687
616	694
616	709
616	720
616	721
616	725
616	742
616	750
616	762
616	772
616	775
616	923
617	324
617	951
617	956
617	959
617	969
617	974
617	975
617	976
617	978
617	981
617	988
617	993
617	994
617	1000
618	144
618	570
618	583
618	598
618	606
618	614
618	622
618	629
618	649
618	651
618	671
618	701
618	706
618	724
618	943
619	142
619	787
619	795
619	805
619	806
619	821
619	825
619	827
619	830
619	848
619	850
619	852
620	292
620	488
620	503
620	539
620	545
620	565
620	573
620	587
620	589
620	621
620	637
620	803
621	488
621	503
621	539
621	545
621	565
621	573
621	587
621	589
621	620
621	637
621	999
622	598
622	606
622	618
622	629
622	649
622	651
622	671
622	674
622	701
622	706
622	724
622	898
623	787
623	801
623	805
623	806
623	821
623	827
623	830
623	848
623	850
623	852
623	853
624	427
624	435
624	538
624	553
624	560
624	562
624	592
624	601
624	602
624	626
624	868
625	863
625	883
625	887
625	888
625	895
625	896
625	928
625	931
625	936
625	937
625	978
626	427
626	538
626	553
626	560
626	562
626	592
626	601
626	602
626	624
626	936
627	879
627	909
627	929
627	941
627	949
627	950
627	955
627	957
627	960
627	970
627	971
628	547
628	706
628	949
628	966
628	967
628	977
628	984
628	987
628	995
628	997
628	999
629	570
629	598
629	606
629	614
629	618
629	622
629	649
629	651
629	671
629	674
629	701
629	706
629	724
629	831
630	730
630	743
630	755
630	761
630	773
630	789
630	798
630	803
630	804
630	809
630	813
630	815
630	835
630	837
630	849
630	863
631	345
631	741
631	749
631	768
631	774
631	781
631	790
631	794
631	797
632	779
632	878
632	879
632	909
632	926
632	941
632	950
632	955
632	957
632	960
632	970
632	971
633	909
633	926
633	929
633	941
633	950
633	955
633	957
633	960
633	970
633	971
633	994
634	690
634	881
634	889
634	913
634	915
634	927
634	939
634	944
634	945
634	953
634	958
634	964
634	973
634	982
634	983
634	985
635	382
635	682
635	684
635	695
635	697
635	713
635	749
635	768
635	774
635	781
635	790
635	794
635	797
636	564
636	607
636	662
636	664
636	682
636	684
636	695
636	697
636	713
636	717
636	768
636	774
636	781
636	790
636	794
636	797
637	389
637	458
637	488
637	503
637	539
637	545
637	565
637	573
637	587
637	589
637	620
637	621
637	899
638	743
638	761
638	773
638	789
638	798
638	803
638	809
638	813
638	815
638	835
638	837
638	840
638	849
639	555
639	556
639	566
639	568
639	590
639	653
639	659
639	676
639	688
639	690
639	702
639	703
639	767
640	270
640	867
640	870
640	884
640	889
640	901
640	913
640	914
640	915
640	927
640	944
640	964
640	973
640	982
640	983
640	985
641	759
641	765
641	787
641	795
641	801
641	805
641	806
641	821
641	827
641	830
641	848
641	850
641	852
641	908
642	643
642	654
642	668
642	699
642	715
642	716
642	732
642	737
642	757
642	770
642	779
642	900
643	557
643	604
643	642
643	654
643	699
643	715
643	716
643	732
643	737
643	757
643	770
643	779
644	664
644	909
644	926
644	929
644	941
644	950
644	955
644	957
644	960
644	970
644	971
645	646
645	652
645	657
645	685
645	687
645	694
645	709
645	720
645	721
645	725
645	742
645	750
645	762
645	772
645	775
645	925
646	616
646	645
646	652
646	657
646	685
646	687
646	694
646	709
646	720
646	721
646	725
646	742
646	750
646	762
646	772
647	48
647	180
647	605
647	608
647	612
647	660
647	672
647	700
647	712
647	763
647	769
647	791
647	800
647	810
647	816
647	820
648	604
648	654
648	668
648	699
648	715
648	716
648	732
648	737
648	757
648	770
648	779
648	869
649	507
649	570
649	583
649	598
649	606
649	614
649	618
649	622
649	629
649	651
649	671
649	701
649	706
649	724
649	766
650	286
650	464
650	498
650	526
650	529
650	551
650	575
650	577
650	595
650	597
650	655
650	673
650	683
650	710
651	325
651	507
651	570
651	583
651	598
651	606
651	614
651	618
651	622
651	629
651	649
651	671
651	674
651	701
651	706
651	724
652	588
652	616
652	645
652	646
652	657
652	658
652	685
652	687
652	694
652	709
652	720
652	721
652	725
652	742
652	750
652	762
652	772
652	775
653	555
653	556
653	566
653	568
653	571
653	579
653	580
653	590
653	639
653	659
653	676
653	688
653	690
653	702
653	703
653	857
654	138
654	594
654	596
654	604
654	642
654	643
654	648
654	668
654	715
654	732
654	737
654	757
654	770
654	779
654	978
655	464
655	498
655	526
655	551
655	575
655	577
655	595
655	597
655	650
655	661
655	673
655	683
655	710
655	847
656	520
656	877
656	902
656	906
656	907
656	910
656	924
656	932
656	933
656	943
656	963
656	986
656	989
656	991
656	992
656	996
656	998
657	311
657	645
657	646
657	652
657	658
657	685
657	687
657	694
657	709
657	720
657	721
657	725
657	742
657	750
657	762
657	772
657	775
657	956
658	491
658	576
658	616
658	652
658	657
658	685
658	687
658	694
658	709
658	720
658	721
658	725
658	742
658	750
658	762
658	772
658	775
659	43
659	568
659	590
659	639
659	653
659	676
659	688
659	690
659	702
659	703
659	963
660	593
660	605
660	608
660	647
660	672
660	684
660	700
660	712
660	763
660	769
660	791
660	800
660	810
660	816
660	820
661	464
661	498
661	526
661	529
661	551
661	575
661	577
661	595
661	597
661	655
661	673
661	683
661	710
661	881
662	607
662	636
662	684
662	697
662	713
662	717
662	749
662	768
662	774
662	781
662	790
662	794
662	797
662	954
663	856
663	881
663	886
663	889
663	913
663	914
663	915
663	927
663	939
663	945
663	964
663	973
663	983
663	985
664	636
664	644
664	682
664	684
664	695
664	713
664	717
664	749
664	768
664	774
664	781
664	790
664	794
664	797
665	867
665	913
665	915
665	927
665	939
665	944
665	953
665	958
665	964
665	973
665	978
665	982
665	983
665	985
665	994
666	743
666	823
666	826
666	853
666	856
666	863
666	868
666	871
666	872
666	874
666	883
666	885
666	887
666	895
666	896
666	928
666	931
666	936
666	937
667	684
667	858
667	902
667	907
667	924
667	932
667	933
667	943
667	963
667	986
667	989
667	990
667	991
667	992
667	996
667	998
668	594
668	604
668	642
668	648
668	654
668	699
668	715
668	716
668	737
668	757
668	770
668	779
668	812
669	773
669	951
669	956
669	959
669	968
669	969
669	974
669	975
669	976
669	978
669	981
669	988
669	991
669	993
669	994
669	1000
670	168
670	444
670	726
670	730
670	743
670	755
670	761
670	773
670	789
670	798
670	804
670	809
670	813
670	815
670	835
670	837
670	849
671	291
671	507
671	543
671	570
671	598
671	606
671	614
671	618
671	622
671	629
671	649
671	651
671	674
671	701
671	706
671	724
672	600
672	605
672	608
672	612
672	647
672	660
672	700
672	712
672	763
672	791
672	800
672	810
672	816
672	820
672	939
673	194
673	241
673	464
673	526
673	529
673	551
673	575
673	577
673	595
673	597
673	650
673	655
673	661
673	683
673	710
674	452
674	507
674	547
674	570
674	583
674	598
674	606
674	614
674	622
674	629
674	651
674	671
674	698
674	701
674	706
674	724
674	799
675	843
675	853
675	863
675	868
675	872
675	874
675	883
675	885
675	887
675	888
675	895
675	896
675	928
675	931
675	936
675	937
675	949
676	555
676	556
676	566
676	568
676	571
676	579
676	580
676	590
676	639
676	653
676	659
676	688
676	690
676	702
676	703
676	866
677	362
677	479
677	907
677	918
677	924
677	932
677	933
677	943
677	963
677	986
677	989
677	990
677	991
677	992
677	996
677	998
678	817
678	825
678	832
678	841
678	842
678	878
678	879
678	909
678	926
678	929
678	941
678	950
678	957
678	960
678	970
678	971
679	864
679	892
679	897
679	900
679	905
679	908
679	917
679	918
679	930
679	946
679	954
679	961
679	962
679	965
679	972
679	980
680	880
680	921
680	922
680	923
680	934
680	935
680	938
680	942
680	946
680	949
680	966
680	967
680	977
680	984
680	987
680	995
680	997
680	999
681	707
681	730
681	743
681	761
681	773
681	789
681	798
681	803
681	804
681	809
681	813
681	815
681	835
681	837
681	849
681	899
681	932
682	609
682	635
682	636
682	664
682	684
682	695
682	697
682	713
682	717
682	749
682	768
682	774
682	781
682	790
682	794
682	797
682	818
682	822
683	464
683	498
683	526
683	529
683	551
683	575
683	577
683	595
683	596
683	597
683	650
683	655
683	661
683	673
683	710
684	607
684	635
684	636
684	660
684	662
684	664
684	667
684	682
684	695
684	697
684	713
684	717
684	749
684	768
684	774
684	781
684	790
684	794
684	797
685	519
685	616
685	645
685	646
685	652
685	657
685	658
685	687
685	694
685	709
685	720
685	721
685	725
685	737
685	742
685	750
685	762
685	772
685	775
686	750
686	892
686	897
686	899
686	900
686	901
686	905
686	908
686	917
686	930
686	946
686	954
686	961
686	962
686	965
686	972
686	979
686	980
687	616
687	645
687	646
687	652
687	657
687	658
687	685
687	694
687	709
687	720
687	721
687	725
687	742
687	750
687	762
687	772
687	775
687	986
688	555
688	556
688	566
688	568
688	571
688	579
688	580
688	590
688	639
688	653
688	659
688	676
688	690
688	702
688	703
688	979
689	733
689	738
689	741
689	746
689	759
689	765
689	787
689	795
689	801
689	805
689	806
689	821
689	827
689	830
689	848
689	852
689	919
690	555
690	556
690	566
690	568
690	571
690	579
690	580
690	590
690	634
690	639
690	653
690	659
690	676
690	688
690	702
690	703
691	155
691	357
691	880
691	904
691	912
691	921
691	922
691	923
691	934
691	938
691	942
691	949
691	966
691	967
691	977
691	987
691	995
691	997
691	999
692	532
692	894
692	898
692	902
692	907
692	910
692	918
692	924
692	932
692	933
692	963
692	986
692	989
692	990
692	991
692	992
692	996
692	998
693	366
693	947
693	948
693	951
693	952
693	956
693	968
693	969
693	974
693	975
693	976
693	978
693	981
693	988
693	993
693	994
693	1000
694	71
694	430
694	603
694	616
694	645
694	646
694	652
694	657
694	658
694	685
694	687
694	709
694	720
694	725
694	742
694	750
694	762
694	772
694	775
695	343
695	607
695	635
695	636
695	664
695	682
695	684
695	697
695	713
695	717
695	749
695	768
695	774
695	781
695	790
695	794
695	797
696	49
696	735
696	738
696	741
696	744
696	746
696	765
696	787
696	795
696	801
696	805
696	806
696	821
696	827
696	830
696	848
696	850
696	852
697	321
697	607
697	635
697	636
697	662
697	682
697	684
697	695
697	713
697	717
697	749
697	768
697	774
697	781
697	790
697	794
697	797
698	81
698	674
698	814
698	823
698	826
698	843
698	853
698	856
698	863
698	868
698	871
698	872
698	874
698	883
698	885
698	888
698	895
698	896
698	928
698	931
698	936
698	937
699	533
699	596
699	604
699	642
699	643
699	648
699	668
699	715
699	732
699	737
699	757
699	770
699	779
699	924
700	530
700	605
700	608
700	612
700	647
700	660
700	672
700	712
700	769
700	791
700	800
700	810
700	816
700	820
700	997
701	507
701	547
701	554
701	570
701	583
701	598
701	606
701	614
701	618
701	622
701	629
701	649
701	651
701	671
701	674
701	706
701	724
701	809
702	555
702	556
702	566
702	568
702	571
702	579
702	580
702	590
702	639
702	653
702	659
702	676
702	688
702	690
702	703
702	873
703	555
703	556
703	566
703	568
703	571
703	579
703	580
703	590
703	639
703	653
703	659
703	676
703	688
703	690
703	702
703	916
703	967
704	476
704	913
704	919
704	947
704	948
704	951
704	952
704	956
704	959
704	968
704	969
704	974
704	975
704	976
704	978
704	981
704	988
704	993
704	994
704	1000
705	431
705	733
705	738
705	744
705	746
705	759
705	765
705	787
705	795
705	801
705	805
705	806
705	821
705	827
705	830
705	848
705	850
705	852
706	379
706	452
706	507
706	547
706	570
706	583
706	598
706	606
706	614
706	618
706	622
706	628
706	629
706	649
706	651
706	671
706	674
706	701
706	724
707	681
707	726
707	730
707	743
707	755
707	761
707	769
707	773
707	789
707	798
707	803
707	804
707	809
707	813
707	815
707	835
707	837
707	849
708	808
708	919
708	947
708	948
708	951
708	952
708	956
708	959
708	968
708	969
708	975
708	976
708	978
708	981
708	988
708	993
708	994
708	1000
709	38
709	603
709	616
709	645
709	646
709	652
709	657
709	658
709	685
709	687
709	694
709	720
709	721
709	725
709	740
709	750
709	762
709	772
709	775
710	389
710	411
710	453
710	464
710	498
710	526
710	529
710	551
710	575
710	577
710	595
710	597
710	650
710	655
710	661
710	673
710	683
710	965
711	788
711	817
711	825
711	836
711	842
711	878
711	879
711	909
711	915
711	929
711	941
711	950
711	955
711	957
711	960
711	970
711	971
712	530
712	600
712	605
712	612
712	647
712	660
712	672
712	700
712	763
712	769
712	791
712	800
712	802
712	810
712	816
712	820
713	20
713	607
713	635
713	636
713	662
713	664
713	682
713	684
713	695
713	697
713	717
713	749
713	768
713	774
713	781
713	790
713	794
713	797
713	999
714	769
714	877
714	882
714	894
714	898
714	906
714	910
714	918
714	924
714	932
714	933
714	940
714	943
714	989
714	990
714	991
714	992
714	996
714	998
715	533
715	563
715	596
715	642
715	643
715	648
715	654
715	668
715	699
715	716
715	732
715	737
715	757
715	770
715	779
715	922
715	964
716	522
716	533
716	594
716	596
716	604
716	642
716	643
716	648
716	668
716	715
716	732
716	737
716	757
716	770
716	779
716	952
717	355
717	607
717	609
717	636
717	662
717	664
717	682
717	684
717	695
717	697
717	713
717	749
717	768
717	774
717	781
717	790
717	794
717	797
718	736
718	911
718	916
718	920
718	925
718	947
718	948
718	951
718	952
718	956
718	959
718	966
718	968
718	969
718	974
718	975
718	976
718	981
718	993
718	994
718	1000
719	589
719	880
719	904
719	912
719	922
719	923
719	934
719	935
719	942
719	949
719	966
719	967
719	977
719	984
719	987
719	995
719	997
719	999
720	554
720	603
720	616
720	645
720	646
720	652
720	657
720	658
720	685
720	687
720	694
720	709
720	721
720	725
720	742
720	750
720	762
720	772
720	775
720	966
721	603
721	616
721	645
721	646
721	652
721	657
721	658
721	685
721	687
721	709
721	720
721	725
721	742
721	750
721	762
721	772
721	775
721	983
722	756
722	878
722	880
722	904
722	912
722	921
722	922
722	923
722	934
722	935
722	938
722	942
722	949
722	966
722	967
722	977
722	984
722	987
722	995
722	997
722	999
723	813
723	880
723	904
723	921
723	922
723	923
723	934
723	935
723	938
723	942
723	949
723	966
723	967
723	977
723	984
723	987
723	995
723	997
723	999
724	452
724	507
724	547
724	570
724	583
724	598
724	606
724	614
724	618
724	622
724	629
724	649
724	651
724	671
724	674
724	701
724	706
724	985
725	603
725	616
725	645
725	646
725	652
725	657
725	658
725	685
725	687
725	694
725	709
725	720
725	721
725	742
725	750
725	762
725	772
725	775
725	861
725	893
726	10
726	670
726	707
726	730
726	755
726	761
726	773
726	777
726	789
726	798
726	803
726	804
726	809
726	813
726	815
726	835
726	837
726	849
727	779
727	875
727	890
727	891
727	892
727	899
727	900
727	901
727	903
727	905
727	908
727	917
727	930
727	946
727	954
727	961
727	962
727	965
727	972
727	979
727	980
728	160
728	612
728	865
728	880
728	904
728	912
728	921
728	922
728	934
728	935
728	938
728	942
728	949
728	966
728	967
728	977
728	984
728	987
728	995
728	997
728	999
729	812
729	839
729	857
729	904
729	912
729	921
729	922
729	923
729	934
729	935
729	938
729	942
729	949
729	966
729	967
729	977
729	984
729	987
729	995
729	996
729	997
729	999
730	630
730	670
730	681
730	707
730	726
730	743
730	755
730	761
730	773
730	789
730	798
730	803
730	804
730	809
730	813
730	815
730	835
730	837
730	849
730	967
731	911
731	916
731	920
731	947
731	948
731	951
731	952
731	956
731	959
731	969
731	974
731	975
731	976
731	978
731	979
731	981
731	988
731	993
731	994
731	1000
732	380
732	422
732	432
732	486
732	522
732	533
732	563
732	594
732	596
732	604
732	642
732	643
732	648
732	654
732	699
732	715
732	716
732	737
732	757
732	770
732	779
732	925
732	938
733	255
733	689
733	705
733	738
733	741
733	744
733	746
733	747
733	759
733	765
733	787
733	795
733	801
733	805
733	806
733	821
733	827
733	830
733	848
733	850
733	852
734	799
734	800
734	828
734	834
734	839
734	859
734	867
734	870
734	881
734	886
734	889
734	914
734	915
734	939
734	944
734	945
734	953
734	958
734	964
734	982
734	983
734	985
735	696
735	827
735	860
735	861
735	864
735	875
735	890
735	891
735	897
735	899
735	900
735	903
735	905
735	908
735	917
735	930
735	946
735	954
735	961
735	962
735	965
735	972
735	979
735	980
736	718
736	786
736	823
736	826
736	829
736	843
736	853
736	856
736	863
736	868
736	871
736	872
736	874
736	883
736	888
736	895
736	896
736	928
736	931
736	936
736	937
736	973
737	533
737	563
737	594
737	596
737	604
737	642
737	643
737	648
737	654
737	668
737	685
737	699
737	715
737	716
737	732
737	757
737	770
737	779
737	860
738	689
738	696
738	705
738	733
738	741
738	744
738	746
738	759
738	765
738	787
738	795
738	801
738	805
738	806
738	827
738	830
738	848
738	850
738	852
738	909
739	572
739	782
739	814
739	823
739	826
739	829
739	843
739	853
739	856
739	863
739	868
739	871
739	872
739	874
739	883
739	885
739	887
739	888
739	895
739	928
739	931
739	936
739	937
740	709
740	859
740	867
740	884
740	886
740	889
740	914
740	915
740	927
740	939
740	945
740	953
740	958
740	959
740	964
740	973
740	982
740	983
740	985
741	631
741	689
741	696
741	733
741	738
741	744
741	746
741	759
741	765
741	787
741	795
741	801
741	805
741	806
741	821
741	827
741	830
741	848
741	850
741	852
741	947
742	502
742	603
742	616
742	645
742	646
742	652
742	657
742	658
742	685
742	687
742	694
742	720
742	721
742	725
742	750
742	760
742	762
742	772
742	775
742	795
743	630
743	638
743	666
743	670
743	681
743	707
743	730
743	755
743	761
743	773
743	789
743	798
743	803
743	804
743	806
743	809
743	813
743	815
743	835
743	837
743	849
744	27
744	696
744	705
744	733
744	738
744	741
744	746
744	759
744	765
744	787
744	791
744	795
744	801
744	805
744	806
744	821
744	827
744	830
744	848
744	850
744	852
745	139
745	834
745	859
745	867
745	870
745	881
745	884
745	886
745	896
745	913
745	914
745	915
745	927
745	945
745	953
745	958
745	964
745	982
745	983
745	985
746	689
746	696
746	705
746	733
746	738
746	741
746	744
746	759
746	765
746	787
746	795
746	801
746	806
746	821
746	827
746	830
746	848
746	850
746	852
746	968
747	534
747	733
747	799
747	828
747	834
747	847
747	870
747	884
747	886
747	913
747	914
747	915
747	939
747	944
747	945
747	953
747	958
747	964
747	973
747	982
747	985
748	82
748	760
748	799
748	828
748	833
748	834
748	839
748	847
748	859
748	867
748	870
748	881
748	884
748	913
748	914
748	944
748	945
748	953
748	958
748	964
748	973
748	982
748	983
748	985
749	541
749	567
749	586
749	599
749	607
749	609
749	631
749	635
749	662
749	664
749	682
749	684
749	695
749	697
749	713
749	717
749	768
749	774
749	781
749	790
749	794
749	797
750	497
750	502
750	603
750	616
750	645
750	646
750	652
750	657
750	658
750	685
750	686
750	687
750	694
750	709
750	720
750	721
750	725
750	742
750	762
750	772
750	775
750	901
751	420
751	834
751	840
751	851
751	866
751	882
751	894
751	898
751	902
751	906
751	907
751	918
751	924
751	933
751	940
751	943
751	963
751	986
751	989
751	990
751	991
751	992
751	996
751	998
752	397
752	831
752	877
752	882
752	894
752	898
752	902
752	906
752	907
752	910
752	918
752	932
752	933
752	943
752	963
752	986
752	989
752	990
752	991
752	992
752	996
752	998
753	200
753	860
753	866
753	877
753	894
753	898
753	906
753	907
753	910
753	918
753	924
753	933
753	940
753	943
753	963
753	986
753	989
753	990
753	991
753	992
753	996
753	998
754	792
754	875
754	877
754	882
754	894
754	898
754	902
754	906
754	907
754	910
754	918
754	924
754	932
754	940
754	963
754	986
754	989
754	990
754	991
754	992
754	996
754	998
755	441
755	522
755	630
755	670
755	707
755	726
755	730
755	743
755	761
755	773
755	789
755	798
755	803
755	804
755	809
755	813
755	815
755	835
755	837
755	849
756	434
756	722
756	814
756	823
756	826
756	829
756	843
756	853
756	856
756	863
756	868
756	871
756	872
756	874
756	883
756	885
756	887
756	888
756	895
756	896
756	928
756	931
756	936
756	937
757	126
757	376
757	422
757	522
757	533
757	563
757	594
757	596
757	604
757	642
757	643
757	648
757	654
757	668
757	699
757	715
757	716
757	732
757	737
757	770
757	779
758	776
758	782
758	802
758	817
758	825
758	836
758	841
758	842
758	878
758	879
758	909
758	912
758	926
758	929
758	941
758	950
758	955
758	957
758	960
758	970
758	971
759	467
759	641
759	689
759	705
759	733
759	738
759	741
759	744
759	746
759	787
759	795
759	801
759	805
759	806
759	821
759	827
759	848
759	850
759	852
759	911
760	742
760	748
760	840
760	846
760	869
760	877
760	894
760	898
760	906
760	907
760	918
760	924
760	932
760	933
760	940
760	943
760	963
760	986
760	989
760	990
760	991
760	992
760	996
760	998
761	563
761	630
761	638
761	670
761	681
761	707
761	726
761	730
761	743
761	755
761	773
761	789
761	798
761	803
761	804
761	809
761	813
761	815
761	835
761	837
761	849
762	107
762	497
762	502
762	603
762	616
762	645
762	646
762	652
762	657
762	658
762	685
762	687
762	694
762	709
762	720
762	721
762	725
762	742
762	750
762	772
762	775
762	973
763	504
763	538
763	564
763	600
763	605
763	608
763	612
763	647
763	660
763	672
763	712
763	769
763	791
763	800
763	810
763	816
763	820
763	985
764	297
764	508
764	846
764	851
764	869
764	877
764	882
764	894
764	898
764	906
764	907
764	910
764	918
764	924
764	933
764	940
764	943
764	963
764	986
764	989
764	990
764	991
764	992
764	996
764	998
765	551
765	641
765	689
765	696
765	705
765	733
765	738
765	741
765	744
765	746
765	787
765	795
765	801
765	805
765	806
765	821
765	827
765	830
765	848
765	850
765	852
765	997
766	649
766	777
766	780
766	782
766	788
766	793
766	802
766	811
766	817
766	825
766	836
766	841
766	842
766	878
766	879
766	909
766	926
766	929
766	941
766	955
766	957
766	960
766	970
766	971
767	639
767	774
767	844
767	845
767	860
767	861
767	864
767	875
767	890
767	891
767	892
767	899
767	900
767	901
767	903
767	905
767	908
767	917
767	930
767	946
767	954
767	961
767	962
767	965
767	972
767	979
767	980
768	567
768	586
768	592
768	599
768	609
768	631
768	635
768	636
768	662
768	664
768	682
768	684
768	695
768	697
768	713
768	717
768	749
768	774
768	781
768	790
768	794
768	797
768	904
769	457
769	504
769	513
769	530
769	564
769	605
769	608
769	612
769	647
769	660
769	700
769	707
769	712
769	714
769	763
769	791
769	800
769	810
769	816
769	820
770	380
770	422
770	432
770	436
770	438
770	486
770	533
770	563
770	594
770	596
770	604
770	642
770	643
770	648
770	654
770	668
770	699
770	715
770	716
770	732
770	737
770	757
770	779
770	803
771	555
771	786
771	814
771	826
771	843
771	853
771	856
771	863
771	868
771	871
771	872
771	874
771	883
771	885
771	887
771	888
771	895
771	896
771	911
771	928
771	931
771	936
771	937
772	497
772	502
772	603
772	608
772	616
772	645
772	646
772	652
772	657
772	658
772	685
772	687
772	694
772	709
772	720
772	721
772	725
772	742
772	750
772	762
772	775
773	501
773	630
773	638
773	669
773	670
773	681
773	707
773	726
773	730
773	743
773	755
773	761
773	798
773	803
773	804
773	809
773	813
773	815
773	835
773	837
773	849
774	547
774	567
774	586
774	599
774	607
774	609
774	631
774	635
774	636
774	662
774	664
774	682
774	684
774	695
774	697
774	713
774	717
774	749
774	767
774	768
774	781
774	790
774	794
774	797
775	317
775	434
775	497
775	502
775	603
775	616
775	645
775	652
775	657
775	658
775	685
775	687
775	694
775	709
775	720
775	721
775	725
775	742
775	750
775	762
775	772
775	863
776	758
776	780
776	802
776	811
776	817
776	825
776	836
776	841
776	878
776	879
776	909
776	926
776	929
776	941
776	950
776	955
776	957
776	960
776	970
776	971
776	984
777	514
777	726
777	766
777	782
777	788
777	802
777	811
777	817
777	825
777	836
777	841
777	842
777	878
777	879
777	909
777	926
777	929
777	941
777	950
777	955
777	957
777	960
777	970
777	971
778	499
778	828
778	833
778	834
778	839
778	847
778	859
778	867
778	870
778	881
778	884
778	886
778	889
778	913
778	914
778	915
778	939
778	944
778	945
778	953
778	964
778	982
778	983
779	380
779	422
779	432
779	436
779	486
779	522
779	533
779	563
779	594
779	596
779	604
779	632
779	642
779	643
779	648
779	654
779	668
779	699
779	715
779	716
779	727
779	732
779	737
779	757
779	770
780	766
780	776
780	781
780	802
780	811
780	817
780	825
780	836
780	841
780	842
780	878
780	879
780	909
780	926
780	929
780	941
780	950
780	955
780	957
780	960
780	970
780	971
781	567
781	586
781	607
781	609
781	631
781	635
781	636
781	662
781	664
781	682
781	684
781	695
781	697
781	713
781	717
781	749
781	768
781	774
781	780
781	790
781	794
781	797
782	465
782	739
782	758
782	766
782	777
782	802
782	817
782	825
782	836
782	841
782	842
782	878
782	879
782	926
782	929
782	941
782	950
782	955
782	957
782	960
782	970
782	971
783	844
783	845
783	860
783	861
783	864
783	875
783	890
783	891
783	892
783	899
783	900
783	901
783	903
783	905
783	908
783	915
783	917
783	930
783	943
783	946
783	954
783	961
783	962
783	965
783	972
783	979
783	980
784	834
784	847
784	859
784	877
784	881
784	884
784	886
784	889
784	913
784	914
784	927
784	939
784	944
784	945
784	953
784	958
784	964
784	973
784	982
784	983
784	985
785	829
785	862
785	876
785	893
785	916
785	920
785	925
785	947
785	948
785	951
785	952
785	956
785	959
785	968
785	969
785	974
785	975
785	976
785	978
785	981
785	985
785	988
785	993
785	994
785	1000
786	614
786	736
786	771
786	814
786	826
786	829
786	843
786	856
786	863
786	868
786	871
786	872
786	874
786	883
786	885
786	887
786	888
786	895
786	896
786	928
786	931
786	936
786	937
786	975
787	481
787	610
787	619
787	623
787	641
787	689
787	696
787	705
787	733
787	738
787	741
787	744
787	746
787	759
787	765
787	795
787	801
787	806
787	821
787	827
787	830
787	848
787	850
787	852
787	894
788	496
788	711
788	766
788	777
788	811
788	817
788	827
788	841
788	842
788	878
788	879
788	909
788	926
788	929
788	941
788	950
788	955
788	957
788	960
788	970
788	971
788	978
789	153
789	532
789	630
789	638
789	670
789	681
789	707
789	726
789	730
789	743
789	755
789	761
789	798
789	803
789	804
789	809
789	813
789	815
789	835
789	837
789	849
789	853
789	889
790	567
790	586
790	599
790	607
790	609
790	631
790	635
790	636
790	662
790	664
790	682
790	684
790	695
790	697
790	713
790	717
790	749
790	768
790	774
790	781
790	794
790	797
790	953
790	988
791	394
791	457
791	481
791	504
791	513
791	530
791	564
791	600
791	605
791	608
791	612
791	647
791	660
791	672
791	700
791	712
791	744
791	763
791	769
791	800
791	810
791	816
791	817
791	820
792	754
792	819
792	838
792	873
792	876
792	911
792	916
792	919
792	920
792	925
792	947
792	948
792	951
792	952
792	956
792	968
792	969
792	974
792	975
792	976
792	978
792	988
792	993
792	994
792	1000
793	53
793	766
793	799
793	828
793	833
793	839
793	847
793	859
793	867
793	870
793	881
793	884
793	886
793	913
793	914
793	927
793	939
793	944
793	945
793	953
793	958
793	973
793	982
793	983
793	985
794	485
794	567
794	586
794	599
794	607
794	609
794	631
794	635
794	636
794	662
794	664
794	682
794	684
794	695
794	697
794	713
794	717
794	749
794	768
794	774
794	781
794	790
794	797
794	818
795	610
795	619
795	641
795	689
795	696
795	705
795	733
795	738
795	741
795	742
795	744
795	746
795	759
795	765
795	787
795	801
795	805
795	806
795	821
795	827
795	830
795	848
795	850
795	852
795	905
796	336
796	346
796	807
796	812
796	822
796	831
796	832
796	855
796	857
796	865
796	904
796	912
796	921
796	922
796	923
796	934
796	935
796	942
796	949
796	966
796	967
796	977
796	984
796	987
796	995
796	997
796	999
797	14
797	350
797	423
797	483
797	485
797	567
797	586
797	599
797	607
797	609
797	631
797	635
797	636
797	662
797	664
797	682
797	684
797	695
797	697
797	713
797	717
797	749
797	768
797	774
797	781
797	790
797	794
798	384
798	532
798	630
798	638
798	670
798	681
798	707
798	726
798	730
798	743
798	755
798	761
798	773
798	789
798	803
798	804
798	809
798	813
798	815
798	835
798	837
798	849
798	907
799	674
799	734
799	747
799	748
799	793
799	813
799	828
799	833
799	834
799	839
799	867
799	870
799	881
799	884
799	889
799	913
799	914
799	915
799	927
799	939
799	944
799	953
799	958
799	964
799	973
799	982
799	983
799	985
800	394
800	457
800	481
800	504
800	513
800	530
800	564
800	600
800	605
800	608
800	612
800	647
800	660
800	672
800	700
800	712
800	734
800	763
800	769
800	791
800	810
800	816
800	820
800	974
801	512
801	552
801	623
801	641
801	689
801	696
801	705
801	733
801	738
801	741
801	744
801	746
801	759
801	765
801	787
801	795
801	805
801	806
801	821
801	827
801	830
801	848
801	850
801	852
801	990
802	712
802	758
802	766
802	776
802	777
802	780
802	782
802	811
802	817
802	825
802	836
802	841
802	842
802	878
802	909
802	926
802	929
802	941
802	950
802	955
802	957
802	960
802	970
802	971
803	12
803	532
803	593
803	620
803	630
803	638
803	681
803	707
803	726
803	730
803	743
803	755
803	761
803	770
803	773
803	789
803	798
803	804
803	809
803	813
803	815
803	835
803	837
803	849
804	532
804	630
804	670
804	681
804	707
804	726
804	730
804	743
804	755
804	761
804	773
804	789
804	798
804	803
804	809
804	813
804	815
804	835
804	837
804	849
804	870
805	512
805	535
805	545
805	552
805	610
805	619
805	623
805	641
805	689
805	696
805	705
805	733
805	738
805	741
805	744
805	759
805	765
805	795
805	801
805	806
805	821
805	827
805	830
805	848
805	850
805	852
805	930
806	374
806	610
806	619
806	623
806	641
806	689
806	696
806	705
806	733
806	738
806	741
806	743
806	744
806	746
806	759
806	765
806	787
806	795
806	801
806	805
806	821
806	827
806	830
806	848
806	850
806	852
807	796
807	812
807	819
807	822
807	831
807	832
807	855
807	901
807	904
807	912
807	921
807	922
807	923
807	934
807	935
807	938
807	942
807	949
807	966
807	967
807	977
807	980
807	984
807	987
807	995
807	997
807	999
808	417
808	708
808	812
808	822
808	855
808	857
808	865
808	880
808	904
808	912
808	921
808	922
808	923
808	935
808	938
808	942
808	949
808	966
808	967
808	977
808	984
808	987
808	995
808	997
808	999
809	510
809	532
809	630
809	638
809	670
809	681
809	701
809	707
809	726
809	730
809	743
809	755
809	761
809	773
809	789
809	798
809	803
809	804
809	813
809	815
809	835
809	837
809	849
810	394
810	457
810	481
810	504
810	513
810	517
810	530
810	544
810	564
810	600
810	605
810	608
810	612
810	647
810	660
810	672
810	700
810	712
810	763
810	769
810	791
810	800
810	816
810	820
811	766
811	776
811	777
811	780
811	788
811	802
811	817
811	825
811	836
811	841
811	842
811	878
811	879
811	909
811	926
811	929
811	941
811	950
811	955
811	957
811	960
811	970
811	971
811	995
812	469
812	668
812	729
812	796
812	807
812	808
812	857
812	865
812	904
812	921
812	922
812	923
812	934
812	935
812	938
812	942
812	949
812	966
812	967
812	977
812	984
812	987
812	995
812	997
812	999
813	532
813	593
813	630
813	638
813	670
813	681
813	707
813	723
813	726
813	730
813	743
813	755
813	761
813	773
813	789
813	798
813	799
813	803
813	804
813	809
813	815
813	835
813	837
813	849
814	698
814	739
814	756
814	771
814	786
814	823
814	829
814	843
814	853
814	856
814	863
814	868
814	871
814	872
814	874
814	883
814	885
814	887
814	888
814	895
814	896
814	928
814	931
814	933
814	936
814	937
814	940
814	992
815	532
815	593
815	630
815	638
815	670
815	681
815	707
815	726
815	730
815	743
815	755
815	761
815	773
815	789
815	798
815	803
815	804
815	809
815	813
815	835
815	837
815	849
815	996
816	384
816	394
816	404
816	451
816	457
816	481
816	504
816	513
816	530
816	564
816	600
816	605
816	608
816	612
816	647
816	660
816	672
816	700
816	712
816	763
816	769
816	791
816	800
816	810
816	820
816	880
817	347
817	678
817	711
817	758
817	766
817	776
817	777
817	780
817	782
817	788
817	791
817	802
817	811
817	825
817	842
817	878
817	879
817	909
817	926
817	929
817	941
817	950
817	955
817	957
817	960
817	970
817	971
818	493
818	682
818	794
818	840
818	846
818	851
818	869
818	882
818	894
818	898
818	906
818	910
818	924
818	932
818	933
818	940
818	943
818	963
818	986
818	989
818	990
818	991
818	992
818	996
818	998
819	580
819	792
819	807
819	822
819	831
819	832
819	855
819	857
819	865
819	880
819	904
819	912
819	921
819	922
819	923
819	934
819	935
819	938
819	942
819	949
819	966
819	967
819	977
819	984
819	987
819	995
819	997
819	999
820	23
820	193
820	384
820	394
820	404
820	457
820	481
820	504
820	513
820	530
820	564
820	600
820	605
820	608
820	612
820	647
820	660
820	672
820	700
820	712
820	763
820	769
820	791
820	800
820	810
820	816
820	833
821	552
821	586
821	610
821	619
821	623
821	641
821	689
821	696
821	705
821	733
821	741
821	744
821	746
821	759
821	765
821	787
821	795
821	801
821	805
821	806
821	827
821	830
821	848
821	850
821	852
821	969
822	682
822	796
822	807
822	808
822	819
822	832
822	855
822	857
822	865
822	880
822	884
822	921
822	922
822	923
822	934
822	935
822	938
822	942
822	949
822	966
822	967
822	977
822	984
822	987
822	995
822	997
822	999
823	666
823	698
823	736
823	739
823	756
823	814
823	826
823	829
823	843
823	853
823	863
823	868
823	871
823	872
823	874
823	883
823	885
823	887
823	888
823	895
823	896
823	905
823	928
823	931
823	936
823	937
823	958
824	838
824	858
824	862
824	873
824	876
824	893
824	916
824	920
824	921
824	925
824	947
824	948
824	951
824	952
824	959
824	968
824	969
824	974
824	975
824	976
824	978
824	981
824	988
824	993
824	994
824	1000
825	218
825	494
825	619
825	678
825	711
825	758
825	766
825	776
825	777
825	780
825	782
825	802
825	811
825	817
825	836
825	841
825	842
825	878
825	879
825	909
825	926
825	929
825	941
825	950
825	955
825	957
825	960
825	970
825	971
826	666
826	698
826	736
826	739
826	756
826	771
826	786
826	823
826	829
826	843
826	853
826	856
826	863
826	868
826	871
826	872
826	874
826	883
826	885
826	887
826	888
826	895
826	896
826	922
826	928
826	931
826	937
827	330
827	552
827	610
827	619
827	623
827	641
827	689
827	696
827	705
827	733
827	735
827	738
827	741
827	744
827	746
827	759
827	765
827	787
827	788
827	795
827	801
827	805
827	806
827	821
827	830
827	848
827	850
827	852
828	512
828	610
828	734
828	747
828	748
828	778
828	793
828	799
828	839
828	859
828	870
828	881
828	884
828	886
828	889
828	913
828	915
828	927
828	939
828	944
828	945
828	953
828	958
828	964
828	973
828	982
828	983
828	985
829	560
829	736
829	739
829	756
829	785
829	786
829	814
829	823
829	826
829	843
829	853
829	856
829	863
829	868
829	871
829	872
829	874
829	883
829	885
829	887
829	888
829	895
829	896
829	928
829	931
829	936
829	937
830	512
830	535
830	552
830	610
830	619
830	623
830	641
830	689
830	696
830	705
830	733
830	738
830	741
830	744
830	746
830	765
830	787
830	795
830	801
830	805
830	806
830	821
830	827
830	848
830	850
830	852
830	887
830	958
831	164
831	629
831	752
831	796
831	807
831	819
831	832
831	855
831	857
831	865
831	904
831	912
831	921
831	922
831	923
831	934
831	935
831	938
831	942
831	949
831	966
831	967
831	977
831	984
831	987
831	995
831	997
831	999
832	572
832	678
832	796
832	807
832	819
832	822
832	831
832	855
832	857
832	865
832	880
832	904
832	912
832	921
832	922
832	923
832	934
832	935
832	938
832	942
832	949
832	967
832	977
832	984
832	987
832	995
832	997
832	999
833	748
833	778
833	793
833	799
833	820
833	834
833	839
833	847
833	859
833	867
833	871
833	884
833	886
833	889
833	913
833	915
833	927
833	939
833	944
833	945
833	953
833	958
833	964
833	973
833	982
833	983
833	985
834	614
834	734
834	745
834	747
834	748
834	751
834	778
834	784
834	799
834	833
834	839
834	847
834	859
834	867
834	870
834	881
834	886
834	889
834	913
834	915
834	927
834	939
834	944
834	945
834	953
834	964
834	982
834	983
834	985
835	519
835	532
835	593
835	630
835	638
835	670
835	681
835	707
835	726
835	730
835	743
835	755
835	761
835	773
835	789
835	798
835	803
835	804
835	809
835	813
835	815
835	837
835	849
835	909
835	993
836	22
836	711
836	758
836	766
836	776
836	777
836	780
836	782
836	802
836	811
836	825
836	841
836	842
836	878
836	879
836	906
836	909
836	926
836	929
836	941
836	950
836	955
836	957
836	960
836	970
836	971
837	120
837	386
837	457
837	519
837	532
837	593
837	630
837	638
837	670
837	681
837	707
837	726
837	730
837	743
837	755
837	761
837	773
837	789
837	798
837	803
837	804
837	809
837	813
837	815
837	835
837	849
838	44
838	402
838	438
838	792
838	824
838	854
838	858
838	862
838	873
838	876
838	911
838	916
838	919
838	920
838	925
838	947
838	948
838	952
838	956
838	959
838	968
838	969
838	974
838	975
838	976
838	978
838	981
838	988
838	993
838	994
838	1000
839	729
839	734
839	748
839	778
839	793
839	799
839	828
839	833
839	834
839	847
839	867
839	881
839	884
839	886
839	889
839	913
839	914
839	915
839	927
839	929
839	939
839	945
839	948
839	953
839	958
839	964
839	973
839	982
839	983
839	985
840	18
840	638
840	751
840	760
840	818
840	851
840	866
840	882
840	894
840	898
840	902
840	907
840	910
840	918
840	924
840	932
840	933
840	940
840	943
840	963
840	986
840	989
840	990
840	991
840	992
840	996
841	405
841	574
841	678
841	758
841	766
841	776
841	777
841	780
841	782
841	788
841	802
841	811
841	825
841	836
841	842
841	878
841	879
841	909
841	926
841	929
841	941
841	950
841	955
841	957
841	960
841	970
841	971
842	475
842	678
842	711
842	758
842	766
842	777
842	780
842	782
842	788
842	802
842	811
842	817
842	825
842	836
842	841
842	844
842	878
842	879
842	909
842	926
842	929
842	941
842	950
842	955
842	957
842	960
842	970
842	971
843	533
843	675
843	698
843	736
843	739
843	756
843	771
843	786
843	814
843	823
843	826
843	829
843	856
843	868
843	871
843	872
843	874
843	882
843	883
843	885
843	887
843	888
843	895
843	896
843	928
843	931
843	936
843	937
844	767
844	783
844	842
844	845
844	860
844	861
844	864
844	875
844	890
844	891
844	892
844	897
844	899
844	900
844	901
844	903
844	905
844	908
844	914
844	917
844	930
844	946
844	954
844	961
844	962
844	965
844	972
844	979
844	980
845	531
845	767
845	783
845	844
845	860
845	861
845	864
845	875
845	891
845	892
845	897
845	899
845	900
845	901
845	903
845	905
845	908
845	917
845	930
845	945
845	946
845	954
845	961
845	965
845	972
845	979
845	980
846	257
846	760
846	764
846	818
846	851
846	866
846	869
846	877
846	894
846	898
846	902
846	906
846	907
846	910
846	911
846	924
846	932
846	933
846	940
846	943
846	963
846	986
846	989
846	990
846	991
846	992
846	996
846	998
847	655
847	747
847	748
847	778
847	784
847	793
847	833
847	834
847	839
847	851
847	859
847	867
847	870
847	881
847	884
847	886
847	889
847	913
847	915
847	927
847	935
847	939
847	944
847	945
847	953
847	958
847	964
847	973
847	982
847	983
847	985
848	484
848	512
848	552
848	610
848	619
848	623
848	641
848	689
848	696
848	705
848	733
848	738
848	741
848	744
848	746
848	759
848	765
848	787
848	795
848	801
848	805
848	806
848	821
848	827
848	830
848	850
848	852
848	941
849	519
849	532
849	593
849	630
849	638
849	670
849	681
849	707
849	726
849	730
849	743
849	755
849	761
849	773
849	789
849	798
849	803
849	804
849	809
849	813
849	815
849	835
849	837
849	895
849	932
849	933
850	512
850	517
850	523
850	524
850	535
850	552
850	567
850	610
850	619
850	623
850	641
850	696
850	705
850	733
850	738
850	741
850	744
850	746
850	759
850	765
850	787
850	795
850	801
850	805
850	806
850	821
850	827
850	830
850	848
850	852
850	878
850	965
851	64
851	751
851	764
851	818
851	840
851	846
851	847
851	866
851	869
851	877
851	882
851	894
851	898
851	906
851	910
851	918
851	923
851	924
851	932
851	933
851	940
851	943
851	963
851	986
851	989
851	990
851	991
851	992
851	996
851	998
852	512
852	517
852	523
852	524
852	535
852	552
852	610
852	619
852	623
852	641
852	689
852	696
852	705
852	733
852	738
852	741
852	744
852	746
852	759
852	765
852	787
852	795
852	801
852	805
852	806
852	821
852	827
852	830
852	848
852	850
852	949
852	965
853	623
853	666
853	675
853	698
853	736
853	739
853	756
853	771
853	789
853	814
853	823
853	826
853	829
853	856
853	863
853	868
853	871
853	872
853	874
853	883
853	885
853	887
853	888
853	895
853	896
853	928
853	931
853	936
853	937
854	463
854	487
854	602
854	838
854	858
854	862
854	873
854	876
854	893
854	911
854	916
854	919
854	920
854	925
854	947
854	948
854	951
854	952
854	956
854	959
854	968
854	969
854	974
854	975
854	976
854	978
854	981
854	988
854	993
854	994
854	1000
855	201
855	598
855	796
855	807
855	808
855	819
855	822
855	831
855	832
855	865
855	880
855	904
855	912
855	921
855	922
855	923
855	934
855	935
855	938
855	942
855	949
855	966
855	967
855	977
855	984
855	987
855	995
855	997
855	999
856	447
856	663
856	666
856	698
856	736
856	739
856	756
856	771
856	786
856	814
856	826
856	829
856	843
856	853
856	863
856	868
856	871
856	872
856	874
856	883
856	885
856	887
856	888
856	891
856	895
856	896
856	928
856	931
856	936
856	937
857	653
857	729
857	796
857	808
857	812
857	819
857	822
857	831
857	832
857	865
857	874
857	880
857	904
857	912
857	921
857	934
857	935
857	936
857	938
857	942
857	949
857	966
857	967
857	977
857	984
857	987
857	995
857	997
857	999
858	667
858	824
858	838
858	854
858	862
858	873
858	876
858	893
858	911
858	916
858	919
858	920
858	925
858	947
858	948
858	951
858	952
858	959
858	968
858	969
858	974
858	975
858	976
858	978
858	981
858	983
858	988
858	993
858	994
858	1000
859	238
859	579
859	734
859	740
859	745
859	748
859	778
859	784
859	793
859	828
859	833
859	834
859	847
859	867
859	870
859	881
859	884
859	886
859	889
859	914
859	915
859	939
859	944
859	945
859	953
859	958
859	964
859	973
859	982
859	983
859	985
860	735
860	737
860	753
860	767
860	783
860	844
860	845
860	864
860	875
860	890
860	891
860	897
860	899
860	900
860	901
860	903
860	905
860	908
860	917
860	930
860	946
860	954
860	961
860	962
860	965
860	972
860	979
860	980
861	243
861	245
861	725
861	735
861	767
861	783
861	844
861	845
861	864
861	875
861	890
861	891
861	892
861	897
861	899
861	900
861	901
861	903
861	905
861	908
861	917
861	930
861	946
861	954
861	961
861	962
861	965
861	972
861	979
861	980
862	464
862	785
862	824
862	838
862	854
862	858
862	873
862	876
862	893
862	911
862	916
862	919
862	920
862	925
862	938
862	948
862	951
862	952
862	956
862	959
862	968
862	969
862	974
862	975
862	978
862	981
862	988
862	993
862	994
862	1000
863	352
863	578
863	625
863	630
863	666
863	675
863	698
863	736
863	739
863	756
863	771
863	775
863	786
863	814
863	823
863	826
863	829
863	853
863	856
863	868
863	871
863	872
863	874
863	883
863	885
863	887
863	888
863	896
863	928
863	931
863	936
863	937
864	368
864	679
864	735
864	767
864	783
864	844
864	845
864	860
864	861
864	875
864	890
864	891
864	892
864	897
864	899
864	901
864	903
864	905
864	908
864	917
864	934
864	946
864	954
864	961
864	962
864	965
864	972
864	979
864	980
865	728
865	796
865	808
865	812
865	819
865	822
865	831
865	832
865	855
865	857
865	880
865	904
865	912
865	921
865	922
865	923
865	934
865	935
865	938
865	949
865	964
865	966
865	967
865	977
865	984
865	987
865	995
865	997
865	999
866	472
866	676
866	751
866	753
866	840
866	846
866	851
866	869
866	877
866	894
866	898
866	902
866	906
866	907
866	910
866	918
866	924
866	932
866	940
866	943
866	963
866	986
866	989
866	990
866	991
866	992
866	996
866	998
867	640
867	665
867	734
867	740
867	745
867	748
867	778
867	793
867	799
867	833
867	834
867	839
867	847
867	859
867	870
867	884
867	886
867	895
867	914
867	915
867	927
867	931
867	939
867	944
867	945
867	953
867	958
867	973
867	982
867	983
867	985
868	408
868	624
868	666
868	675
868	698
868	736
868	739
868	756
868	771
868	786
868	814
868	823
868	826
868	829
868	843
868	853
868	856
868	863
868	871
868	874
868	883
868	885
868	887
868	888
868	895
868	896
868	928
868	931
868	936
868	937
868	962
869	197
869	261
869	648
869	760
869	764
869	818
869	846
869	851
869	866
869	877
869	882
869	894
869	902
869	906
869	907
869	910
869	918
869	924
869	932
869	933
869	940
869	943
869	963
869	986
869	989
869	990
869	991
869	992
869	996
869	998
870	640
870	734
870	745
870	747
870	748
870	778
870	793
870	799
870	804
870	828
870	834
870	847
870	859
870	867
870	881
870	884
870	886
870	889
870	913
870	914
870	927
870	939
870	944
870	953
870	958
870	964
870	973
870	982
870	985
871	55
871	578
871	666
871	698
871	736
871	739
871	756
871	771
871	786
871	814
871	823
871	826
871	829
871	833
871	843
871	853
871	856
871	863
871	868
871	872
871	874
871	883
871	885
871	887
871	888
871	896
871	928
871	931
871	936
871	937
872	578
872	666
872	675
872	698
872	736
872	739
872	756
872	771
872	786
872	814
872	823
872	826
872	829
872	843
872	853
872	856
872	863
872	871
872	874
872	883
872	885
872	887
872	888
872	895
872	896
872	915
872	928
872	931
872	936
872	937
872	952
873	702
873	792
873	824
873	838
873	854
873	858
873	862
873	911
873	916
873	919
873	920
873	925
873	945
873	947
873	948
873	951
873	952
873	956
873	959
873	968
873	969
873	974
873	975
873	976
873	978
873	981
873	988
873	993
873	994
873	1000
874	666
874	675
874	698
874	736
874	739
874	756
874	771
874	786
874	814
874	823
874	826
874	829
874	843
874	853
874	856
874	857
874	863
874	868
874	871
874	872
874	883
874	885
874	887
874	888
874	895
874	896
874	928
874	931
874	936
874	937
874	967
875	727
875	735
875	754
875	767
875	783
875	844
875	845
875	860
875	861
875	864
875	890
875	891
875	892
875	897
875	899
875	901
875	903
875	905
875	908
875	917
875	930
875	946
875	954
875	961
875	962
875	965
875	972
875	979
875	980
875	983
876	785
876	792
876	824
876	838
876	854
876	858
876	862
876	889
876	893
876	916
876	919
876	920
876	925
876	947
876	948
876	951
876	952
876	956
876	959
876	968
876	969
876	974
876	975
876	976
876	978
876	981
876	988
876	993
876	994
876	1000
877	466
877	656
877	714
877	752
877	753
877	754
877	760
877	764
877	784
877	846
877	851
877	866
877	869
877	882
877	894
877	898
877	902
877	906
877	910
877	918
877	924
877	932
877	933
877	940
877	943
877	963
877	986
877	989
877	990
877	992
877	996
877	998
878	613
878	632
878	678
878	711
878	722
878	758
878	766
878	776
878	777
878	780
878	782
878	788
878	802
878	811
878	817
878	825
878	836
878	841
878	842
878	850
878	879
878	909
878	926
878	929
878	941
878	950
878	955
878	957
878	960
878	970
878	971
878	985
878	996
879	348
879	562
879	613
879	627
879	632
879	678
879	711
879	758
879	766
879	776
879	777
879	780
879	782
879	788
879	811
879	817
879	825
879	836
879	841
879	842
879	878
879	909
879	926
879	929
879	941
879	950
879	955
879	957
879	960
879	970
879	971
880	680
880	691
880	719
880	722
880	723
880	728
880	808
880	816
880	819
880	822
880	832
880	855
880	857
880	865
880	904
880	912
880	921
880	922
880	923
880	926
880	931
880	934
880	935
880	938
880	942
880	966
880	967
880	977
880	984
880	987
880	995
880	997
880	999
881	634
881	661
881	663
881	734
881	745
881	748
881	778
881	784
881	793
881	799
881	828
881	834
881	839
881	847
881	859
881	870
881	884
881	886
881	889
881	914
881	915
881	927
881	930
881	939
881	944
881	945
881	953
881	958
881	964
881	973
881	982
881	983
881	985
882	714
882	751
882	752
882	754
882	764
882	818
882	840
882	843
882	851
882	869
882	877
882	894
882	898
882	902
882	906
882	907
882	910
882	924
882	932
882	933
882	940
882	943
882	971
882	986
882	989
882	990
882	991
882	992
882	996
882	998
883	188
883	578
883	625
883	666
883	675
883	698
883	736
883	739
883	756
883	771
883	786
883	814
883	823
883	826
883	829
883	843
883	853
883	856
883	863
883	868
883	871
883	872
883	874
883	885
883	887
883	888
883	895
883	896
883	928
883	931
883	936
883	937
883	947
884	640
884	740
884	745
884	747
884	748
884	778
884	784
884	793
884	799
884	822
884	828
884	833
884	839
884	847
884	859
884	867
884	870
884	881
884	886
884	889
884	905
884	914
884	915
884	927
884	939
884	944
884	945
884	953
884	958
884	973
884	982
884	983
884	985
885	390
885	578
885	666
885	675
885	698
885	739
885	756
885	771
885	786
885	814
885	823
885	826
885	829
885	843
885	853
885	856
885	863
885	868
885	871
885	872
885	874
885	883
885	887
885	888
885	895
885	896
885	928
885	931
885	936
885	937
885	950
886	663
886	734
886	740
886	745
886	747
886	778
886	784
886	793
886	828
886	833
886	834
886	839
886	847
886	859
886	867
886	870
886	881
886	884
886	889
886	914
886	915
886	927
886	939
886	940
886	944
886	945
886	953
886	958
886	964
886	973
886	982
886	983
886	985
886	1000
887	237
887	448
887	578
887	625
887	666
887	675
887	739
887	756
887	771
887	786
887	814
887	823
887	826
887	829
887	830
887	843
887	853
887	856
887	863
887	868
887	871
887	872
887	874
887	883
887	885
887	888
887	895
887	896
887	928
887	931
887	936
887	937
888	435
888	578
888	625
888	675
888	698
888	736
888	739
888	756
888	771
888	786
888	814
888	823
888	826
888	829
888	843
888	853
888	856
888	863
888	868
888	871
888	872
888	874
888	883
888	885
888	887
888	895
888	896
888	923
888	928
888	931
888	936
888	937
889	634
889	640
889	663
889	734
889	740
889	778
889	784
889	789
889	799
889	828
889	833
889	834
889	839
889	847
889	859
889	870
889	876
889	881
889	884
889	886
889	913
889	914
889	915
889	927
889	939
889	944
889	953
889	958
889	964
889	973
889	982
889	985
890	727
890	735
890	767
890	783
890	844
890	860
890	861
890	864
890	875
890	891
890	892
890	897
890	899
890	900
890	901
890	903
890	905
890	908
890	917
890	930
890	946
890	954
890	961
890	962
890	965
890	972
890	979
890	980
890	987
891	727
891	735
891	767
891	783
891	844
891	845
891	856
891	860
891	861
891	864
891	875
891	890
891	892
891	897
891	899
891	900
891	901
891	903
891	905
891	908
891	917
891	930
891	946
891	954
891	961
891	962
891	965
891	972
891	976
891	979
891	980
892	679
892	686
892	727
892	767
892	783
892	844
892	845
892	861
892	864
892	875
892	890
892	891
892	897
892	899
892	900
892	901
892	903
892	908
892	917
892	930
892	934
892	946
892	951
892	954
892	961
892	962
892	965
892	972
892	979
892	980
893	219
893	725
893	785
893	824
893	854
893	858
893	862
893	876
893	911
893	916
893	919
893	920
893	925
893	947
893	948
893	951
893	952
893	956
893	959
893	968
893	969
893	974
893	975
893	976
893	978
893	981
893	988
893	989
893	993
893	994
893	1000
894	692
894	714
894	751
894	752
894	753
894	754
894	760
894	764
894	787
894	818
894	840
894	846
894	851
894	866
894	869
894	877
894	882
894	898
894	906
894	907
894	910
894	918
894	920
894	924
894	932
894	933
894	940
894	943
894	963
894	986
894	989
894	990
894	991
894	992
894	996
894	998
895	501
895	537
895	578
895	625
895	666
895	675
895	698
895	736
895	739
895	756
895	771
895	786
895	814
895	823
895	826
895	829
895	843
895	849
895	853
895	856
895	867
895	868
895	872
895	874
895	883
895	885
895	887
895	888
895	896
895	928
895	931
895	936
895	937
895	984
896	478
896	556
896	578
896	625
896	666
896	675
896	698
896	736
896	745
896	756
896	771
896	786
896	814
896	823
896	826
896	829
896	843
896	853
896	856
896	863
896	868
896	871
896	872
896	874
896	883
896	885
896	887
896	888
896	895
896	928
896	931
896	936
896	937
897	323
897	679
897	686
897	735
897	844
897	845
897	860
897	861
897	864
897	875
897	890
897	891
897	892
897	899
897	900
897	901
897	903
897	908
897	917
897	930
897	946
897	954
897	961
897	962
897	965
897	972
897	979
897	980
897	993
898	622
898	692
898	714
898	751
898	752
898	753
898	754
898	760
898	764
898	818
898	840
898	846
898	851
898	866
898	877
898	882
898	894
898	902
898	906
898	907
898	910
898	918
898	924
898	932
898	933
898	940
898	960
898	963
898	986
898	989
898	990
898	991
898	996
898	998
899	404
899	461
899	637
899	681
899	686
899	727
899	735
899	767
899	783
899	844
899	845
899	860
899	861
899	864
899	875
899	890
899	891
899	892
899	897
899	900
899	901
899	903
899	905
899	908
899	917
899	930
899	946
899	954
899	961
899	962
899	965
899	972
899	979
899	980
900	392
900	642
900	679
900	686
900	727
900	735
900	767
900	783
900	844
900	845
900	860
900	861
900	890
900	891
900	892
900	897
900	899
900	901
900	903
900	905
900	908
900	917
900	930
900	946
900	954
900	961
900	962
900	965
900	969
900	972
900	979
900	980
901	8
901	640
901	686
901	727
901	750
901	767
901	783
901	807
901	844
901	845
901	860
901	861
901	864
901	875
901	890
901	891
901	892
901	897
901	899
901	900
901	903
901	905
901	908
901	917
901	930
901	946
901	954
901	961
901	962
901	965
901	972
901	979
901	980
902	599
902	656
902	667
902	692
902	751
902	752
902	754
902	840
902	846
902	866
902	869
902	877
902	882
902	898
902	906
902	907
902	910
902	918
902	924
902	932
902	933
902	940
902	943
902	963
902	986
902	989
902	990
902	991
902	992
902	994
902	996
902	998
903	136
903	171
903	212
903	727
903	735
903	767
903	783
903	844
903	845
903	860
903	861
903	864
903	875
903	890
903	891
903	892
903	897
903	899
903	900
903	901
903	905
903	908
903	917
903	930
903	946
903	954
903	961
903	962
903	965
903	972
903	979
903	980
904	316
904	691
904	719
904	722
904	723
904	728
904	729
904	768
904	796
904	807
904	808
904	812
904	819
904	831
904	832
904	855
904	857
904	865
904	880
904	912
904	921
904	923
904	934
904	935
904	938
904	942
904	949
904	966
904	967
904	977
904	982
904	984
904	987
904	995
904	997
904	999
905	679
905	686
905	727
905	735
905	767
905	783
905	795
905	823
905	844
905	845
905	860
905	861
905	864
905	875
905	884
905	890
905	891
905	899
905	900
905	901
905	903
905	908
905	917
905	930
905	946
905	954
905	961
905	962
905	965
905	972
905	979
905	980
906	656
906	714
906	751
906	752
906	753
906	754
906	760
906	764
906	818
906	836
906	846
906	851
906	866
906	869
906	877
906	882
906	894
906	898
906	902
906	907
906	910
906	918
906	924
906	932
906	933
906	940
906	943
906	963
906	975
906	986
906	989
906	990
906	991
906	992
906	996
906	998
907	410
907	581
907	656
907	667
907	677
907	692
907	751
907	752
907	753
907	754
907	760
907	764
907	798
907	840
907	846
907	866
907	869
907	882
907	894
907	898
907	902
907	906
907	910
907	918
907	924
907	932
907	933
907	940
907	943
907	963
907	986
907	989
907	990
907	991
907	992
907	996
907	998
908	63
908	327
908	641
908	679
908	686
908	727
908	735
908	767
908	783
908	844
908	845
908	860
908	861
908	864
908	875
908	890
908	891
908	892
908	897
908	899
908	900
908	901
908	903
908	905
908	917
908	946
908	954
908	961
908	962
908	965
908	972
908	979
908	980
909	539
909	627
909	632
909	633
909	644
909	678
909	711
909	738
909	758
909	766
909	776
909	777
909	780
909	788
909	802
909	811
909	817
909	825
909	835
909	836
909	841
909	842
909	878
909	879
909	926
909	929
909	941
909	950
909	955
909	957
909	960
909	970
909	971
910	244
910	558
910	656
910	692
910	714
910	752
910	753
910	754
910	764
910	818
910	840
910	846
910	851
910	866
910	869
910	877
910	882
910	894
910	898
910	902
910	906
910	907
910	916
910	918
910	924
910	932
910	933
910	940
910	943
910	963
910	986
910	989
910	990
910	991
910	992
910	996
910	998
911	718
911	731
911	759
911	771
911	792
911	838
911	846
911	854
911	858
911	862
911	873
911	893
911	916
911	919
911	920
911	925
911	947
911	948
911	951
911	952
911	956
911	959
911	968
911	969
911	974
911	975
911	976
911	978
911	981
911	988
911	993
911	994
911	1000
912	691
912	719
912	722
912	728
912	729
912	758
912	796
912	807
912	808
912	819
912	831
912	832
912	855
912	857
912	865
912	880
912	904
912	921
912	922
912	923
912	934
912	935
912	938
912	942
912	949
912	966
912	967
912	977
912	982
912	984
912	987
912	995
912	997
912	999
913	220
913	423
913	568
913	634
913	640
913	663
913	665
913	704
913	745
913	747
913	748
913	778
913	784
913	793
913	799
913	828
913	833
913	834
913	839
913	847
913	870
913	889
913	914
913	915
913	927
913	939
913	944
913	945
913	953
913	958
913	964
913	973
913	982
913	983
913	985
914	429
914	640
914	663
914	734
914	740
914	745
914	747
914	748
914	778
914	784
914	793
914	799
914	839
914	844
914	859
914	867
914	870
914	881
914	884
914	886
914	889
914	913
914	915
914	939
914	944
914	945
914	953
914	958
914	964
914	973
914	982
914	983
914	985
915	634
915	640
915	663
915	665
915	711
915	734
915	740
915	745
915	747
915	778
915	783
915	799
915	828
915	833
915	834
915	839
915	847
915	859
915	867
915	872
915	881
915	884
915	886
915	889
915	913
915	914
915	927
915	939
915	944
915	945
915	958
915	964
915	973
915	982
915	983
915	985
916	703
916	718
916	731
916	785
916	792
916	824
916	838
916	854
916	858
916	862
916	873
916	876
916	893
916	910
916	911
916	919
916	920
916	925
916	936
916	947
916	948
916	951
916	952
916	959
916	968
916	969
916	974
916	975
916	976
916	978
916	981
916	988
916	993
916	994
916	1000
917	582
917	679
917	686
917	727
917	735
917	767
917	783
917	844
917	845
917	860
917	861
917	864
917	875
917	890
917	891
917	892
917	897
917	899
917	900
917	901
917	903
917	905
917	908
917	930
917	946
917	954
917	955
917	961
917	962
917	965
917	972
917	979
917	980
918	591
918	677
918	679
918	692
918	714
918	751
918	752
918	753
918	754
918	760
918	764
918	840
918	851
918	866
918	869
918	877
918	894
918	898
918	902
918	906
918	907
918	910
918	924
918	932
918	933
918	940
918	943
918	963
918	986
918	989
918	990
918	991
918	992
918	996
918	998
919	606
919	611
919	689
919	704
919	708
919	792
919	838
919	854
919	858
919	862
919	873
919	876
919	893
919	911
919	916
919	920
919	925
919	947
919	948
919	951
919	952
919	956
919	959
919	968
919	969
919	974
919	975
919	976
919	978
919	981
919	988
919	993
919	994
919	1000
920	227
920	312
920	443
920	718
920	731
920	785
920	792
920	824
920	838
920	854
920	858
920	862
920	873
920	876
920	893
920	894
920	911
920	916
920	919
920	925
920	947
920	948
920	951
920	952
920	956
920	959
920	968
920	969
920	974
920	975
920	976
920	978
920	981
920	988
920	993
920	994
920	1000
921	190
921	454
921	680
921	691
921	722
921	723
921	728
921	729
921	796
921	807
921	808
921	812
921	819
921	822
921	824
921	831
921	832
921	855
921	857
921	865
921	880
921	904
921	912
921	922
921	923
921	934
921	935
921	938
921	942
921	949
921	966
921	967
921	977
921	984
921	987
921	995
921	997
921	999
922	424
922	680
922	691
922	715
922	719
922	722
922	723
922	728
922	729
922	796
922	807
922	808
922	812
922	819
922	822
922	826
922	831
922	832
922	855
922	865
922	880
922	912
922	921
922	923
922	934
922	935
922	938
922	942
922	949
922	966
922	967
922	977
922	984
922	987
922	995
922	997
922	999
923	616
923	680
923	691
923	719
923	722
923	723
923	729
923	796
923	807
923	808
923	812
923	819
923	822
923	831
923	832
923	851
923	855
923	865
923	880
923	888
923	904
923	912
923	921
923	922
923	934
923	935
923	938
923	942
923	949
923	966
923	967
923	977
923	984
923	987
923	995
923	997
923	999
924	260
924	498
924	656
924	667
924	677
924	692
924	699
924	714
924	751
924	753
924	754
924	760
924	764
924	818
924	840
924	846
924	851
924	866
924	869
924	877
924	882
924	894
924	898
924	902
924	906
924	907
924	910
924	918
924	932
924	933
924	940
924	963
924	986
924	989
924	990
924	991
924	992
924	996
924	998
925	566
925	645
925	718
925	732
925	785
925	792
925	824
925	838
925	854
925	858
925	862
925	873
925	876
925	893
925	911
925	916
925	919
925	920
925	947
925	948
925	951
925	952
925	956
925	959
925	968
925	969
925	974
925	975
925	976
925	978
925	981
925	988
925	993
925	994
925	1000
926	576
926	613
926	632
926	633
926	644
926	678
926	758
926	766
926	776
926	777
926	780
926	782
926	788
926	802
926	811
926	817
926	825
926	836
926	841
926	842
926	878
926	879
926	880
926	909
926	929
926	941
926	943
926	950
926	955
926	957
926	959
926	960
926	970
926	971
927	25
927	99
927	427
927	574
927	603
927	634
927	640
927	663
927	665
927	740
927	745
927	784
927	793
927	799
927	828
927	833
927	834
927	839
927	847
927	867
927	870
927	881
927	884
927	886
927	889
927	913
927	915
927	939
927	944
927	945
927	953
927	958
927	964
927	973
927	982
927	983
927	985
928	80
928	501
928	506
928	525
928	537
928	578
928	625
928	666
928	675
928	698
928	736
928	739
928	756
928	771
928	786
928	814
928	823
928	826
928	829
928	843
928	853
928	856
928	863
928	868
928	871
928	872
928	874
928	883
928	885
928	887
928	888
928	895
928	896
928	931
928	936
928	937
928	953
929	288
929	483
929	613
929	627
929	633
929	644
929	678
929	711
929	758
929	766
929	776
929	777
929	780
929	782
929	788
929	802
929	811
929	817
929	825
929	836
929	839
929	841
929	842
929	878
929	879
929	909
929	926
929	941
929	950
929	955
929	957
929	960
929	970
929	971
930	679
930	686
930	727
930	735
930	767
930	783
930	805
930	844
930	845
930	860
930	861
930	875
930	881
930	890
930	891
930	892
930	897
930	899
930	900
930	901
930	903
930	905
930	917
930	946
930	954
930	961
930	962
930	965
930	972
930	979
930	980
930	989
931	304
931	484
931	501
931	537
931	546
931	578
931	625
931	666
931	675
931	698
931	736
931	739
931	756
931	771
931	786
931	814
931	823
931	826
931	829
931	843
931	853
931	856
931	863
931	867
931	868
931	871
931	872
931	874
931	880
931	883
931	885
931	887
931	888
931	895
931	896
931	928
931	936
931	937
932	251
932	600
932	656
932	667
932	677
932	681
932	692
932	714
932	752
932	754
932	760
932	818
932	840
932	846
932	849
932	851
932	866
932	869
932	877
932	882
932	894
932	898
932	902
932	906
932	907
932	910
932	918
932	924
932	933
932	940
932	963
932	986
932	989
932	990
932	991
932	992
932	996
932	998
933	101
933	656
933	667
933	677
933	692
933	714
933	751
933	752
933	753
933	760
933	764
933	814
933	818
933	840
933	846
933	849
933	851
933	869
933	877
933	882
933	894
933	898
933	902
933	906
933	907
933	910
933	918
933	924
933	932
933	940
933	943
933	948
933	963
933	986
933	989
933	990
933	991
933	992
933	996
933	998
934	113
934	680
934	691
934	719
934	722
934	723
934	728
934	729
934	796
934	807
934	812
934	819
934	822
934	831
934	832
934	855
934	857
934	864
934	865
934	880
934	892
934	904
934	912
934	921
934	922
934	923
934	935
934	938
934	942
934	949
934	966
934	967
934	977
934	984
934	987
934	995
934	997
934	999
935	302
935	521
935	680
935	719
935	722
935	723
935	728
935	729
935	796
935	807
935	808
935	812
935	819
935	822
935	831
935	832
935	847
935	855
935	857
935	865
935	880
935	904
935	912
935	921
935	922
935	923
935	934
935	938
935	949
935	966
935	967
935	977
935	984
935	987
935	995
935	997
935	999
936	315
936	475
936	484
936	501
936	537
936	546
936	578
936	625
936	626
936	666
936	675
936	698
936	736
936	739
936	756
936	771
936	786
936	814
936	823
936	829
936	843
936	853
936	856
936	857
936	863
936	868
936	871
936	872
936	874
936	883
936	885
936	887
936	888
936	895
936	896
936	916
936	928
936	931
936	937
937	484
937	501
937	537
937	546
937	578
937	595
937	625
937	666
937	675
937	698
937	736
937	739
937	756
937	771
937	786
937	814
937	823
937	826
937	829
937	843
937	853
937	856
937	863
937	868
937	871
937	872
937	874
937	883
937	885
937	887
937	888
937	895
937	896
937	928
937	931
937	936
937	948
937	976
938	358
938	680
938	691
938	722
938	723
938	728
938	729
938	732
938	807
938	808
938	812
938	819
938	822
938	831
938	832
938	855
938	857
938	862
938	865
938	880
938	904
938	912
938	921
938	922
938	923
938	934
938	935
938	942
938	949
938	966
938	967
938	977
938	984
938	987
938	995
938	997
938	999
939	634
939	663
939	665
939	672
939	734
939	740
939	747
939	778
939	784
939	793
939	799
939	828
939	833
939	834
939	839
939	847
939	859
939	867
939	870
939	881
939	884
939	886
939	889
939	913
939	914
939	915
939	927
939	944
939	945
939	953
939	956
939	958
939	964
939	973
939	982
939	983
939	985
940	543
940	591
940	714
940	751
940	753
940	754
940	760
940	764
940	814
940	818
940	840
940	846
940	851
940	866
940	869
940	877
940	882
940	886
940	894
940	898
940	902
940	906
940	907
940	910
940	918
940	924
940	932
940	933
940	943
940	963
940	986
940	989
940	990
940	991
940	992
940	996
940	998
941	319
941	369
941	528
941	541
941	576
941	613
941	627
941	632
941	633
941	644
941	678
941	711
941	758
941	766
941	776
941	777
941	780
941	782
941	788
941	802
941	811
941	817
941	825
941	836
941	841
941	842
941	848
941	878
941	879
941	909
941	926
941	929
941	950
941	955
941	957
941	960
941	970
941	971
942	331
942	425
942	550
942	680
942	691
942	719
942	722
942	723
942	728
942	729
942	796
942	807
942	808
942	812
942	819
942	822
942	831
942	832
942	855
942	857
942	880
942	904
942	912
942	921
942	922
942	923
942	934
942	938
942	949
942	966
942	967
942	977
942	984
942	987
942	989
942	995
942	997
942	999
943	536
943	543
943	591
943	618
943	656
943	667
943	677
943	714
943	751
943	752
943	753
943	760
943	764
943	783
943	818
943	840
943	846
943	851
943	866
943	869
943	877
943	882
943	894
943	902
943	906
943	907
943	910
943	918
943	926
943	933
943	940
943	963
943	970
943	986
943	989
943	990
943	991
943	992
943	996
943	998
944	30
944	472
944	497
944	574
944	634
944	640
944	665
944	734
944	747
944	748
944	778
944	784
944	793
944	799
944	828
944	833
944	834
944	847
944	859
944	867
944	870
944	881
944	884
944	886
944	889
944	913
944	914
944	915
944	927
944	939
944	945
944	953
944	958
944	973
944	982
944	983
944	985
944	986
945	161
945	250
945	514
945	574
945	634
945	663
945	734
945	740
945	745
945	747
945	748
945	778
945	784
945	793
945	828
945	833
945	834
945	839
945	845
945	847
945	859
945	867
945	873
945	881
945	884
945	886
945	913
945	914
945	915
945	927
945	939
945	944
945	953
945	958
945	964
945	973
945	982
945	983
945	985
946	74
946	516
946	679
946	680
946	686
946	727
946	735
946	767
946	783
946	844
946	845
946	860
946	861
946	864
946	875
946	890
946	891
946	892
946	897
946	899
946	900
946	901
946	903
946	905
946	908
946	917
946	930
946	954
946	961
946	962
946	965
946	972
946	979
946	980
947	583
947	693
947	704
947	708
947	718
947	731
947	741
947	785
947	792
947	824
947	838
947	854
947	858
947	873
947	876
947	883
947	893
947	911
947	916
947	919
947	920
947	925
947	948
947	951
947	952
947	956
947	959
947	968
947	969
947	974
947	975
947	976
947	978
947	981
947	988
947	993
947	994
947	1000
948	561
948	693
948	704
948	708
948	718
948	731
948	785
948	792
948	824
948	838
948	839
948	854
948	858
948	862
948	873
948	876
948	893
948	911
948	916
948	919
948	920
948	925
948	933
948	937
948	947
948	951
948	952
948	956
948	959
948	968
948	974
948	975
948	976
948	978
948	981
948	988
948	993
948	994
948	1000
949	627
949	628
949	675
949	680
949	691
949	719
949	722
949	723
949	728
949	729
949	796
949	807
949	808
949	812
949	819
949	822
949	831
949	832
949	852
949	855
949	857
949	865
949	904
949	912
949	921
949	922
949	923
949	934
949	935
949	938
949	942
949	966
949	967
949	977
949	984
949	987
949	995
949	997
949	999
950	79
950	430
950	528
950	541
950	576
950	613
950	627
950	632
950	633
950	644
950	678
950	711
950	758
950	776
950	777
950	780
950	782
950	788
950	802
950	811
950	817
950	825
950	836
950	841
950	842
950	878
950	879
950	885
950	909
950	926
950	929
950	941
950	955
950	957
950	960
950	970
950	971
950	987
951	36
951	548
951	588
951	617
951	669
951	693
951	704
951	708
951	718
951	731
951	785
951	792
951	824
951	854
951	858
951	862
951	873
951	876
951	892
951	893
951	911
951	916
951	919
951	920
951	925
951	947
951	948
951	952
951	956
951	959
951	968
951	969
951	971
951	974
951	975
951	976
951	978
951	981
951	988
951	993
951	994
951	1000
952	293
952	353
952	693
952	704
952	708
952	716
952	718
952	731
952	785
952	792
952	824
952	838
952	854
952	858
952	862
952	872
952	873
952	876
952	893
952	911
952	916
952	919
952	920
952	925
952	947
952	948
952	951
952	956
952	959
952	968
952	969
952	974
952	975
952	976
952	978
952	981
952	988
952	993
952	994
952	1000
953	472
953	574
953	634
953	665
953	734
953	740
953	745
953	747
953	748
953	778
953	784
953	790
953	793
953	799
953	828
953	833
953	834
953	839
953	847
953	859
953	867
953	870
953	881
953	884
953	886
953	889
953	913
953	914
953	927
953	928
953	939
953	944
953	945
953	958
953	963
953	964
953	973
953	983
953	985
954	403
954	474
954	534
954	559
954	572
954	584
954	662
954	679
954	686
954	727
954	735
954	767
954	783
954	844
954	845
954	860
954	861
954	864
954	875
954	890
954	891
954	892
954	897
954	899
954	900
954	901
954	903
954	905
954	908
954	917
954	930
954	946
954	961
954	962
954	965
954	972
954	979
954	980
955	375
955	430
955	528
955	541
955	576
955	601
955	613
955	627
955	632
955	633
955	644
955	711
955	758
955	766
955	776
955	777
955	780
955	782
955	788
955	802
955	811
955	817
955	825
955	836
955	841
955	842
955	878
955	879
955	909
955	917
955	926
955	929
955	941
955	950
955	957
955	960
955	970
955	971
956	246
956	588
956	617
956	657
956	669
956	693
956	704
956	708
956	718
956	731
956	785
956	792
956	838
956	854
956	862
956	873
956	876
956	893
956	911
956	919
956	920
956	925
956	939
956	947
956	948
956	951
956	952
956	959
956	968
956	969
956	974
956	975
956	976
956	978
956	981
956	988
956	993
956	994
956	1000
957	308
957	480
957	528
957	541
957	576
957	585
957	613
957	627
957	632
957	633
957	644
957	678
957	711
957	758
957	766
957	776
957	777
957	780
957	782
957	788
957	802
957	811
957	817
957	825
957	836
957	841
957	842
957	878
957	879
957	909
957	926
957	929
957	941
957	950
957	955
957	960
957	970
957	971
958	472
958	514
958	574
958	634
958	665
958	734
958	740
958	745
958	747
958	748
958	784
958	793
958	799
958	823
958	828
958	830
958	833
958	839
958	847
958	859
958	867
958	870
958	881
958	884
958	886
958	889
958	913
958	914
958	915
958	927
958	939
958	944
958	945
958	953
958	964
958	970
958	973
958	982
958	983
958	985
959	426
959	588
959	617
959	669
959	704
959	708
959	718
959	731
959	740
959	785
959	824
959	838
959	854
959	858
959	862
959	873
959	876
959	893
959	911
959	916
959	919
959	920
959	925
959	926
959	947
959	948
959	951
959	952
959	956
959	967
959	968
959	969
959	974
959	975
959	976
959	978
959	981
959	988
959	993
959	994
959	1000
960	470
960	528
960	541
960	576
960	613
960	627
960	632
960	633
960	644
960	678
960	711
960	758
960	766
960	776
960	777
960	780
960	782
960	788
960	802
960	811
960	817
960	825
960	836
960	841
960	842
960	878
960	879
960	898
960	909
960	926
960	929
960	941
960	950
960	955
960	957
960	970
960	971
960	972
961	233
961	338
961	356
961	584
961	679
961	686
961	727
961	735
961	767
961	783
961	844
961	845
961	860
961	861
961	864
961	875
961	890
961	891
961	892
961	897
961	899
961	900
961	901
961	903
961	905
961	908
961	917
961	930
961	946
961	954
961	962
961	965
961	972
961	979
961	980
962	400
962	534
962	557
962	559
962	572
962	584
962	679
962	686
962	727
962	735
962	767
962	783
962	844
962	860
962	861
962	864
962	868
962	875
962	890
962	891
962	892
962	897
962	899
962	900
962	901
962	903
962	905
962	908
962	917
962	930
962	946
962	954
962	961
962	965
962	972
962	975
962	979
962	980
963	57
963	536
963	543
963	591
963	656
963	659
963	667
963	677
963	692
963	751
963	752
963	753
963	754
963	760
963	764
963	818
963	840
963	846
963	851
963	866
963	869
963	877
963	894
963	898
963	902
963	906
963	907
963	910
963	918
963	924
963	932
963	933
963	940
963	943
963	953
963	986
963	989
963	990
963	991
963	992
963	996
963	998
964	446
964	463
964	514
964	574
964	634
964	640
964	663
964	665
964	715
964	734
964	740
964	745
964	747
964	748
964	778
964	784
964	799
964	828
964	833
964	834
964	839
964	847
964	859
964	865
964	870
964	881
964	886
964	889
964	913
964	914
964	915
964	927
964	939
964	945
964	953
964	958
964	973
964	983
964	985
965	485
965	534
965	557
965	559
965	572
965	584
965	679
965	686
965	710
965	727
965	735
965	767
965	783
965	844
965	845
965	850
965	852
965	860
965	861
965	864
965	875
965	890
965	891
965	892
965	897
965	899
965	900
965	901
965	903
965	905
965	908
965	917
965	930
965	946
965	954
965	961
965	962
965	972
965	979
965	980
966	550
966	628
966	680
966	691
966	718
966	719
966	720
966	722
966	723
966	728
966	729
966	796
966	807
966	808
966	812
966	819
966	822
966	831
966	855
966	857
966	865
966	880
966	904
966	912
966	921
966	922
966	923
966	934
966	935
966	938
966	942
966	949
966	967
966	977
966	984
966	987
966	992
966	995
966	997
966	999
967	550
967	628
967	680
967	691
967	703
967	719
967	722
967	723
967	728
967	729
967	730
967	796
967	807
967	808
967	812
967	819
967	822
967	831
967	832
967	855
967	857
967	865
967	874
967	880
967	904
967	912
967	921
967	922
967	923
967	934
967	935
967	938
967	942
967	949
967	959
967	966
967	977
967	984
967	987
967	995
967	997
967	999
968	559
968	575
968	588
968	669
968	693
968	704
968	708
968	718
968	746
968	785
968	792
968	824
968	838
968	854
968	858
968	862
968	873
968	876
968	893
968	911
968	916
968	919
968	920
968	925
968	947
968	948
968	951
968	952
968	956
968	959
968	969
968	974
968	975
968	976
968	978
968	981
968	988
968	993
968	994
968	1000
969	229
969	588
969	617
969	669
969	693
969	704
969	708
969	718
969	731
969	785
969	792
969	821
969	824
969	838
969	854
969	858
969	862
969	873
969	876
969	893
969	900
969	911
969	916
969	919
969	920
969	925
969	947
969	951
969	952
969	956
969	959
969	968
969	974
969	975
969	976
969	978
969	981
969	988
969	993
969	994
969	1000
970	179
970	407
970	430
970	528
970	541
970	576
970	613
970	627
970	632
970	633
970	644
970	678
970	711
970	758
970	766
970	776
970	777
970	780
970	782
970	788
970	802
970	811
970	817
970	825
970	836
970	841
970	842
970	878
970	879
970	909
970	926
970	929
970	941
970	943
970	950
970	955
970	957
970	958
970	960
970	971
970	990
971	407
971	430
971	528
971	541
971	576
971	613
971	627
971	632
971	633
971	644
971	678
971	711
971	758
971	766
971	776
971	777
971	780
971	782
971	788
971	802
971	811
971	817
971	825
971	836
971	841
971	842
971	878
971	879
971	882
971	909
971	926
971	929
971	941
971	950
971	951
971	955
971	957
971	960
971	970
971	984
972	276
972	534
972	557
972	559
972	572
972	584
972	679
972	686
972	727
972	735
972	767
972	783
972	844
972	845
972	860
972	861
972	864
972	875
972	890
972	891
972	892
972	897
972	899
972	900
972	901
972	903
972	905
972	908
972	917
972	930
972	946
972	954
972	960
972	961
972	962
972	965
972	979
972	980
973	45
973	472
973	574
973	634
973	640
973	663
973	665
973	736
973	740
973	747
973	748
973	762
973	784
973	793
973	799
973	828
973	833
973	839
973	847
973	859
973	867
973	870
973	881
973	884
973	886
973	889
973	913
973	914
973	915
973	927
973	939
973	944
973	945
973	953
973	958
973	964
973	982
973	983
973	985
974	588
974	617
974	669
974	693
974	704
974	718
974	731
974	785
974	792
974	800
974	824
974	838
974	854
974	858
974	862
974	873
974	876
974	893
974	911
974	916
974	919
974	920
974	925
974	947
974	948
974	951
974	952
974	956
974	959
974	968
974	969
974	975
974	976
974	978
974	981
974	988
974	991
974	993
974	994
974	1000
975	363
975	588
975	617
975	669
975	693
975	704
975	708
975	718
975	731
975	785
975	786
975	792
975	824
975	838
975	854
975	858
975	862
975	873
975	876
975	893
975	906
975	911
975	916
975	919
975	920
975	925
975	947
975	948
975	951
975	952
975	956
975	959
975	962
975	968
975	969
975	974
975	976
975	978
975	981
975	988
975	993
975	994
975	1000
976	16
976	588
976	617
976	669
976	693
976	704
976	708
976	718
976	731
976	785
976	792
976	824
976	838
976	854
976	858
976	873
976	876
976	891
976	893
976	911
976	916
976	919
976	920
976	925
976	937
976	947
976	948
976	951
976	952
976	956
976	959
976	968
976	969
976	974
976	975
976	978
976	981
976	988
976	993
976	994
976	1000
977	189
977	470
977	492
977	531
977	550
977	552
977	628
977	680
977	691
977	719
977	722
977	723
977	728
977	729
977	796
977	807
977	808
977	812
977	819
977	822
977	831
977	832
977	855
977	857
977	865
977	880
977	904
977	912
977	921
977	922
977	923
977	934
977	935
977	938
977	942
977	949
977	966
977	967
977	984
977	987
977	995
977	997
977	999
978	588
978	617
978	625
978	654
978	665
978	669
978	693
978	704
978	708
978	731
978	785
978	788
978	792
978	824
978	838
978	854
978	858
978	862
978	873
978	876
978	893
978	911
978	916
978	919
978	920
978	925
978	947
978	948
978	951
978	952
978	956
978	959
978	968
978	969
978	974
978	975
978	976
978	981
978	988
978	993
978	994
978	1000
979	42
979	462
979	525
979	534
979	557
979	559
979	572
979	584
979	686
979	688
979	727
979	731
979	735
979	767
979	783
979	844
979	845
979	860
979	861
979	864
979	875
979	890
979	891
979	892
979	897
979	899
979	900
979	901
979	903
979	905
979	908
979	917
979	930
979	946
979	954
979	961
979	962
979	965
979	972
979	980
980	525
980	528
980	534
980	557
980	559
980	572
980	584
980	594
980	679
980	686
980	727
980	735
980	767
980	783
980	807
980	844
980	845
980	860
980	861
980	864
980	875
980	890
980	891
980	892
980	897
980	899
980	900
980	901
980	903
980	905
980	908
980	917
980	930
980	946
980	954
980	961
980	962
980	965
980	972
980	979
981	217
981	303
981	540
981	597
981	617
981	669
981	693
981	704
981	708
981	718
981	731
981	785
981	824
981	838
981	854
981	858
981	862
981	873
981	876
981	893
981	911
981	916
981	919
981	920
981	925
981	947
981	948
981	951
981	952
981	956
981	959
981	968
981	969
981	974
981	975
981	976
981	978
981	988
981	993
981	994
981	1000
982	472
982	514
982	574
982	634
982	640
982	665
982	734
982	740
982	745
982	747
982	748
982	778
982	784
982	793
982	799
982	828
982	833
982	834
982	839
982	847
982	859
982	867
982	870
982	881
982	884
982	886
982	889
982	904
982	912
982	913
982	914
982	915
982	927
982	939
982	944
982	945
982	958
982	973
982	983
982	985
982	995
983	463
983	514
983	574
983	634
983	640
983	663
983	665
983	721
983	734
983	740
983	745
983	748
983	778
983	784
983	793
983	799
983	828
983	833
983	834
983	839
983	847
983	858
983	859
983	867
983	875
983	881
983	884
983	886
983	913
983	914
983	915
983	927
983	939
983	944
983	945
983	953
983	958
983	964
983	973
983	982
983	985
984	470
984	531
984	550
984	628
984	680
984	719
984	722
984	723
984	728
984	729
984	776
984	796
984	807
984	808
984	812
984	819
984	822
984	831
984	832
984	855
984	857
984	865
984	880
984	895
984	904
984	912
984	921
984	922
984	923
984	934
984	935
984	938
984	942
984	949
984	966
984	967
984	971
984	977
984	987
984	995
984	997
984	999
985	463
985	514
985	574
985	634
985	640
985	663
985	665
985	724
985	734
985	740
985	745
985	747
985	748
985	763
985	784
985	785
985	793
985	799
985	828
985	833
985	834
985	839
985	847
985	859
985	867
985	870
985	878
985	881
985	884
985	886
985	889
985	913
985	914
985	915
985	927
985	939
985	944
985	945
985	953
985	958
985	964
985	973
985	982
985	983
986	1
986	231
986	465
986	536
986	543
986	591
986	656
986	667
986	677
986	687
986	692
986	751
986	752
986	753
986	754
986	760
986	764
986	818
986	840
986	846
986	851
986	866
986	869
986	877
986	882
986	894
986	898
986	902
986	906
986	907
986	910
986	918
986	924
986	932
986	933
986	940
986	943
986	944
986	963
986	989
986	990
986	991
986	992
986	996
986	998
987	459
987	470
987	531
987	628
987	680
987	691
987	719
987	722
987	723
987	728
987	729
987	796
987	807
987	808
987	812
987	819
987	822
987	831
987	832
987	855
987	857
987	865
987	880
987	890
987	904
987	912
987	921
987	922
987	923
987	934
987	935
987	938
987	942
987	949
987	950
987	966
987	967
987	977
987	984
987	995
987	997
987	999
988	393
988	530
988	585
988	588
988	617
988	669
988	693
988	704
988	708
988	731
988	785
988	790
988	792
988	824
988	838
988	854
988	858
988	862
988	873
988	876
988	893
988	911
988	916
988	919
988	920
988	925
988	947
988	948
988	951
988	952
988	956
988	959
988	968
988	969
988	974
988	975
988	976
988	978
988	981
988	993
988	994
988	1000
989	465
989	591
989	656
989	667
989	677
989	692
989	714
989	751
989	752
989	753
989	754
989	760
989	764
989	818
989	840
989	846
989	851
989	866
989	869
989	877
989	882
989	893
989	894
989	898
989	902
989	906
989	907
989	910
989	918
989	924
989	930
989	932
989	933
989	940
989	942
989	943
989	963
989	986
989	990
989	991
989	992
989	996
989	998
990	17
990	226
990	465
990	536
990	543
990	591
990	667
990	677
990	692
990	714
990	751
990	752
990	753
990	754
990	760
990	764
990	801
990	818
990	840
990	846
990	851
990	866
990	869
990	877
990	882
990	894
990	898
990	902
990	906
990	907
990	910
990	918
990	924
990	932
990	933
990	940
990	943
990	963
990	970
990	986
990	989
990	991
990	992
990	996
990	998
991	305
991	465
991	536
991	543
991	591
991	656
991	667
991	669
991	677
991	692
991	714
991	751
991	752
991	753
991	754
991	760
991	764
991	818
991	840
991	846
991	851
991	866
991	869
991	882
991	894
991	898
991	902
991	906
991	907
991	910
991	918
991	924
991	932
991	933
991	940
991	943
991	963
991	974
991	986
991	989
991	990
991	992
991	996
991	998
992	536
992	542
992	543
992	591
992	656
992	667
992	677
992	692
992	714
992	751
992	752
992	753
992	754
992	760
992	764
992	814
992	818
992	840
992	846
992	851
992	866
992	869
992	877
992	882
992	894
992	902
992	906
992	907
992	910
992	918
992	924
992	932
992	933
992	940
992	943
992	963
992	966
992	986
992	989
992	990
992	991
992	996
992	998
993	422
993	588
993	617
993	669
993	693
993	704
993	708
993	718
993	731
993	785
993	792
993	824
993	835
993	838
993	854
993	858
993	862
993	873
993	876
993	893
993	897
993	911
993	916
993	919
993	920
993	925
993	947
993	948
993	951
993	952
993	956
993	959
993	968
993	969
993	974
993	975
993	976
993	978
993	981
993	988
993	994
993	1000
994	413
994	488
994	585
994	588
994	617
994	633
994	665
994	669
994	693
994	704
994	708
994	718
994	731
994	785
994	792
994	824
994	838
994	854
994	858
994	862
994	873
994	876
994	893
994	902
994	911
994	916
994	919
994	920
994	925
994	947
994	948
994	951
994	952
994	956
994	959
994	968
994	969
994	974
994	975
994	976
994	978
994	981
994	988
994	993
994	1000
995	182
995	448
995	470
995	531
995	550
995	628
995	680
995	691
995	719
995	722
995	723
995	728
995	729
995	796
995	807
995	808
995	811
995	812
995	819
995	822
995	831
995	832
995	855
995	857
995	865
995	880
995	904
995	912
995	921
995	922
995	923
995	934
995	935
995	938
995	942
995	949
995	966
995	967
995	977
995	982
995	984
995	987
995	997
995	999
996	465
996	536
996	543
996	591
996	656
996	667
996	677
996	692
996	714
996	729
996	751
996	752
996	753
996	754
996	760
996	764
996	815
996	818
996	840
996	846
996	851
996	866
996	869
996	877
996	878
996	882
996	894
996	898
996	902
996	906
996	907
996	910
996	918
996	924
996	932
996	933
996	940
996	943
996	963
996	986
996	989
996	990
996	991
996	992
996	998
997	448
997	470
997	531
997	550
997	628
997	680
997	691
997	700
997	719
997	722
997	723
997	728
997	729
997	765
997	796
997	807
997	808
997	812
997	819
997	822
997	831
997	832
997	855
997	857
997	865
997	880
997	904
997	912
997	921
997	922
997	923
997	934
997	935
997	938
997	942
997	949
997	966
997	967
997	977
997	984
997	987
997	995
997	999
997	1000
998	296
998	458
998	465
998	523
998	536
998	543
998	549
998	591
998	656
998	667
998	677
998	692
998	714
998	751
998	752
998	753
998	754
998	760
998	764
998	818
998	846
998	851
998	866
998	869
998	877
998	882
998	894
998	898
998	902
998	906
998	907
998	910
998	918
998	924
998	932
998	933
998	940
998	943
998	963
998	986
998	989
998	990
998	991
998	992
998	996
999	4
999	70
999	340
999	448
999	470
999	531
999	550
999	621
999	628
999	680
999	691
999	713
999	719
999	722
999	723
999	728
999	729
999	796
999	807
999	808
999	812
999	819
999	822
999	831
999	832
999	855
999	857
999	865
999	880
999	904
999	912
999	921
999	922
999	923
999	934
999	935
999	938
999	942
999	949
999	966
999	967
999	977
999	984
999	987
999	995
999	997
1000	395
1000	585
1000	588
1000	617
1000	669
1000	693
1000	704
1000	708
1000	718
1000	731
1000	785
1000	792
1000	824
1000	838
1000	854
1000	858
1000	862
1000	873
1000	876
1000	886
1000	893
1000	911
1000	916
1000	919
1000	920
1000	925
1000	947
1000	948
1000	951
1000	952
1000	956
1000	959
1000	968
1000	969
1000	974
1000	975
1000	976
1000	978
1000	981
1000	988
1000	993
1000	994
1000	997
