1	951
2	939
3	994
5	767
7	926
8	575
9	204
10	974
11	827
13	174
14	869
15	663
16	799
20	546
21	933
22	994
25	296
26	289
27	531
28	643
29	647
30	926
34	801
35	680
37	475
38	840
39	557
41	548
44	858
45	855
46	1000
47	629
48	862
50	664
51	314
52	516
54	476
55	936
57	780
58	384
59	802
63	853
64	769
67	904
69	783
70	182
71	244
72	672
73	818
74	580
75	423
76	696
78	587
79	991
80	882
81	913
83	906
84	782
85	218
87	829
88	781
89	307
92	962
96	187
97	746
97	913
98	982
101	657
102	843
103	971
106	342
110	910
111	622
112	682
113	649
114	518
115	385
116	272
117	982
118	999
119	876
120	490
122	828
123	953
124	876
126	957
127	991
130	888
131	641
134	878
135	157
136	613
137	180
139	356
142	896
143	740
150	894
151	938
152	598
153	966
154	971
156	948
157	135
159	779
162	556
163	911
164	875
165	872
166	716
169	720
171	825
173	398
173	929
174	13
177	951
179	826
180	137
182	70
183	234
184	968
185	859
186	885
186	902
186	909
186	911
186	929
187	96
188	998
190	212
191	968
192	558
193	628
194	905
195	652
196	667
197	662
198	427
199	948
200	832
201	702
204	9
205	840
207	810
208	478
210	404
212	190
213	503
214	958
215	811
216	243
217	278
218	85
219	712
221	408
224	874
227	938
230	847
232	432
234	183
236	253
237	262
237	869
238	907
239	642
240	808
241	848
242	852
243	216
244	71
245	577
245	905
246	942
248	873
250	894
252	905
253	236
254	515
255	603
256	906
258	702
259	883
261	656
262	237
263	798
264	643
265	274
266	993
267	473
268	916
269	933
271	839
271	869
272	116
274	265
276	517
278	217
279	458
280	546
281	471
282	678
283	929
284	562
285	875
287	840
289	26
290	717
291	311
292	361
292	929
295	839
295	869
296	25
297	890
298	694
299	851
300	953
302	907
303	951
304	684
305	597
306	628
306	658
306	925
307	89
307	905
308	831
308	902
308	909
308	911
308	929
309	843
310	557
311	291
311	810
312	773
313	440
314	51
315	746
315	747
315	849
316	822
317	876
317	885
317	902
317	909
317	911
317	929
318	965
319	869
320	621
321	575
322	810
324	588
324	905
326	841
328	521
329	445
329	902
329	911
329	929
330	777
331	674
332	917
333	885
333	902
333	909
333	911
333	929
334	422
335	644
336	561
337	376
337	984
338	830
339	863
341	353
342	106
345	793
346	885
346	902
346	909
346	911
346	929
346	960
348	664
349	907
349	920
350	757
350	781
350	783
350	995
351	764
352	984
352	998
352	1000
353	341
354	962
355	415
356	139
358	899
359	786
360	738
361	292
363	822
364	441
364	714
364	717
364	728
365	513
365	714
365	717
365	728
366	643
366	794
367	486
369	984
370	907
371	770
372	714
372	717
372	728
372	977
373	869
374	571
374	576
374	779
375	638
376	337
377	933
378	782
379	963
380	491
380	990
380	991
381	583
381	782
382	830
382	873
382	876
382	885
382	902
382	909
382	929
383	547
383	643
384	58
385	115
385	990
385	991
385	996
386	841
388	537
388	920
389	694
392	483
393	782
393	896
394	746
394	747
395	810
395	935
398	173
398	781
398	783
399	873
399	885
399	902
399	909
399	911
399	927
399	929
400	746
400	747
401	439
404	210
404	885
404	902
404	909
404	911
404	929
405	794
407	714
407	717
407	728
407	851
408	221
409	791
411	699
411	905
413	571
413	576
415	355
415	837
416	951
417	746
417	747
417	752
418	529
419	806
419	984
419	998
419	1000
420	607
420	761
420	762
420	782
421	741
421	864
421	895
421	907
421	920
422	334
423	75
424	931
425	661
425	714
425	717
425	728
425	990
426	669
426	863
426	865
426	870
426	874
426	880
426	905
427	198
427	873
427	876
427	885
427	902
427	909
427	911
427	929
428	757
428	781
428	783
428	981
429	650
429	703
429	731
429	746
429	747
430	865
430	978
431	643
431	896
432	232
432	757
432	781
432	783
433	662
433	714
433	717
433	728
434	847
434	863
434	864
434	907
434	920
435	838
435	839
435	841
435	869
436	547
436	643
436	991
437	790
437	916
437	919
437	921
437	922
437	931
438	726
438	781
438	783
439	401
440	313
440	738
441	364
441	757
441	781
441	783
442	886
442	970
442	981
443	503
444	738
444	950
445	329
445	661
445	714
445	717
445	728
446	643
447	818
448	661
448	714
448	717
448	728
449	450
449	916
449	919
449	921
449	922
449	931
450	449
451	738
451	846
452	802
452	838
452	839
452	841
452	869
452	945
453	905
454	738
454	806
455	614
455	791
455	802
455	838
455	839
455	841
455	869
456	760
456	810
456	892
457	777
457	821
457	836
457	873
457	876
457	885
457	902
457	909
457	911
457	935
458	279
458	981
459	778
459	823
459	837
460	565
460	895
460	907
460	920
461	752
462	502
462	520
463	703
463	746
463	747
463	980
464	838
464	839
464	841
464	859
464	869
465	760
465	784
465	810
465	884
466	752
466	759
466	791
466	838
466	839
466	841
466	843
466	869
467	677
467	967
467	975
467	976
467	977
467	980
467	984
467	989
467	998
467	1000
468	793
468	796
468	806
468	820
468	825
468	829
468	830
468	837
469	755
469	766
470	502
470	520
470	949
471	281
471	823
471	837
472	566
472	643
473	267
473	710
473	723
473	738
474	932
475	37
475	643
476	54
477	852
477	987
477	990
477	991
477	996
477	997
478	208
478	895
478	907
478	920
479	720
479	749
479	761
479	762
479	782
479	968
480	911
480	986
480	992
480	993
480	994
480	995
480	999
481	628
481	658
481	933
482	998
483	392
483	957
483	958
483	960
483	963
483	981
484	642
484	650
484	703
484	746
484	747
484	876
485	710
485	723
485	738
485	988
486	367
486	755
487	760
487	803
487	810
488	760
488	784
488	810
488	967
489	615
489	745
489	755
490	120
491	380
491	957
491	958
491	963
491	970
491	981
492	566
492	990
492	991
492	997
493	755
493	994
494	658
494	859
495	661
495	714
495	717
495	728
495	897
496	755
496	912
497	667
497	805
497	848
497	863
497	865
497	870
497	874
497	880
497	905
499	821
499	836
499	873
499	885
499	891
499	902
499	909
499	911
499	929
500	957
500	958
500	960
500	963
500	970
500	981
501	670
502	462
502	470
502	520
502	865
503	213
503	443
503	547
503	643
504	760
504	784
504	810
504	819
505	547
505	643
505	742
506	547
506	643
506	814
507	619
507	682
507	691
507	692
507	695
507	702
507	705
507	749
507	761
507	762
507	782
507	906
508	559
508	569
508	628
508	630
508	658
508	785
509	682
509	733
509	744
509	757
509	781
509	783
510	748
510	867
510	882
510	900
510	916
510	919
510	921
510	922
510	931
511	584
511	591
511	851
512	523
512	976
512	977
512	980
512	984
512	989
512	998
512	1000
513	365
513	867
513	882
513	900
513	916
513	919
513	921
513	922
513	931
514	528
514	552
514	560
514	571
514	576
514	736
515	254
515	738
516	52
516	519
516	595
516	609
516	621
516	642
516	651
516	703
516	746
516	747
517	276
517	861
517	867
517	882
517	900
517	916
517	919
517	921
517	922
517	931
518	114
518	777
518	821
518	836
518	873
518	885
518	902
518	909
518	911
518	929
519	516
519	595
519	609
519	621
519	651
519	703
519	746
519	747
519	917
520	462
520	470
520	502
520	695
521	328
521	777
521	873
521	876
521	885
521	902
521	909
521	911
521	929
522	698
522	706
522	707
522	721
522	722
522	729
522	732
522	734
522	745
522	755
522	824
523	512
523	737
523	784
523	810
524	697
524	805
524	848
524	863
524	865
524	870
524	874
524	880
524	905
525	649
525	661
525	714
525	717
525	728
526	584
526	591
526	753
527	895
527	968
527	972
527	973
527	978
528	514
528	552
528	560
528	571
528	576
528	808
529	418
529	975
529	984
529	989
529	998
529	1000
530	841
530	952
530	954
530	956
530	965
530	968
530	973
530	978
531	27
531	967
531	976
531	977
531	980
531	984
531	989
531	998
531	1000
532	601
532	720
532	749
532	761
532	762
532	782
533	738
533	853
534	815
534	861
534	867
534	882
534	900
534	916
534	919
534	921
534	922
534	931
535	932
535	936
535	937
535	938
535	946
536	765
536	890
536	915
536	923
536	926
536	930
536	932
536	936
536	937
536	938
536	946
537	388
537	544
537	551
537	584
537	591
538	710
538	723
538	738
538	936
539	799
539	819
539	833
539	847
539	851
539	859
539	862
539	864
539	893
539	895
539	907
539	920
540	594
540	805
540	848
540	863
540	865
540	870
540	874
540	880
540	905
541	560
541	796
541	806
541	820
541	823
541	825
541	829
541	830
541	837
542	547
542	563
542	643
542	986
543	793
543	796
543	806
543	820
543	823
543	825
543	829
543	830
543	837
543	950
544	537
544	545
544	551
544	564
544	584
544	588
544	591
544	847
545	544
545	551
545	584
545	591
545	839
546	20
546	280
546	952
546	955
546	956
546	959
546	965
546	968
546	971
546	972
546	973
546	978
547	383
547	436
547	503
547	505
547	506
547	542
547	563
547	643
547	770
548	41
548	967
548	975
548	976
548	977
548	980
548	984
548	989
548	998
548	1000
549	732
549	953
549	966
549	969
549	979
549	982
549	987
549	990
549	991
549	996
549	997
550	676
550	733
550	744
550	757
550	761
550	764
550	781
550	783
551	537
551	544
551	545
551	564
551	584
551	588
551	591
551	724
552	514
552	528
552	560
552	571
552	576
552	744
553	627
553	934
553	950
553	953
553	966
553	969
553	979
553	987
553	990
553	991
553	997
554	666
554	676
554	733
554	757
554	781
554	783
554	917
555	719
555	752
555	791
555	802
555	838
555	839
555	841
555	869
556	162
556	710
556	723
556	738
557	39
557	310
557	777
557	821
557	836
557	873
557	876
557	885
557	902
557	909
557	911
557	929
558	192
558	821
558	836
558	873
558	876
558	885
558	902
558	909
558	911
558	929
559	508
559	569
559	628
559	630
559	658
559	862
559	878
560	514
560	528
560	541
560	552
560	571
560	576
561	336
561	861
561	867
561	900
561	916
561	919
561	921
561	922
561	931
562	284
562	952
562	954
562	956
562	959
562	965
562	968
562	971
562	972
562	978
563	542
563	547
563	643
563	750
564	544
564	551
564	584
564	591
564	768
565	460
565	793
565	796
565	806
565	820
565	823
565	825
565	829
565	830
565	837
566	472
566	492
566	733
566	744
566	757
566	781
566	783
567	688
567	690
567	771
567	778
567	819
567	833
567	847
567	851
567	859
567	862
567	895
567	907
567	920
568	598
568	634
568	666
568	667
568	676
568	677
568	733
568	744
568	757
568	781
568	783
569	508
569	559
569	628
569	630
569	658
569	804
570	799
570	819
570	828
570	833
570	847
570	851
570	859
570	862
570	864
570	895
570	907
570	920
570	937
571	374
571	413
571	514
571	528
571	552
571	560
571	576
572	682
572	691
572	692
572	695
572	702
572	705
572	720
572	749
572	761
572	762
572	782
572	891
573	626
573	633
573	962
573	974
573	983
573	985
573	986
573	988
573	992
573	993
573	994
573	995
573	999
574	671
574	698
574	706
574	721
574	722
574	729
574	732
574	734
574	745
574	755
574	922
575	8
575	321
575	665
575	673
575	684
575	688
575	727
575	736
575	737
575	739
575	754
575	784
575	810
576	374
576	413
576	514
576	528
576	552
576	560
576	571
576	826
577	245
577	838
577	932
577	936
577	937
577	938
577	946
578	602
578	647
578	661
578	714
578	717
578	728
578	863
579	646
579	656
579	657
579	674
579	675
579	680
579	710
579	723
579	738
580	74
580	658
580	727
580	736
580	737
580	739
580	754
580	760
580	784
580	810
581	749
581	952
581	954
581	955
581	956
581	959
581	965
581	968
581	971
581	972
581	973
581	978
581	982
582	598
582	607
582	634
582	666
582	667
582	676
582	677
582	733
582	744
582	757
582	781
582	783
582	852
583	381
583	861
583	881
583	882
583	900
583	916
583	919
583	921
583	922
583	931
584	511
584	526
584	537
584	544
584	545
584	551
584	564
584	588
584	591
584	652
585	805
585	848
585	863
585	865
585	870
585	874
585	880
585	905
586	655
586	668
586	681
586	703
586	719
586	752
586	759
586	791
586	802
586	838
586	839
586	841
586	869
587	78
587	590
587	727
587	736
587	754
587	760
587	784
587	810
588	324
588	544
588	551
588	584
588	591
588	846
589	706
589	707
589	721
589	722
589	729
589	732
589	734
589	745
589	755
589	780
589	880
590	587
590	716
590	861
590	867
590	882
590	900
590	916
590	919
590	921
590	922
590	931
591	511
591	526
591	537
591	544
591	545
591	551
591	564
591	584
591	588
591	821
592	646
592	656
592	657
592	674
592	675
592	680
592	710
592	723
592	738
592	786
593	786
593	798
593	804
593	848
593	863
593	864
593	865
593	870
593	874
593	880
593	905
594	540
594	671
594	698
594	706
594	707
594	722
594	729
594	732
594	734
594	745
594	755
595	516
595	519
595	609
595	621
595	642
595	650
595	651
595	703
595	746
595	747
595	998
596	698
596	706
596	707
596	721
596	722
596	729
596	732
596	734
596	745
596	755
596	855
596	957
597	305
597	740
597	750
597	821
597	836
597	873
597	876
597	885
597	909
597	911
597	929
598	152
598	568
598	582
598	634
598	666
598	667
598	677
598	733
598	744
598	781
598	783
598	904
599	890
599	915
599	923
599	926
599	928
599	930
599	936
599	937
599	938
599	946
600	709
600	724
600	773
600	793
600	796
600	806
600	820
600	823
600	825
600	829
600	830
600	837
600	875
601	532
601	646
601	656
601	657
601	674
601	675
601	680
601	710
601	723
601	738
601	923
602	578
602	647
602	661
602	714
602	717
602	728
603	255
603	636
603	646
603	656
603	674
603	675
603	680
603	710
603	723
603	738
604	696
604	925
604	927
604	943
604	944
604	957
604	958
604	960
604	963
604	970
604	981
605	942
605	949
605	967
605	975
605	976
605	977
605	980
605	984
605	989
605	998
605	1000
606	918
606	949
606	967
606	975
606	977
606	980
606	984
606	989
606	998
606	1000
607	420
607	582
607	727
607	736
607	737
607	739
607	754
607	760
607	810
608	736
608	737
608	739
608	754
608	760
608	784
608	810
608	889
609	516
609	519
609	595
609	642
609	651
609	703
609	746
609	747
609	894
610	682
610	691
610	692
610	695
610	702
610	705
610	720
610	749
610	761
610	762
610	782
610	871
611	639
611	698
611	706
611	707
611	721
611	722
611	729
611	732
611	734
611	745
611	755
612	850
612	918
612	945
612	952
612	954
612	955
612	956
612	959
612	965
612	968
612	971
612	972
612	973
613	136
613	891
613	892
613	896
613	925
613	927
613	943
613	944
613	957
613	958
613	960
613	963
613	970
613	981
614	455
614	699
614	704
614	709
614	711
614	724
614	793
614	796
614	806
614	820
614	823
614	825
614	829
614	830
614	837
614	925
615	489
615	890
615	897
615	910
615	915
615	923
615	926
615	928
615	930
615	932
615	936
615	937
615	938
615	946
616	681
616	683
616	752
616	759
616	789
616	791
616	802
616	838
616	839
616	841
616	869
617	665
617	684
617	688
617	727
617	736
617	737
617	739
617	754
617	760
617	784
617	810
617	893
617	995
618	731
618	939
618	948
618	951
618	964
618	974
618	983
618	985
618	986
618	992
618	993
618	994
618	995
618	999
619	507
619	626
619	690
619	691
619	692
619	705
619	720
619	749
619	761
619	762
619	782
620	700
620	777
620	803
620	836
620	873
620	876
620	885
620	902
620	909
620	911
620	929
621	320
621	516
621	519
621	595
621	642
621	650
621	651
621	658
621	703
621	746
621	747
622	111
622	771
622	778
622	788
622	799
622	819
622	828
622	833
622	847
622	851
622	859
622	862
622	864
622	895
622	907
622	920
623	685
623	953
623	961
623	966
623	969
623	982
623	987
623	990
623	991
623	996
623	997
624	665
624	673
624	684
624	688
624	727
624	736
624	737
624	739
624	754
624	760
624	784
624	810
624	917
625	671
625	698
625	706
625	707
625	721
625	722
625	729
625	732
625	734
625	745
625	755
625	800
626	573
626	619
626	682
626	691
626	692
626	695
626	702
626	705
626	720
626	749
626	761
626	762
626	782
626	949
627	553
627	949
627	967
627	975
627	976
627	977
627	980
627	984
627	989
627	998
627	1000
628	193
628	306
628	481
628	508
628	559
628	569
628	630
628	658
628	858
629	47
629	709
629	773
629	789
629	793
629	796
629	806
629	820
629	823
629	825
629	829
629	830
629	837
630	508
630	559
630	569
630	628
630	658
630	870
631	887
631	942
631	949
631	967
631	975
631	976
631	977
631	980
631	984
631	989
631	998
631	1000
632	655
632	683
632	719
632	752
632	759
632	791
632	802
632	838
632	839
632	841
632	847
632	869
633	573
633	771
633	788
633	799
633	828
633	833
633	847
633	851
633	859
633	862
633	864
633	895
633	907
633	920
634	568
634	582
634	598
634	666
634	667
634	676
634	677
634	708
634	733
634	744
634	757
634	781
634	783
635	655
635	668
635	681
635	683
635	719
635	752
635	759
635	784
635	791
635	802
635	838
635	839
635	841
635	869
636	603
636	646
636	656
636	674
636	675
636	680
636	710
636	723
636	738
636	984
637	685
637	689
637	742
637	743
637	798
637	804
637	805
637	848
637	858
637	863
637	870
637	874
637	880
637	905
638	375
638	832
638	939
638	948
638	951
638	962
638	964
638	974
638	983
638	985
638	986
638	988
638	992
638	993
638	994
638	995
638	999
639	611
639	655
639	668
639	681
639	683
639	752
639	759
639	791
639	802
639	838
639	839
639	841
639	869
640	753
640	764
640	776
640	822
640	861
640	867
640	882
640	900
640	916
640	919
640	921
640	922
640	931
640	981
641	131
641	724
641	918
641	945
641	952
641	954
641	955
641	956
641	959
641	965
641	968
641	971
641	972
641	973
641	978
642	239
642	484
642	516
642	595
642	609
642	621
642	650
642	651
642	703
642	746
642	747
643	28
643	264
643	366
643	383
643	431
643	436
643	446
643	472
643	475
643	503
643	505
643	506
643	542
643	547
643	563
644	335
644	941
644	948
644	951
644	962
644	974
644	983
644	985
644	986
644	988
644	992
644	993
644	994
644	995
644	999
645	877
645	893
645	897
645	910
645	915
645	923
645	926
645	928
645	930
645	932
645	936
645	937
645	938
645	946
645	983
646	579
646	592
646	601
646	603
646	636
646	656
646	657
646	674
646	675
646	680
646	710
646	723
646	738
646	997
647	29
647	578
647	602
647	661
647	714
647	717
647	728
647	959
648	798
648	804
648	805
648	839
648	848
648	863
648	865
648	870
648	874
648	880
648	905
649	113
649	525
649	948
649	962
649	964
649	974
649	983
649	985
649	986
649	988
649	992
649	993
649	994
649	995
649	999
650	429
650	484
650	595
650	621
650	642
650	651
650	673
650	703
650	746
650	747
651	516
651	519
651	595
651	609
651	621
651	642
651	650
651	703
651	746
651	747
651	991
652	195
652	584
652	844
652	853
652	877
652	890
652	893
652	910
652	915
652	923
652	926
652	928
652	930
652	936
652	937
652	938
652	946
653	704
653	908
653	910
653	913
653	942
653	949
653	967
653	975
653	976
653	977
653	980
653	984
653	989
653	998
653	1000
654	807
654	902
654	908
654	942
654	949
654	967
654	975
654	976
654	977
654	980
654	984
654	989
654	998
654	1000
655	586
655	632
655	635
655	639
655	668
655	719
655	759
655	774
655	791
655	802
655	838
655	841
655	869
656	261
656	579
656	592
656	601
656	603
656	636
656	646
656	657
656	674
656	675
656	680
656	710
656	723
656	738
657	101
657	579
657	592
657	601
657	646
657	656
657	674
657	675
657	680
657	710
657	723
657	738
658	306
658	481
658	494
658	508
658	559
658	569
658	580
658	621
658	628
658	630
659	894
659	901
659	904
659	923
659	934
659	947
659	950
659	953
659	961
659	979
659	982
659	987
659	991
659	996
659	997
660	712
660	742
660	743
660	786
660	798
660	804
660	817
660	848
660	863
660	865
660	870
660	874
660	880
660	905
661	425
661	445
661	448
661	495
661	525
661	578
661	602
661	647
661	714
661	717
661	728
661	821
662	197
662	433
662	753
662	764
662	767
662	768
662	772
662	776
662	822
662	861
662	867
662	882
662	900
662	916
662	919
662	921
662	922
662	931
663	15
663	700
663	740
663	750
663	777
663	836
663	873
663	876
663	885
663	902
663	909
663	911
663	929
663	965
664	50
664	348
664	934
664	947
664	950
664	961
664	966
664	969
664	982
664	987
664	990
664	991
664	996
664	997
665	575
665	617
665	624
665	673
665	684
665	688
665	727
665	736
665	737
665	739
665	754
665	760
665	784
665	810
665	977
666	554
666	568
666	582
666	598
666	634
666	667
666	676
666	677
666	733
666	744
666	757
666	781
666	783
666	972
667	196
667	497
667	568
667	582
667	598
667	634
667	666
667	676
667	677
667	733
667	744
667	757
667	781
667	783
668	586
668	635
668	639
668	655
668	683
668	752
668	759
668	791
668	802
668	838
668	839
668	841
668	869
668	992
669	426
669	700
669	740
669	750
669	777
669	821
669	833
669	836
669	873
669	876
669	885
669	902
669	909
669	911
669	929
670	501
670	753
670	764
670	767
670	768
670	769
670	776
670	779
670	822
670	861
670	867
670	882
670	900
670	916
670	919
670	921
670	922
670	931
671	574
671	594
671	625
671	698
671	706
671	707
671	721
671	722
671	729
671	732
671	734
671	745
671	755
671	961
672	72
672	939
672	941
672	948
672	951
672	962
672	964
672	974
672	983
672	985
672	986
672	988
672	992
672	993
672	994
672	995
672	999
673	575
673	624
673	650
673	665
673	684
673	688
673	736
673	737
673	739
673	754
673	760
673	784
673	810
674	331
674	579
674	592
674	601
674	603
674	636
674	646
674	656
674	657
674	675
674	680
674	710
674	723
674	738
674	929
675	579
675	592
675	601
675	603
675	636
675	646
675	656
675	657
675	674
675	680
675	710
675	723
675	738
675	884
676	550
676	554
676	568
676	582
676	634
676	666
676	667
676	733
676	744
676	757
676	781
676	783
676	928
677	467
677	568
677	582
677	598
677	634
677	666
677	667
677	733
677	744
677	757
677	781
677	783
677	866
678	282
678	742
678	743
678	786
678	798
678	804
678	848
678	863
678	865
678	870
678	874
678	880
678	905
678	955
679	712
679	743
679	786
679	798
679	804
679	832
679	848
679	863
679	865
679	870
679	874
679	880
679	905
680	35
680	579
680	592
680	601
680	603
680	636
680	646
680	656
680	657
680	674
680	675
680	693
680	710
680	723
680	738
681	586
681	616
681	635
681	639
681	683
681	693
681	719
681	752
681	759
681	791
681	802
681	838
681	839
681	841
681	869
681	969
682	112
682	507
682	509
682	572
682	610
682	626
682	691
682	692
682	695
682	702
682	705
682	720
682	749
682	761
682	762
682	782
683	616
683	632
683	635
683	639
683	668
683	681
683	719
683	752
683	791
683	795
683	802
683	838
683	839
683	841
683	869
684	304
684	575
684	617
684	624
684	665
684	673
684	688
684	727
684	736
684	737
684	739
684	760
684	784
684	810
684	842
685	623
685	637
685	686
685	712
685	741
685	742
685	786
685	798
685	804
685	805
685	863
685	865
685	870
685	874
685	880
685	905
685	970
686	685
686	689
686	712
686	741
686	742
686	743
686	786
686	798
686	804
686	805
686	817
686	848
686	863
686	865
686	870
686	874
686	905
687	715
687	771
687	778
687	787
687	788
687	819
687	828
687	833
687	847
687	851
687	859
687	862
687	864
687	895
687	907
687	920
688	567
688	575
688	617
688	624
688	665
688	673
688	684
688	727
688	736
688	737
688	739
688	754
688	760
688	784
688	810
688	824
689	637
689	686
689	698
689	712
689	741
689	742
689	786
689	798
689	804
689	819
689	848
689	863
689	865
689	870
689	874
689	880
689	905
690	567
690	619
690	771
690	778
690	788
690	799
690	819
690	828
690	833
690	851
690	862
690	864
690	895
690	920
691	507
691	572
691	610
691	619
691	626
691	682
691	692
691	695
691	702
691	705
691	720
691	749
691	761
691	762
691	782
691	1000
692	507
692	572
692	610
692	619
692	626
692	682
692	691
692	695
692	702
692	705
692	720
692	749
692	761
692	762
692	782
692	911
693	680
693	681
693	871
693	872
693	879
693	884
693	891
693	892
693	925
693	943
693	944
693	957
693	958
693	960
693	963
693	970
693	981
694	298
694	389
694	898
694	903
694	939
694	941
694	951
694	962
694	964
694	974
694	983
694	985
694	988
694	992
694	993
694	994
694	995
694	999
695	507
695	520
695	572
695	610
695	626
695	682
695	691
695	692
695	702
695	705
695	720
695	747
695	749
695	761
695	762
695	782
696	76
696	604
696	853
696	877
696	890
696	893
696	897
696	910
696	915
696	923
696	926
696	928
696	930
696	932
696	936
696	937
696	938
696	946
697	524
697	889
697	899
697	908
697	912
697	913
697	942
697	949
697	967
697	975
697	976
697	977
697	980
697	984
697	989
697	998
697	1000
698	522
698	574
698	594
698	596
698	611
698	625
698	671
698	689
698	706
698	707
698	721
698	722
698	729
698	732
698	734
698	745
698	755
698	809
699	411
699	614
699	704
699	709
699	711
699	724
699	773
699	793
699	796
699	806
699	820
699	823
699	825
699	829
699	830
699	837
700	620
700	663
700	669
700	740
700	742
700	750
700	821
700	836
700	873
700	876
700	885
700	902
700	909
700	911
700	916
700	929
701	844
701	853
701	877
701	890
701	893
701	908
701	910
701	915
701	926
701	928
701	930
701	932
701	936
701	937
701	938
701	946
702	201
702	258
702	507
702	572
702	610
702	626
702	682
702	691
702	692
702	695
702	705
702	720
702	749
702	761
702	762
702	782
703	429
703	463
703	484
703	516
703	519
703	586
703	595
703	609
703	621
703	642
703	650
703	651
703	746
703	747
704	614
704	653
704	699
704	709
704	711
704	724
704	773
704	793
704	796
704	806
704	820
704	823
704	825
704	829
704	830
704	837
705	507
705	572
705	610
705	619
705	626
705	682
705	691
705	692
705	695
705	702
705	720
705	749
705	761
705	762
705	782
705	823
705	891
706	522
706	574
706	589
706	594
706	596
706	611
706	625
706	671
706	698
706	707
706	721
706	722
706	729
706	732
706	734
706	745
706	755
706	964
707	522
707	589
707	594
707	596
707	611
707	625
707	671
707	698
707	706
707	711
707	721
707	722
707	729
707	732
707	734
707	745
707	755
708	634
708	837
708	852
708	857
708	883
708	899
708	908
708	912
708	913
708	942
708	949
708	967
708	975
708	976
708	977
708	980
708	984
708	989
708	998
708	1000
709	600
709	614
709	629
709	699
709	704
709	711
709	773
709	793
709	796
709	806
709	820
709	823
709	825
709	829
709	830
709	837
709	998
710	473
710	485
710	538
710	556
710	579
710	592
710	601
710	603
710	636
710	646
710	656
710	657
710	674
710	675
710	680
710	723
710	738
710	904
711	614
711	699
711	704
711	707
711	709
711	724
711	738
711	773
711	793
711	796
711	820
711	823
711	825
711	829
711	830
711	837
712	219
712	660
712	679
712	685
712	686
712	689
712	741
712	742
712	743
712	798
712	805
712	848
712	863
712	865
712	870
712	874
712	880
712	905
712	931
713	776
713	813
713	815
713	844
713	853
713	857
713	877
713	890
713	893
713	897
713	910
713	915
713	923
713	926
713	928
713	930
713	932
713	936
713	937
713	938
713	946
714	364
714	365
714	372
714	407
714	425
714	433
714	445
714	448
714	495
714	525
714	578
714	602
714	647
714	661
714	717
714	728
714	985
715	687
715	771
715	788
715	799
715	819
715	828
715	833
715	847
715	851
715	859
715	862
715	864
715	895
715	907
715	914
715	920
716	166
716	590
716	835
716	842
716	850
716	855
716	871
716	872
716	884
716	891
716	892
716	896
716	925
716	927
716	943
716	944
716	957
716	958
716	960
716	963
716	970
716	981
717	290
717	364
717	365
717	372
717	407
717	425
717	433
717	445
717	448
717	495
717	525
717	578
717	602
717	647
717	661
717	714
717	728
717	804
718	903
718	939
718	941
718	948
718	951
718	962
718	964
718	974
718	979
718	983
718	985
718	986
718	988
718	992
718	993
718	994
718	995
718	999
719	555
719	586
719	632
719	635
719	655
719	681
719	683
719	752
719	759
719	791
719	802
719	829
719	838
719	839
719	841
719	869
719	940
720	169
720	479
720	532
720	572
720	610
720	619
720	626
720	682
720	691
720	692
720	695
720	702
720	705
720	721
720	749
720	761
720	762
720	782
721	522
721	574
721	589
721	596
721	611
721	625
721	671
721	698
721	706
721	707
721	720
721	722
721	729
721	732
721	734
721	745
721	755
721	798
722	522
722	574
722	589
722	594
722	596
722	611
722	625
722	671
722	698
722	706
722	707
722	721
722	729
722	732
722	734
722	745
722	755
722	913
723	473
723	485
723	538
723	556
723	579
723	592
723	601
723	603
723	636
723	646
723	656
723	657
723	674
723	675
723	680
723	710
723	738
723	962
723	985
724	551
724	600
724	614
724	641
724	699
724	704
724	711
724	773
724	793
724	796
724	806
724	820
724	823
724	825
724	829
724	830
724	837
725	753
725	764
725	767
725	768
725	772
725	776
725	779
725	822
725	867
725	882
725	900
725	916
725	919
725	921
725	922
725	931
725	976
726	438
726	795
726	854
726	860
726	866
726	878
726	887
726	917
726	933
726	935
726	945
726	952
726	954
726	955
726	956
726	959
726	965
726	968
726	971
726	972
726	973
726	978
727	575
727	580
727	587
727	607
727	617
727	624
727	665
727	684
727	688
727	736
727	737
727	739
727	754
727	760
727	784
727	810
727	905
728	364
728	365
728	372
728	407
728	425
728	433
728	445
728	448
728	495
728	525
728	578
728	602
728	647
728	661
728	714
728	717
728	996
729	522
729	574
729	589
729	594
729	596
729	611
729	625
729	671
729	698
729	706
729	707
729	721
729	722
729	732
729	734
729	745
729	755
729	826
729	986
730	802
730	894
730	901
730	904
730	940
730	947
730	953
730	961
730	966
730	969
730	979
730	982
730	987
730	990
730	991
730	996
730	997
731	429
731	618
731	843
731	857
731	881
731	883
731	888
731	889
731	899
731	912
731	942
731	949
731	967
731	975
731	976
731	977
731	980
731	984
731	989
731	998
731	1000
732	522
732	549
732	574
732	589
732	594
732	596
732	611
732	625
732	671
732	698
732	706
732	707
732	721
732	722
732	729
732	734
732	745
732	755
732	982
733	509
733	550
733	554
733	566
733	568
733	582
733	598
733	634
733	666
733	667
733	676
733	677
733	744
733	757
733	781
733	783
733	1000
734	522
734	574
734	589
734	594
734	596
734	611
734	625
734	671
734	698
734	706
734	707
734	721
734	722
734	729
734	732
734	745
734	755
734	992
735	835
735	842
735	846
735	854
735	855
735	871
735	872
735	879
735	884
735	891
735	892
735	896
735	925
735	927
735	943
735	944
735	957
735	958
735	960
735	963
735	970
735	974
735	981
736	514
736	575
736	580
736	587
736	607
736	608
736	617
736	624
736	665
736	673
736	684
736	688
736	727
736	737
736	739
736	754
736	760
736	784
736	810
737	523
737	575
737	580
737	607
737	608
737	617
737	624
737	665
737	673
737	684
737	688
737	727
737	736
737	754
737	760
737	784
737	810
737	838
738	360
738	440
738	444
738	451
738	454
738	473
738	485
738	515
738	533
738	538
738	556
738	579
738	592
738	601
738	603
738	636
738	646
738	656
738	657
738	674
738	675
738	680
738	710
738	711
738	723
739	575
739	580
739	607
739	608
739	617
739	624
739	665
739	673
739	684
739	688
739	727
739	736
739	754
739	760
739	784
739	810
739	848
740	143
740	597
740	663
740	669
740	700
740	750
740	821
740	836
740	871
740	873
740	876
740	885
740	902
740	909
740	911
740	929
741	421
741	685
741	686
741	689
741	712
741	742
741	743
741	786
741	798
741	804
741	805
741	848
741	863
741	865
741	870
741	874
741	880
741	905
741	941
742	505
742	637
742	660
742	678
742	685
742	686
742	689
742	700
742	712
742	741
742	743
742	786
742	798
742	804
742	805
742	848
742	863
742	865
742	870
742	874
742	880
742	905
743	637
743	660
743	678
743	679
743	686
743	712
743	741
743	742
743	798
743	804
743	805
743	848
743	863
743	865
743	870
743	874
743	880
743	905
743	979
744	509
744	550
744	552
744	566
744	568
744	582
744	598
744	634
744	666
744	667
744	676
744	677
744	733
744	757
744	781
744	783
744	787
745	489
745	522
745	574
745	589
745	594
745	596
745	611
745	625
745	671
745	698
745	706
745	707
745	721
745	722
745	729
745	732
745	734
745	755
745	848
745	961
746	97
746	315
746	394
746	400
746	417
746	429
746	463
746	484
746	516
746	519
746	595
746	609
746	621
746	642
746	650
746	651
746	703
746	747
746	908
746	963
747	315
747	394
747	400
747	417
747	429
747	463
747	484
747	516
747	519
747	595
747	609
747	621
747	642
747	650
747	651
747	695
747	703
747	746
747	895
748	510
748	843
748	852
748	857
748	881
748	883
748	888
748	889
748	899
748	912
748	913
748	942
748	949
748	967
748	975
748	976
748	977
748	980
748	984
748	989
748	998
748	1000
749	479
749	507
749	532
749	572
749	581
749	610
749	619
749	626
749	682
749	691
749	692
749	695
749	702
749	705
749	720
749	761
749	762
749	782
749	879
750	563
750	597
750	663
750	669
750	700
750	740
750	777
750	836
750	873
750	876
750	885
750	902
750	909
750	911
750	929
751	857
751	886
751	903
751	939
751	941
751	948
751	951
751	964
751	974
751	983
751	985
751	986
751	988
751	992
751	993
751	994
751	995
751	999
752	417
752	461
752	466
752	555
752	586
752	616
752	632
752	635
752	639
752	668
752	681
752	683
752	719
752	759
752	802
752	838
752	839
752	841
752	869
753	526
753	640
753	662
753	670
753	725
753	767
753	772
753	776
753	779
753	822
753	861
753	867
753	882
753	900
753	916
753	919
753	921
753	922
753	931
754	575
754	580
754	587
754	607
754	608
754	617
754	624
754	665
754	673
754	688
754	727
754	736
754	737
754	739
754	760
754	784
754	810
754	969
755	469
755	486
755	489
755	493
755	496
755	522
755	574
755	589
755	594
755	596
755	611
755	625
755	671
755	698
755	706
755	707
755	721
755	722
755	729
755	732
755	734
755	745
755	937
755	968
756	854
756	860
756	866
756	878
756	887
756	914
756	916
756	917
756	918
756	933
756	935
756	945
756	952
756	954
756	955
756	956
756	959
756	965
756	968
756	971
756	972
756	973
756	978
757	350
757	428
757	432
757	441
757	509
757	550
757	554
757	566
757	568
757	582
757	634
757	666
757	667
757	676
757	677
757	733
757	744
757	781
757	783
757	932
758	780
758	797
758	813
758	815
758	816
758	844
758	853
758	877
758	890
758	893
758	897
758	907
758	910
758	915
758	923
758	926
758	928
758	930
758	932
758	936
758	937
758	938
758	946
758	992
759	466
759	586
759	616
759	632
759	635
759	639
759	655
759	668
759	681
759	719
759	752
759	791
759	802
759	838
759	839
759	841
759	869
759	964
759	993
760	456
760	465
760	487
760	488
760	504
760	580
760	587
760	607
760	608
760	617
760	624
760	665
760	673
760	684
760	688
760	727
760	736
760	737
760	739
760	754
760	767
760	784
760	810
760	821
761	420
761	479
761	507
761	532
761	550
761	572
761	610
761	619
761	626
761	682
761	691
761	692
761	695
761	702
761	705
761	720
761	749
761	762
761	782
761	975
762	420
762	479
762	507
762	532
762	572
762	610
762	619
762	626
762	682
762	691
762	692
762	695
762	702
762	705
762	720
762	749
762	761
762	782
762	836
762	869
763	778
763	780
763	797
763	813
763	815
763	844
763	853
763	877
763	890
763	893
763	897
763	906
763	910
763	915
763	923
763	926
763	928
763	930
763	932
763	936
763	937
763	938
763	946
764	351
764	550
764	640
764	662
764	670
764	725
764	767
764	768
764	772
764	776
764	779
764	822
764	861
764	867
764	882
764	900
764	916
764	919
764	921
764	922
764	931
765	536
765	809
765	824
765	826
765	845
765	901
765	906
765	924
765	934
765	940
765	947
765	950
765	953
765	955
765	966
765	982
765	987
765	990
765	991
765	996
765	997
766	469
766	800
766	831
766	852
766	883
766	888
766	889
766	899
766	908
766	912
766	913
766	942
766	949
766	975
766	976
766	977
766	980
766	984
766	989
766	998
766	1000
767	5
767	662
767	670
767	725
767	753
767	760
767	764
767	768
767	772
767	776
767	779
767	822
767	861
767	867
767	882
767	900
767	916
767	919
767	921
767	922
767	931
768	564
768	662
768	670
768	725
768	764
768	767
768	776
768	779
768	822
768	861
768	867
768	882
768	900
768	916
768	919
768	921
768	922
768	931
768	979
769	64
769	670
769	824
769	840
769	845
769	906
769	924
769	934
769	940
769	947
769	950
769	953
769	961
769	966
769	969
769	979
769	982
769	987
769	990
769	991
769	996
769	997
770	371
770	547
770	840
770	845
770	849
770	894
770	904
770	906
770	924
770	947
770	950
770	953
770	961
770	966
770	969
770	979
770	982
770	987
770	991
770	996
770	997
771	567
771	622
771	633
771	687
771	690
771	715
771	778
771	788
771	819
771	833
771	851
771	859
771	862
771	864
771	895
771	907
771	915
771	920
771	924
772	662
772	725
772	753
772	764
772	767
772	776
772	779
772	822
772	861
772	867
772	882
772	900
772	916
772	919
772	921
772	922
772	931
772	950
772	988
773	312
773	600
773	629
773	699
773	704
773	709
773	711
773	724
773	793
773	796
773	806
773	820
773	823
773	825
773	829
773	830
773	837
773	926
774	655
774	854
774	860
774	866
774	878
774	887
774	914
774	917
774	918
774	933
774	935
774	945
774	952
774	954
774	955
774	956
774	959
774	965
774	968
774	971
774	972
774	973
774	978
775	814
775	834
775	856
775	858
775	868
775	875
775	898
775	903
775	939
775	948
775	951
775	962
775	964
775	974
775	983
775	985
775	986
775	988
775	992
775	993
775	994
775	995
775	999
776	640
776	662
776	670
776	713
776	725
776	753
776	764
776	767
776	768
776	772
776	779
776	822
776	861
776	882
776	900
776	916
776	919
776	921
776	922
776	931
776	990
777	330
777	457
777	518
777	521
777	557
777	620
777	663
777	669
777	750
777	821
777	836
777	873
777	876
777	885
777	902
777	909
777	911
777	929
777	974
778	459
778	567
778	622
778	687
778	690
778	763
778	771
778	788
778	799
778	819
778	828
778	833
778	847
778	851
778	859
778	862
778	864
778	895
778	907
778	920
779	159
779	374
779	670
779	725
779	753
779	764
779	767
779	768
779	772
779	776
779	822
779	861
779	867
779	882
779	900
779	916
779	919
779	921
779	922
779	931
780	57
780	589
780	758
780	763
780	797
780	813
780	815
780	844
780	853
780	877
780	890
780	897
780	910
780	923
780	926
780	928
780	930
780	932
780	936
780	937
780	938
780	946
781	88
781	350
781	398
781	428
781	432
781	438
781	441
781	509
781	550
781	554
781	566
781	568
781	582
781	598
781	634
781	666
781	667
781	676
781	677
781	733
781	744
781	757
781	783
781	957
782	84
782	378
782	381
782	393
782	420
782	479
782	507
782	532
782	572
782	610
782	619
782	626
782	682
782	691
782	692
782	695
782	702
782	705
782	720
782	749
782	761
782	762
782	901
783	69
783	350
783	398
783	428
783	432
783	438
783	441
783	509
783	550
783	554
783	566
783	568
783	582
783	598
783	634
783	666
783	667
783	676
783	677
783	733
783	744
783	757
783	781
783	978
784	465
784	488
784	504
784	523
784	575
784	580
784	587
784	608
784	617
784	624
784	635
784	665
784	673
784	684
784	688
784	727
784	736
784	737
784	739
784	754
784	760
784	810
784	984
785	508
785	810
785	816
785	856
785	858
785	868
785	875
785	886
785	903
785	939
785	941
785	951
785	962
785	964
785	974
785	983
785	985
785	986
785	988
785	992
785	993
785	994
785	995
785	999
786	359
786	592
786	593
786	660
786	678
786	679
786	685
786	686
786	689
786	741
786	742
786	798
786	804
786	805
786	819
786	848
786	863
786	865
786	870
786	874
786	880
786	905
787	687
787	744
787	790
787	797
787	813
787	815
787	816
787	844
787	853
787	877
787	890
787	893
787	897
787	910
787	915
787	923
787	926
787	928
787	930
787	932
787	936
787	937
787	938
787	946
788	622
788	633
788	687
788	690
788	715
788	771
788	778
788	799
788	819
788	828
788	830
788	833
788	847
788	851
788	859
788	862
788	864
788	872
788	895
788	907
788	920
789	616
789	629
789	860
789	866
789	878
789	887
789	914
789	917
789	918
789	933
789	935
789	945
789	952
789	954
789	955
789	956
789	959
789	965
789	968
789	971
789	972
789	973
789	978
790	437
790	787
790	797
790	813
790	815
790	816
790	844
790	853
790	877
790	890
790	893
790	897
790	910
790	915
790	923
790	926
790	928
790	930
790	932
790	936
790	937
790	938
790	946
790	974
791	409
791	455
791	466
791	555
791	586
791	616
791	632
791	635
791	639
791	655
791	668
791	681
791	683
791	719
791	759
791	802
791	838
791	839
791	841
791	869
791	985
792	826
792	832
792	845
792	849
792	894
792	901
792	904
792	906
792	924
792	934
792	940
792	947
792	950
792	953
792	961
792	966
792	969
792	979
792	980
792	987
792	990
792	991
792	996
792	997
793	345
793	468
793	543
793	565
793	600
793	614
793	629
793	699
793	704
793	709
793	711
793	724
793	773
793	796
793	806
793	820
793	823
793	825
793	829
793	830
793	837
793	972
794	366
794	405
794	854
794	860
794	866
794	878
794	887
794	914
794	917
794	918
794	933
794	935
794	945
794	952
794	954
794	955
794	956
794	959
794	965
794	968
794	971
794	972
794	973
794	978
795	683
795	726
795	834
795	856
795	858
795	868
795	886
795	898
795	941
795	948
795	951
795	962
795	964
795	974
795	983
795	985
795	986
795	988
795	992
795	993
795	994
795	995
795	999
796	468
796	541
796	543
796	565
796	600
796	614
796	629
796	699
796	704
796	709
796	711
796	724
796	773
796	793
796	806
796	820
796	823
796	825
796	829
796	830
796	837
796	971
797	758
797	763
797	780
797	787
797	790
797	815
797	816
797	844
797	877
797	893
797	897
797	910
797	915
797	923
797	926
797	928
797	930
797	932
797	936
797	937
797	938
797	946
797	955
797	988
798	263
798	593
798	637
798	648
798	660
798	678
798	679
798	685
798	686
798	689
798	712
798	721
798	741
798	742
798	743
798	786
798	804
798	805
798	848
798	863
798	865
798	870
798	874
798	880
798	905
799	16
799	539
799	570
799	622
799	633
799	690
799	715
799	778
799	788
799	819
799	828
799	833
799	847
799	851
799	859
799	862
799	864
799	895
799	907
799	920
799	940
800	625
800	766
800	831
800	843
800	852
800	881
800	883
800	888
800	889
800	899
800	912
800	913
800	935
800	942
800	949
800	967
800	975
800	976
800	977
800	980
800	984
800	989
800	998
800	1000
801	34
801	811
801	831
801	843
801	852
801	857
801	881
801	883
801	887
801	888
801	889
801	899
801	908
801	912
801	913
801	942
801	967
801	975
801	976
801	977
801	980
801	984
801	989
801	998
801	1000
802	59
802	452
802	455
802	555
802	586
802	616
802	632
802	635
802	639
802	655
802	668
802	681
802	683
802	719
802	730
802	752
802	759
802	791
802	838
802	839
802	841
802	869
803	487
803	620
803	834
803	856
803	858
803	868
803	886
803	898
803	903
803	939
803	941
803	948
803	951
803	962
803	964
803	974
803	983
803	985
803	986
803	988
803	992
803	993
803	994
803	995
803	999
804	569
804	593
804	637
804	648
804	660
804	678
804	679
804	685
804	686
804	689
804	717
804	741
804	742
804	743
804	786
804	798
804	805
804	848
804	863
804	865
804	870
804	874
804	880
804	905
805	497
805	524
805	540
805	585
805	637
805	648
805	685
805	686
805	712
805	741
805	742
805	743
805	786
805	798
805	804
805	820
805	848
805	863
805	865
805	870
805	874
805	880
805	905
805	915
806	419
806	454
806	468
806	541
806	543
806	565
806	600
806	614
806	629
806	699
806	704
806	709
806	724
806	773
806	793
806	796
806	820
806	823
806	825
806	829
806	830
806	837
807	654
807	814
807	818
807	827
807	835
807	842
807	846
807	850
807	855
807	871
807	872
807	879
807	884
807	891
807	892
807	896
807	925
807	927
807	943
807	944
807	957
807	958
807	960
807	963
807	970
807	981
807	989
808	240
808	528
808	856
808	858
808	875
808	886
808	898
808	903
808	939
808	941
808	948
808	951
808	962
808	964
808	974
808	983
808	985
808	986
808	988
808	992
808	993
808	994
808	995
808	999
809	698
809	765
809	824
809	826
809	840
809	855
809	894
809	901
809	904
809	906
809	924
809	934
809	940
809	947
809	950
809	953
809	961
809	966
809	969
809	979
809	982
809	987
809	990
809	991
809	996
809	997
810	207
810	311
810	322
810	395
810	456
810	465
810	487
810	488
810	504
810	523
810	575
810	580
810	587
810	607
810	608
810	617
810	624
810	665
810	673
810	684
810	688
810	727
810	736
810	737
810	739
810	754
810	760
810	784
810	785
811	215
811	801
811	881
811	883
811	888
811	889
811	899
811	908
811	912
811	913
811	942
811	949
811	964
811	967
811	975
811	976
811	977
811	980
811	984
811	989
811	998
811	1000
812	840
812	845
812	849
812	894
812	901
812	904
812	906
812	924
812	934
812	940
812	943
812	947
812	950
812	953
812	961
812	966
812	969
812	979
812	982
812	987
812	990
812	991
812	996
812	997
813	713
813	758
813	763
813	780
813	787
813	790
813	815
813	816
813	844
813	877
813	888
813	890
813	893
813	897
813	900
813	910
813	915
813	923
813	926
813	928
813	930
813	932
813	936
813	937
813	938
813	946
813	979
814	506
814	775
814	807
814	818
814	827
814	835
814	842
814	846
814	850
814	855
814	871
814	872
814	879
814	884
814	891
814	892
814	896
814	925
814	927
814	943
814	944
814	957
814	958
814	960
814	963
814	970
814	981
815	534
815	713
815	758
815	763
815	780
815	787
815	790
815	797
815	813
815	816
815	853
815	877
815	890
815	893
815	897
815	910
815	915
815	923
815	928
815	930
815	932
815	936
815	937
815	938
815	946
816	758
816	785
816	787
816	790
816	797
816	813
816	815
816	844
816	853
816	877
816	890
816	893
816	897
816	910
816	915
816	920
816	923
816	926
816	928
816	930
816	932
816	936
816	937
816	938
816	946
817	660
817	686
817	854
817	860
817	878
817	887
817	914
817	917
817	918
817	933
817	935
817	945
817	952
817	954
817	955
817	956
817	959
817	965
817	968
817	971
817	972
817	973
817	978
818	73
818	447
818	807
818	814
818	827
818	835
818	842
818	846
818	850
818	855
818	871
818	872
818	879
818	884
818	891
818	892
818	896
818	925
818	927
818	943
818	944
818	957
818	958
818	960
818	963
818	970
818	981
819	504
819	539
819	567
819	570
819	622
819	687
819	689
819	690
819	715
819	771
819	778
819	786
819	788
819	799
819	828
819	833
819	847
819	851
819	859
819	862
819	864
819	895
819	907
819	920
820	468
820	541
820	543
820	565
820	600
820	614
820	629
820	699
820	704
820	709
820	711
820	724
820	773
820	793
820	796
820	805
820	806
820	823
820	825
820	829
820	830
820	837
820	989
821	457
821	499
821	518
821	557
821	558
821	591
821	597
821	661
821	669
821	700
821	740
821	760
821	777
821	836
821	873
821	876
821	885
821	902
821	909
821	911
821	929
822	316
822	363
822	640
822	662
822	670
822	725
822	753
822	764
822	767
822	768
822	772
822	776
822	779
822	861
822	867
822	882
822	900
822	916
822	919
822	921
822	922
822	931
823	459
823	471
823	541
823	543
823	565
823	600
823	614
823	629
823	699
823	704
823	705
823	709
823	711
823	724
823	773
823	793
823	796
823	806
823	820
823	825
823	829
823	830
823	835
823	837
824	522
824	688
824	765
824	769
824	809
824	826
824	832
824	840
824	849
824	901
824	904
824	906
824	924
824	934
824	940
824	947
824	950
824	953
824	958
824	961
824	966
824	969
824	979
824	982
824	987
824	990
824	991
824	996
824	997
825	171
825	468
825	541
825	543
825	565
825	600
825	614
825	629
825	699
825	704
825	709
825	711
825	724
825	773
825	793
825	796
825	806
825	820
825	823
825	829
825	830
825	837
825	901
826	179
826	576
826	729
826	765
826	792
826	809
826	824
826	832
826	849
826	894
826	901
826	904
826	906
826	924
826	934
826	940
826	950
826	953
826	961
826	966
826	969
826	979
826	982
826	987
826	990
826	991
826	996
826	997
827	11
827	807
827	814
827	818
827	835
827	842
827	846
827	850
827	855
827	860
827	871
827	872
827	879
827	884
827	891
827	892
827	896
827	925
827	927
827	943
827	944
827	957
827	958
827	960
827	963
827	970
827	981
827	988
828	122
828	570
828	622
828	633
828	687
828	690
828	715
828	778
828	788
828	799
828	819
828	847
828	851
828	859
828	862
828	864
828	895
828	907
828	920
828	983
829	87
829	468
829	541
829	543
829	565
829	600
829	614
829	629
829	699
829	704
829	709
829	711
829	719
829	724
829	773
829	793
829	796
829	806
829	820
829	823
829	825
829	830
829	837
829	868
830	338
830	382
830	468
830	541
830	543
830	565
830	600
830	614
830	629
830	699
830	704
830	709
830	711
830	724
830	773
830	788
830	793
830	796
830	806
830	820
830	823
830	825
830	829
830	837
831	308
831	766
831	800
831	801
831	843
831	852
831	857
831	880
831	881
831	883
831	888
831	899
831	908
831	912
831	942
831	949
831	967
831	975
831	976
831	977
831	980
831	984
831	989
831	998
831	1000
832	200
832	638
832	679
832	792
832	824
832	826
832	840
832	845
832	849
832	894
832	901
832	904
832	906
832	924
832	934
832	940
832	947
832	950
832	953
832	961
832	969
832	979
832	982
832	987
832	990
832	991
832	996
832	997
833	539
833	567
833	570
833	622
833	633
833	669
833	687
833	690
833	715
833	771
833	778
833	788
833	799
833	819
833	847
833	851
833	859
833	862
833	864
833	895
833	907
833	920
833	967
834	775
834	795
834	803
834	842
834	858
834	868
834	875
834	886
834	898
834	903
834	939
834	941
834	945
834	951
834	962
834	964
834	974
834	983
834	985
834	986
834	988
834	992
834	993
834	994
834	995
834	999
835	716
835	735
835	807
835	814
835	818
835	823
835	827
835	842
835	846
835	850
835	855
835	871
835	872
835	879
835	884
835	891
835	896
835	925
835	927
835	943
835	944
835	957
835	958
835	960
835	963
835	970
835	973
835	981
836	457
836	499
836	518
836	557
836	558
836	597
836	620
836	663
836	669
836	700
836	740
836	750
836	762
836	777
836	821
836	873
836	876
836	885
836	902
836	909
836	911
836	918
836	929
836	997
837	415
837	459
837	468
837	471
837	541
837	543
837	565
837	600
837	614
837	629
837	699
837	704
837	708
837	709
837	711
837	724
837	773
837	793
837	796
837	806
837	820
837	823
837	825
837	829
837	830
837	900
838	435
838	452
838	455
838	464
838	466
838	555
838	577
838	586
838	616
838	632
838	635
838	639
838	655
838	668
838	681
838	683
838	719
838	737
838	752
838	759
838	791
838	802
838	839
838	841
838	869
839	271
839	295
839	435
839	452
839	455
839	464
839	466
839	545
839	555
839	586
839	616
839	632
839	635
839	639
839	648
839	668
839	681
839	683
839	719
839	752
839	759
839	791
839	802
839	838
839	841
839	869
840	38
840	205
840	287
840	769
840	770
840	809
840	812
840	824
840	832
840	849
840	894
840	901
840	904
840	906
840	924
840	934
840	940
840	947
840	950
840	961
840	966
840	969
840	979
840	982
840	987
840	990
840	991
840	996
840	997
841	326
841	386
841	435
841	452
841	455
841	464
841	466
841	530
841	555
841	586
841	616
841	632
841	635
841	639
841	655
841	668
841	681
841	683
841	719
841	752
841	759
841	791
841	802
841	838
841	839
841	869
842	684
842	716
842	735
842	807
842	814
842	818
842	827
842	834
842	835
842	846
842	850
842	855
842	871
842	872
842	879
842	884
842	891
842	892
842	896
842	925
842	927
842	943
842	944
842	957
842	958
842	960
842	963
842	970
842	981
843	102
843	309
843	466
843	731
843	748
843	800
843	801
843	831
843	852
843	857
843	881
843	883
843	888
843	889
843	899
843	908
843	912
843	913
843	942
843	949
843	967
843	975
843	976
843	977
843	980
843	989
843	998
843	1000
844	652
844	701
844	713
844	758
844	763
844	780
844	787
844	790
844	797
844	813
844	816
844	853
844	874
844	877
844	890
844	893
844	897
844	910
844	915
844	923
844	926
844	928
844	932
844	936
844	937
844	938
844	946
845	765
845	769
845	770
845	792
845	812
845	832
845	849
845	888
845	894
845	901
845	904
845	906
845	924
845	934
845	940
845	947
845	950
845	953
845	961
845	966
845	969
845	979
845	982
845	987
845	990
845	991
845	996
845	997
846	451
846	588
846	735
846	807
846	814
846	818
846	827
846	835
846	842
846	850
846	855
846	871
846	872
846	879
846	891
846	892
846	896
846	925
846	927
846	943
846	944
846	957
846	958
846	960
846	963
846	970
846	981
846	990
847	230
847	434
847	539
847	544
847	567
847	570
847	622
847	632
847	633
847	687
847	715
847	778
847	788
847	799
847	819
847	828
847	833
847	851
847	859
847	862
847	864
847	895
847	907
847	920
848	241
848	497
848	524
848	540
848	585
848	593
848	637
848	648
848	660
848	678
848	679
848	686
848	689
848	712
848	739
848	741
848	742
848	743
848	745
848	786
848	798
848	804
848	805
848	863
848	865
848	870
848	874
848	880
848	905
849	315
849	770
849	792
849	812
849	824
849	826
849	832
849	840
849	845
849	894
849	901
849	906
849	924
849	934
849	940
849	947
849	950
849	953
849	961
849	978
849	979
849	982
849	987
849	990
849	991
849	996
849	997
850	612
850	716
850	807
850	814
850	818
850	827
850	835
850	842
850	846
850	855
850	871
850	872
850	879
850	884
850	891
850	892
850	896
850	925
850	927
850	943
850	944
850	957
850	958
850	960
850	963
850	970
850	981
850	995
851	299
851	407
851	511
851	539
851	567
851	570
851	622
851	633
851	687
851	690
851	715
851	771
851	778
851	788
851	799
851	819
851	828
851	833
851	847
851	859
851	862
851	864
851	895
851	907
851	920
852	242
852	477
852	582
852	708
852	748
852	766
852	800
852	801
852	831
852	843
852	857
852	881
852	883
852	888
852	889
852	899
852	908
852	912
852	913
852	942
852	949
852	967
852	975
852	976
852	977
852	980
852	984
852	989
852	998
852	1000
853	63
853	533
853	652
853	696
853	701
853	713
853	758
853	763
853	780
853	787
853	790
853	815
853	816
853	844
853	877
853	890
853	893
853	897
853	910
853	912
853	915
853	923
853	926
853	928
853	930
853	932
853	936
853	937
853	938
853	946
854	726
854	735
854	756
854	774
854	794
854	817
854	860
854	866
854	878
854	887
854	914
854	917
854	918
854	933
854	935
854	945
854	952
854	954
854	955
854	956
854	959
854	965
854	968
854	971
854	972
854	973
854	978
854	997
855	45
855	596
855	716
855	735
855	807
855	809
855	814
855	818
855	827
855	835
855	842
855	846
855	850
855	871
855	872
855	879
855	884
855	891
855	892
855	896
855	925
855	927
855	943
855	944
855	957
855	958
855	960
855	963
855	970
855	981
856	775
856	785
856	795
856	803
856	808
856	858
856	868
856	875
856	886
856	903
856	914
856	939
856	941
856	948
856	951
856	962
856	964
856	974
856	981
856	985
856	986
856	988
856	992
856	993
856	994
856	995
856	999
857	708
857	713
857	731
857	748
857	751
857	801
857	831
857	843
857	852
857	881
857	883
857	888
857	889
857	899
857	908
857	912
857	913
857	942
857	949
857	967
857	975
857	976
857	977
857	980
857	984
857	989
857	998
857	1000
858	44
858	628
858	637
858	775
858	785
858	795
858	803
858	808
858	834
858	856
858	868
858	875
858	886
858	898
858	903
858	939
858	941
858	948
858	951
858	962
858	964
858	974
858	983
858	985
858	986
858	988
858	992
858	993
858	994
858	995
858	999
859	185
859	464
859	494
859	539
859	567
859	570
859	622
859	633
859	687
859	715
859	771
859	778
859	788
859	799
859	819
859	828
859	833
859	847
859	851
859	862
859	864
859	895
859	907
859	920
860	726
860	756
860	774
860	789
860	794
860	817
860	827
860	854
860	866
860	878
860	887
860	914
860	917
860	918
860	921
860	933
860	935
860	945
860	952
860	954
860	955
860	956
860	959
860	965
860	968
860	971
860	972
860	973
860	978
861	517
861	534
861	561
861	583
861	590
861	640
861	662
861	670
861	753
861	764
861	767
861	768
861	772
861	776
861	779
861	822
861	867
861	882
861	900
861	916
861	919
861	921
861	922
861	931
861	948
862	48
862	539
862	559
862	567
862	570
862	622
862	633
862	687
862	690
862	715
862	771
862	778
862	788
862	799
862	819
862	828
862	833
862	847
862	851
862	859
862	864
862	895
862	907
862	920
862	989
863	339
863	426
863	434
863	497
863	524
863	540
863	578
863	585
863	593
863	637
863	648
863	660
863	678
863	679
863	685
863	686
863	689
863	712
863	741
863	742
863	743
863	786
863	798
863	804
863	805
863	848
863	865
863	870
863	874
863	880
863	905
864	421
864	434
864	539
864	570
864	593
864	622
864	633
864	687
864	690
864	715
864	771
864	778
864	788
864	799
864	819
864	828
864	833
864	847
864	851
864	859
864	862
864	895
864	907
864	920
864	940
865	426
865	430
865	497
865	502
865	524
865	540
865	585
865	593
865	648
865	660
865	678
865	679
865	685
865	686
865	689
865	712
865	741
865	742
865	743
865	786
865	798
865	804
865	805
865	848
865	863
865	870
865	874
865	880
865	905
866	677
866	726
866	756
866	774
866	789
866	794
866	854
866	860
866	878
866	887
866	914
866	917
866	918
866	933
866	935
866	944
866	945
866	952
866	954
866	955
866	956
866	959
866	965
866	968
866	971
866	972
866	973
866	978
867	510
867	513
867	517
867	534
867	561
867	590
867	640
867	662
867	670
867	725
867	753
867	764
867	767
867	768
867	772
867	779
867	822
867	861
867	882
867	900
867	909
867	916
867	919
867	921
867	922
867	931
867	941
868	775
868	785
868	795
868	803
868	829
868	834
868	856
868	858
868	875
868	886
868	898
868	903
868	937
868	939
868	941
868	948
868	951
868	962
868	964
868	974
868	983
868	985
868	986
868	988
868	992
868	993
868	994
868	995
868	999
869	14
869	237
869	271
869	295
869	319
869	373
869	435
869	452
869	455
869	464
869	466
869	555
869	586
869	616
869	632
869	635
869	639
869	655
869	668
869	681
869	683
869	719
869	752
869	759
869	762
869	791
869	802
869	838
869	839
869	841
870	426
870	497
870	524
870	540
870	585
870	593
870	630
870	637
870	648
870	660
870	678
870	679
870	685
870	686
870	689
870	712
870	741
870	742
870	743
870	786
870	798
870	804
870	805
870	848
870	863
870	865
870	874
870	880
870	905
871	610
871	693
871	716
871	735
871	740
871	807
871	814
871	818
871	827
871	835
871	842
871	846
871	850
871	855
871	872
871	879
871	884
871	891
871	892
871	896
871	925
871	927
871	943
871	944
871	957
871	958
871	960
871	963
871	970
871	981
872	165
872	693
872	716
872	735
872	788
872	807
872	814
872	818
872	827
872	835
872	842
872	846
872	850
872	855
872	871
872	879
872	884
872	891
872	892
872	896
872	925
872	927
872	943
872	944
872	957
872	958
872	960
872	963
872	970
872	981
873	248
873	382
873	399
873	427
873	457
873	499
873	518
873	521
873	557
873	558
873	597
873	620
873	663
873	669
873	700
873	740
873	750
873	777
873	821
873	836
873	876
873	885
873	902
873	909
873	911
873	929
873	952
874	224
874	426
874	497
874	524
874	540
874	585
874	593
874	637
874	648
874	660
874	678
874	679
874	685
874	686
874	689
874	712
874	741
874	742
874	743
874	786
874	798
874	804
874	805
874	844
874	848
874	863
874	865
874	870
874	880
874	905
875	164
875	285
875	600
875	775
875	785
875	808
875	834
875	856
875	858
875	868
875	886
875	898
875	939
875	941
875	948
875	951
875	962
875	964
875	974
875	983
875	985
875	986
875	988
875	992
875	993
875	994
875	995
875	999
876	119
876	124
876	317
876	382
876	427
876	457
876	484
876	521
876	557
876	558
876	597
876	620
876	663
876	669
876	700
876	740
876	750
876	777
876	821
876	836
876	873
876	885
876	902
876	909
876	911
876	929
877	645
877	652
877	696
877	701
877	713
877	758
877	763
877	780
877	787
877	790
877	797
877	813
877	815
877	816
877	844
877	853
877	893
877	897
877	910
877	915
877	923
877	926
877	928
877	930
877	932
877	936
877	937
877	938
877	946
877	947
878	134
878	559
878	726
878	756
878	774
878	789
878	794
878	817
878	854
878	860
878	866
878	887
878	914
878	917
878	918
878	933
878	935
878	945
878	952
878	954
878	955
878	956
878	959
878	965
878	968
878	971
878	972
878	973
878	978
878	997
879	693
879	735
879	749
879	807
879	814
879	818
879	827
879	835
879	842
879	846
879	850
879	855
879	871
879	872
879	884
879	891
879	892
879	896
879	925
879	927
879	943
879	944
879	957
879	958
879	959
879	960
879	963
879	970
879	981
880	426
880	497
880	524
880	540
880	585
880	589
880	593
880	637
880	648
880	660
880	678
880	679
880	685
880	689
880	712
880	741
880	742
880	743
880	786
880	798
880	804
880	805
880	831
880	848
880	863
880	865
880	870
880	874
880	905
881	583
881	731
881	748
881	800
881	801
881	811
881	831
881	843
881	852
881	857
881	883
881	888
881	889
881	899
881	908
881	912
881	913
881	924
881	945
881	949
881	967
881	975
881	976
881	977
881	980
881	984
881	989
881	998
881	1000
882	80
882	510
882	513
882	517
882	534
882	583
882	590
882	640
882	662
882	670
882	725
882	753
882	764
882	767
882	768
882	772
882	776
882	779
882	822
882	861
882	867
882	890
882	900
882	916
882	919
882	921
882	922
882	931
882	962
882	992
883	259
883	708
883	731
883	748
883	766
883	800
883	801
883	811
883	831
883	843
883	852
883	857
883	881
883	888
883	889
883	899
883	912
883	913
883	942
883	946
883	949
883	967
883	975
883	976
883	977
883	980
883	984
883	989
883	998
883	999
883	1000
884	465
884	675
884	693
884	716
884	735
884	807
884	814
884	818
884	827
884	835
884	842
884	850
884	855
884	871
884	872
884	879
884	891
884	892
884	896
884	925
884	927
884	943
884	944
884	957
884	958
884	960
884	963
884	970
884	981
885	186
885	317
885	333
885	346
885	382
885	399
885	404
885	427
885	457
885	499
885	518
885	521
885	557
885	558
885	597
885	620
885	663
885	669
885	700
885	740
885	750
885	777
885	821
885	836
885	873
885	876
885	902
885	909
885	911
885	929
885	952
885	996
886	442
886	751
886	785
886	795
886	803
886	808
886	834
886	856
886	858
886	868
886	875
886	898
886	903
886	939
886	941
886	948
886	951
886	954
886	962
886	964
886	974
886	983
886	985
886	986
886	988
886	992
886	993
886	994
886	995
886	999
887	631
887	726
887	756
887	774
887	789
887	794
887	801
887	817
887	854
887	860
887	866
887	878
887	914
887	917
887	918
887	933
887	935
887	939
887	945
887	952
887	954
887	955
887	956
887	959
887	965
887	968
887	971
887	972
887	973
887	978
888	130
888	731
888	748
888	766
888	800
888	801
888	811
888	813
888	831
888	843
888	845
888	852
888	857
888	881
888	883
888	889
888	899
888	908
888	912
888	913
888	942
888	949
888	967
888	975
888	976
888	977
888	980
888	984
888	989
888	998
888	1000
889	608
889	697
889	731
889	748
889	766
889	800
889	801
889	811
889	843
889	852
889	857
889	881
889	883
889	888
889	899
889	908
889	912
889	913
889	942
889	965
889	967
889	975
889	976
889	977
889	980
889	984
889	989
889	998
889	1000
890	297
890	536
890	599
890	615
890	652
890	696
890	701
890	713
890	758
890	763
890	780
890	787
890	790
890	813
890	815
890	816
890	844
890	853
890	882
890	893
890	897
890	903
890	910
890	915
890	923
890	926
890	928
890	930
890	932
890	936
890	937
890	938
890	946
891	499
891	572
891	613
891	693
891	705
891	716
891	735
891	807
891	814
891	818
891	827
891	835
891	842
891	846
891	850
891	855
891	871
891	872
891	879
891	884
891	892
891	896
891	925
891	943
891	944
891	957
891	958
891	960
891	963
891	970
891	981
892	456
892	613
892	693
892	716
892	735
892	807
892	814
892	818
892	827
892	842
892	846
892	850
892	855
892	871
892	872
892	879
892	884
892	891
892	896
892	925
892	927
892	936
892	943
892	944
892	954
892	957
892	958
892	960
892	963
892	970
892	981
893	539
893	617
893	645
893	652
893	696
893	701
893	713
893	758
893	763
893	787
893	790
893	797
893	813
893	815
893	816
893	844
893	853
893	877
893	890
893	897
893	910
893	915
893	923
893	926
893	928
893	930
893	932
893	936
893	937
893	938
893	946
894	150
894	250
894	609
894	659
894	730
894	770
894	792
894	809
894	812
894	826
894	832
894	840
894	845
894	849
894	901
894	904
894	906
894	924
894	934
894	940
894	947
894	950
894	961
894	966
894	969
894	979
894	982
894	987
894	990
894	991
894	996
895	421
895	460
895	478
895	527
895	539
895	567
895	570
895	622
895	633
895	687
895	690
895	715
895	747
895	771
895	778
895	788
895	799
895	819
895	828
895	833
895	847
895	851
895	859
895	862
895	864
895	907
895	920
895	984
896	142
896	393
896	431
896	613
896	716
896	735
896	807
896	814
896	818
896	827
896	835
896	842
896	846
896	850
896	855
896	871
896	872
896	879
896	884
896	891
896	892
896	925
896	927
896	943
896	944
896	957
896	958
896	960
896	963
896	970
896	981
897	495
897	615
897	645
897	696
897	713
897	758
897	763
897	780
897	787
897	790
897	797
897	813
897	815
897	816
897	844
897	853
897	877
897	890
897	893
897	910
897	914
897	915
897	923
897	924
897	926
897	928
897	930
897	932
897	936
897	937
897	938
897	946
898	694
898	775
898	795
898	803
898	808
898	834
898	858
898	868
898	875
898	886
898	903
898	919
898	939
898	941
898	948
898	949
898	951
898	962
898	964
898	974
898	983
898	985
898	986
898	988
898	992
898	993
898	994
898	995
898	999
899	358
899	697
899	708
899	731
899	748
899	766
899	800
899	801
899	811
899	831
899	843
899	852
899	857
899	881
899	883
899	888
899	889
899	902
899	912
899	913
899	942
899	949
899	953
899	975
899	976
899	977
899	980
899	984
899	989
899	998
899	1000
900	510
900	513
900	517
900	534
900	561
900	583
900	590
900	640
900	662
900	670
900	725
900	753
900	764
900	767
900	768
900	772
900	776
900	779
900	813
900	822
900	837
900	861
900	867
900	882
900	916
900	919
900	921
900	922
900	931
900	975
901	659
901	730
901	765
901	782
901	792
901	809
901	812
901	824
901	825
901	826
901	832
901	840
901	845
901	849
901	894
901	904
901	906
901	924
901	940
901	947
901	950
901	953
901	966
901	969
901	979
901	982
901	987
901	990
901	991
901	996
901	997
902	186
902	308
902	317
902	329
902	333
902	346
902	382
902	399
902	404
902	427
902	457
902	499
902	518
902	521
902	557
902	558
902	620
902	654
902	663
902	669
902	700
902	740
902	750
902	777
902	821
902	836
902	873
902	876
902	885
902	899
902	909
902	911
902	929
902	987
903	694
903	718
903	751
903	775
903	785
903	803
903	808
903	834
903	856
903	858
903	868
903	886
903	890
903	898
903	939
903	948
903	951
903	960
903	962
903	964
903	974
903	975
903	983
903	985
903	986
903	988
903	992
903	993
903	994
903	995
903	999
904	67
904	598
904	659
904	710
904	730
904	770
904	792
904	809
904	812
904	824
904	826
904	832
904	840
904	845
904	894
904	901
904	906
904	924
904	934
904	940
904	947
904	950
904	953
904	961
904	966
904	969
904	979
904	982
904	987
904	990
904	991
904	996
904	997
905	194
905	245
905	252
905	307
905	324
905	411
905	426
905	453
905	497
905	524
905	540
905	585
905	593
905	637
905	648
905	660
905	678
905	679
905	685
905	686
905	689
905	712
905	727
905	741
905	742
905	743
905	786
905	798
905	804
905	805
905	848
905	863
905	865
905	870
905	874
905	880
906	83
906	256
906	507
906	763
906	765
906	769
906	770
906	792
906	809
906	812
906	824
906	826
906	832
906	840
906	845
906	849
906	894
906	901
906	904
906	924
906	934
906	940
906	947
906	953
906	961
906	966
906	969
906	979
906	982
906	987
906	990
906	991
906	996
906	997
907	238
907	302
907	349
907	370
907	421
907	434
907	460
907	478
907	539
907	567
907	570
907	622
907	633
907	687
907	715
907	758
907	771
907	778
907	788
907	799
907	819
907	828
907	833
907	847
907	851
907	859
907	862
907	864
907	895
907	920
908	653
908	654
908	697
908	701
908	708
908	746
908	766
908	801
908	811
908	831
908	843
908	852
908	857
908	881
908	888
908	889
908	912
908	913
908	942
908	949
908	967
908	975
908	976
908	977
908	980
908	984
908	989
908	998
908	1000
909	186
909	308
909	317
909	333
909	346
909	382
909	399
909	404
909	427
909	457
909	499
909	518
909	521
909	557
909	558
909	597
909	620
909	663
909	669
909	700
909	740
909	750
909	777
909	821
909	836
909	867
909	873
909	876
909	885
909	902
909	911
909	929
909	981
909	996
910	110
910	615
910	645
910	652
910	653
910	696
910	701
910	713
910	758
910	763
910	780
910	787
910	790
910	797
910	813
910	815
910	816
910	844
910	853
910	877
910	890
910	893
910	897
910	912
910	915
910	923
910	926
910	928
910	930
910	932
910	936
910	937
910	938
910	946
911	163
911	186
911	308
911	317
911	329
911	333
911	346
911	399
911	404
911	427
911	457
911	480
911	499
911	518
911	521
911	557
911	558
911	597
911	620
911	663
911	669
911	692
911	700
911	740
911	750
911	777
911	821
911	836
911	873
911	876
911	885
911	902
911	909
911	929
912	496
912	697
912	708
912	731
912	748
912	766
912	800
912	801
912	811
912	831
912	843
912	852
912	853
912	857
912	881
912	883
912	888
912	889
912	899
912	908
912	910
912	913
912	942
912	949
912	967
912	975
912	976
912	977
912	980
912	984
912	989
912	998
912	1000
913	81
913	97
913	653
913	697
913	708
913	722
913	748
913	766
913	800
913	801
913	811
913	843
913	852
913	857
913	881
913	883
913	888
913	889
913	899
913	908
913	912
913	942
913	967
913	975
913	976
913	977
913	980
913	984
913	989
913	998
913	1000
914	715
914	756
914	774
914	789
914	794
914	817
914	854
914	856
914	860
914	866
914	878
914	887
914	897
914	917
914	918
914	933
914	935
914	945
914	952
914	954
914	955
914	956
914	959
914	965
914	968
914	971
914	972
914	973
914	978
915	536
915	599
915	615
915	645
915	652
915	696
915	701
915	713
915	758
915	763
915	771
915	787
915	790
915	797
915	805
915	813
915	815
915	816
915	844
915	853
915	877
915	890
915	893
915	897
915	910
915	923
915	926
915	928
915	930
915	932
915	936
915	937
915	938
915	946
915	990
916	268
916	437
916	449
916	510
916	513
916	517
916	534
916	561
916	583
916	590
916	640
916	662
916	670
916	700
916	725
916	753
916	756
916	764
916	767
916	768
916	772
916	776
916	779
916	822
916	861
916	867
916	882
916	900
916	919
916	921
916	922
916	931
917	332
917	519
917	554
917	624
917	726
917	756
917	774
917	789
917	794
917	817
917	854
917	860
917	866
917	878
917	887
917	914
917	918
917	933
917	935
917	945
917	952
917	954
917	955
917	956
917	959
917	965
917	968
917	971
917	972
917	973
917	978
918	606
918	612
918	641
918	756
918	774
918	789
918	794
918	817
918	836
918	854
918	860
918	866
918	878
918	887
918	914
918	917
918	933
918	935
918	939
918	945
918	952
918	955
918	956
918	959
918	965
918	968
918	971
918	972
918	973
918	978
919	437
919	449
919	510
919	513
919	517
919	534
919	561
919	583
919	590
919	640
919	662
919	670
919	725
919	753
919	764
919	767
919	768
919	772
919	776
919	779
919	822
919	861
919	867
919	882
919	898
919	900
919	916
919	921
919	922
919	923
919	931
920	349
920	388
920	421
920	434
920	460
920	478
920	539
920	567
920	570
920	622
920	633
920	687
920	690
920	715
920	771
920	778
920	788
920	799
920	816
920	819
920	828
920	833
920	847
920	851
920	859
920	862
920	864
920	895
920	907
920	967
921	437
921	449
921	510
921	513
921	517
921	534
921	561
921	583
921	590
921	640
921	662
921	670
921	725
921	753
921	764
921	767
921	768
921	772
921	776
921	779
921	822
921	860
921	861
921	867
921	882
921	900
921	916
921	919
921	922
921	931
921	966
922	437
922	449
922	510
922	513
922	517
922	534
922	561
922	574
922	583
922	590
922	640
922	662
922	670
922	725
922	753
922	764
922	767
922	768
922	772
922	776
922	779
922	822
922	861
922	867
922	882
922	900
922	916
922	919
922	921
922	931
922	963
923	536
923	599
923	601
923	615
923	645
923	652
923	659
923	696
923	713
923	758
923	763
923	780
923	787
923	790
923	797
923	813
923	815
923	816
923	844
923	853
923	877
923	890
923	893
923	897
923	910
923	915
923	919
923	926
923	928
923	930
923	932
923	936
923	937
923	938
923	946
924	765
924	769
924	770
924	771
924	792
924	809
924	812
924	824
924	826
924	832
924	840
924	845
924	849
924	881
924	894
924	897
924	901
924	904
924	906
924	934
924	940
924	947
924	950
924	953
924	961
924	966
924	969
924	982
924	987
924	990
924	991
924	996
924	997
925	306
925	604
925	613
925	614
925	693
925	716
925	735
925	807
925	814
925	818
925	827
925	835
925	842
925	846
925	850
925	855
925	871
925	872
925	879
925	884
925	891
925	892
925	896
925	927
925	934
925	943
925	944
925	957
925	958
925	960
925	963
925	970
925	981
926	7
926	30
926	536
926	599
926	615
926	645
926	652
926	696
926	701
926	713
926	758
926	763
926	773
926	780
926	787
926	790
926	797
926	813
926	816
926	844
926	853
926	877
926	890
926	893
926	897
926	910
926	915
926	923
926	928
926	930
926	932
926	936
926	937
926	938
926	946
927	399
927	604
927	613
927	716
927	735
927	807
927	814
927	818
927	827
927	835
927	842
927	846
927	850
927	855
927	871
927	872
927	879
927	884
927	892
927	896
927	925
927	943
927	944
927	956
927	957
927	958
927	960
927	963
927	970
927	981
928	599
928	615
928	645
928	652
928	676
928	696
928	701
928	713
928	758
928	763
928	780
928	787
928	790
928	797
928	813
928	815
928	816
928	844
928	853
928	877
928	890
928	893
928	897
928	910
928	915
928	923
928	926
928	930
928	932
928	936
928	937
928	938
928	946
928	977
929	173
929	186
929	283
929	292
929	308
929	317
929	329
929	333
929	346
929	382
929	399
929	404
929	427
929	499
929	518
929	521
929	557
929	558
929	597
929	620
929	663
929	669
929	674
929	700
929	740
929	750
929	777
929	821
929	836
929	873
929	876
929	885
929	902
929	909
929	911
929	995
930	536
930	599
930	615
930	645
930	652
930	696
930	701
930	713
930	758
930	763
930	780
930	787
930	790
930	797
930	813
930	815
930	816
930	853
930	877
930	890
930	893
930	897
930	910
930	915
930	923
930	926
930	928
930	932
930	936
930	937
930	938
930	942
930	946
930	976
930	993
931	424
931	437
931	449
931	510
931	513
931	517
931	534
931	561
931	583
931	590
931	640
931	662
931	670
931	712
931	725
931	753
931	764
931	767
931	768
931	772
931	776
931	779
931	822
931	861
931	867
931	882
931	900
931	916
931	919
931	921
931	922
932	474
932	535
932	536
932	577
932	615
932	645
932	696
932	701
932	713
932	757
932	758
932	763
932	780
932	787
932	790
932	797
932	813
932	815
932	816
932	844
932	853
932	877
932	890
932	893
932	897
932	910
932	915
932	923
932	926
932	928
932	930
932	936
932	937
932	938
932	946
933	21
933	269
933	377
933	481
933	726
933	756
933	774
933	789
933	794
933	817
933	854
933	860
933	866
933	878
933	887
933	914
933	917
933	918
933	935
933	945
933	952
933	954
933	955
933	956
933	959
933	965
933	968
933	971
933	972
933	973
933	978
934	553
934	659
934	664
934	765
934	769
934	792
934	809
934	812
934	824
934	826
934	832
934	840
934	845
934	849
934	894
934	904
934	906
934	924
934	925
934	940
934	947
934	950
934	953
934	961
934	966
934	969
934	979
934	982
934	987
934	990
934	996
934	997
935	395
935	457
935	726
935	756
935	774
935	789
935	794
935	800
935	817
935	854
935	860
935	866
935	878
935	887
935	914
935	917
935	918
935	933
935	945
935	952
935	954
935	955
935	956
935	959
935	965
935	968
935	971
935	972
935	973
935	978
936	55
936	535
936	536
936	538
936	577
936	599
936	615
936	645
936	652
936	696
936	701
936	713
936	758
936	763
936	780
936	787
936	790
936	797
936	813
936	815
936	816
936	844
936	853
936	877
936	890
936	892
936	893
936	897
936	910
936	915
936	923
936	926
936	928
936	930
936	932
936	937
936	938
936	946
937	535
937	536
937	570
937	577
937	599
937	615
937	645
937	652
937	696
937	701
937	713
937	755
937	758
937	763
937	780
937	787
937	790
937	797
937	813
937	815
937	816
937	844
937	853
937	868
937	877
937	890
937	893
937	897
937	910
937	915
937	923
937	926
937	928
937	930
937	932
937	936
937	938
937	946
938	151
938	227
938	535
938	536
938	577
938	599
938	615
938	645
938	652
938	696
938	701
938	713
938	758
938	763
938	780
938	787
938	790
938	797
938	813
938	815
938	816
938	844
938	853
938	877
938	890
938	893
938	897
938	910
938	915
938	923
938	926
938	928
938	930
938	932
938	936
938	937
938	946
938	947
939	2
939	618
939	638
939	672
939	694
939	718
939	751
939	775
939	785
939	803
939	808
939	834
939	856
939	858
939	868
939	875
939	886
939	887
939	898
939	903
939	918
939	941
939	948
939	951
939	962
939	964
939	974
939	983
939	985
939	986
939	988
939	992
939	993
939	994
939	995
939	999
940	719
940	730
940	765
940	769
940	792
940	799
940	809
940	812
940	824
940	826
940	832
940	840
940	845
940	849
940	864
940	894
940	901
940	904
940	906
940	924
940	934
940	947
940	950
940	953
940	961
940	966
940	969
940	979
940	982
940	987
940	990
940	991
940	996
940	997
941	644
941	672
941	694
941	718
941	741
941	751
941	785
941	795
941	803
941	808
941	834
941	856
941	858
941	867
941	868
941	875
941	886
941	898
941	939
941	948
941	951
941	962
941	964
941	974
941	983
941	985
941	986
941	988
941	992
941	993
941	994
941	995
941	999
942	246
942	605
942	631
942	653
942	654
942	697
942	708
942	731
942	748
942	766
942	800
942	801
942	811
942	831
942	843
942	852
942	857
942	883
942	888
942	889
942	899
942	908
942	912
942	913
942	930
942	949
942	967
942	975
942	976
942	977
942	980
942	984
942	989
942	994
942	998
942	1000
943	604
943	613
943	693
943	716
943	735
943	807
943	812
943	814
943	818
943	827
943	835
943	842
943	846
943	850
943	855
943	871
943	872
943	879
943	884
943	891
943	892
943	896
943	925
943	927
943	944
943	957
943	958
943	960
943	963
943	970
943	981
943	986
944	604
944	613
944	693
944	716
944	735
944	807
944	814
944	818
944	827
944	835
944	842
944	846
944	850
944	855
944	866
944	871
944	872
944	879
944	884
944	891
944	892
944	896
944	925
944	927
944	943
944	957
944	958
944	960
944	963
944	970
944	980
944	981
945	452
945	612
945	641
945	726
945	756
945	774
945	789
945	794
945	817
945	834
945	854
945	860
945	866
945	878
945	881
945	887
945	914
945	917
945	918
945	933
945	935
945	952
945	954
945	955
945	956
945	959
945	965
945	968
945	971
945	972
945	973
945	978
945	980
946	535
946	536
946	577
946	599
946	615
946	645
946	652
946	696
946	701
946	713
946	758
946	763
946	780
946	787
946	790
946	797
946	813
946	815
946	816
946	844
946	853
946	877
946	883
946	890
946	893
946	897
946	910
946	915
946	923
946	926
946	928
946	930
946	932
946	936
946	937
946	938
946	969
946	973
947	659
947	664
947	730
947	765
947	769
947	770
947	792
947	809
947	812
947	824
947	832
947	840
947	845
947	849
947	877
947	894
947	901
947	904
947	906
947	924
947	934
947	938
947	940
947	950
947	953
947	961
947	969
947	979
947	987
947	990
947	991
947	996
947	997
948	156
948	199
948	618
948	638
948	644
948	649
948	672
948	718
948	751
948	775
948	795
948	803
948	808
948	856
948	858
948	861
948	868
948	875
948	886
948	898
948	903
948	939
948	941
948	962
948	964
948	974
948	983
948	985
948	986
948	988
948	992
948	993
948	994
948	995
948	999
949	470
949	605
949	606
949	626
949	627
949	631
949	653
949	654
949	697
949	708
949	731
949	748
949	766
949	800
949	811
949	831
949	843
949	852
949	857
949	881
949	883
949	888
949	898
949	899
949	908
949	912
949	942
949	967
949	975
949	976
949	977
949	980
949	984
949	989
949	998
949	1000
950	444
950	543
950	553
950	659
950	664
950	765
950	769
950	770
950	772
950	792
950	809
950	812
950	824
950	826
950	832
950	840
950	845
950	849
950	894
950	901
950	904
950	924
950	934
950	940
950	947
950	953
950	961
950	966
950	969
950	979
950	982
950	987
950	990
950	996
950	997
951	1
951	177
951	303
951	416
951	618
951	638
951	644
951	672
951	694
951	718
951	751
951	775
951	785
951	795
951	803
951	808
951	834
951	856
951	858
951	868
951	875
951	886
951	898
951	903
951	939
951	941
951	962
951	964
951	974
951	983
951	985
951	986
951	988
951	992
951	993
951	994
951	995
951	999
952	530
952	546
952	562
952	581
952	612
952	641
952	726
952	756
952	774
952	789
952	794
952	817
952	854
952	860
952	866
952	873
952	878
952	885
952	887
952	914
952	917
952	918
952	933
952	935
952	945
952	954
952	955
952	956
952	959
952	965
952	968
952	971
952	972
952	973
952	978
953	123
953	300
953	549
953	553
953	623
953	659
953	730
953	765
953	769
953	770
953	792
953	809
953	812
953	824
953	826
953	832
953	845
953	849
953	899
953	901
953	904
953	906
953	924
953	934
953	940
953	947
953	950
953	961
953	966
953	969
953	979
953	982
953	990
953	991
953	996
953	997
954	530
954	562
954	581
954	612
954	641
954	726
954	756
954	774
954	789
954	794
954	817
954	854
954	860
954	866
954	878
954	886
954	887
954	892
954	914
954	917
954	933
954	935
954	945
954	952
954	955
954	956
954	959
954	965
954	968
954	971
954	972
954	973
954	978
954	989
955	546
955	581
955	612
955	641
955	678
955	726
955	756
955	765
955	774
955	789
955	794
955	797
955	817
955	854
955	860
955	866
955	878
955	887
955	914
955	917
955	918
955	933
955	935
955	945
955	952
955	954
955	956
955	959
955	965
955	968
955	971
955	972
955	973
955	978
956	530
956	546
956	562
956	581
956	612
956	641
956	726
956	756
956	774
956	789
956	794
956	817
956	854
956	860
956	866
956	878
956	887
956	914
956	917
956	918
956	927
956	933
956	935
956	945
956	952
956	954
956	955
956	959
956	965
956	968
956	971
956	972
956	973
956	978
956	982
957	126
957	483
957	491
957	500
957	596
957	604
957	613
957	693
957	716
957	735
957	781
957	807
957	814
957	818
957	827
957	835
957	842
957	846
957	850
957	855
957	871
957	872
957	879
957	884
957	891
957	892
957	896
957	925
957	927
957	943
957	944
957	958
957	960
957	963
957	970
957	981
958	214
958	483
958	491
958	500
958	604
958	613
958	693
958	716
958	735
958	807
958	814
958	818
958	824
958	827
958	835
958	842
958	846
958	850
958	855
958	871
958	872
958	879
958	884
958	891
958	892
958	896
958	925
958	927
958	943
958	944
958	957
958	960
958	963
958	970
958	981
958	1000
959	546
959	562
959	581
959	612
959	641
959	647
959	726
959	756
959	774
959	789
959	794
959	817
959	854
959	860
959	866
959	878
959	879
959	887
959	914
959	917
959	918
959	933
959	935
959	945
959	952
959	954
959	955
959	956
959	965
959	968
959	971
959	972
959	973
959	978
959	999
960	346
960	483
960	500
960	604
960	613
960	693
960	716
960	735
960	807
960	814
960	818
960	827
960	835
960	842
960	846
960	850
960	855
960	871
960	872
960	879
960	884
960	891
960	892
960	896
960	903
960	925
960	927
960	943
960	944
960	957
960	958
960	963
960	970
960	981
960	987
961	623
961	659
961	664
961	671
961	730
961	745
961	769
961	770
961	792
961	809
961	812
961	824
961	826
961	832
961	840
961	845
961	849
961	894
961	904
961	906
961	924
961	934
961	940
961	947
961	950
961	953
961	962
961	966
961	969
961	979
961	982
961	987
961	990
961	991
961	996
961	997
962	92
962	354
962	573
962	638
962	644
962	649
962	672
962	694
962	718
962	723
962	775
962	785
962	795
962	803
962	808
962	834
962	856
962	858
962	868
962	875
962	882
962	886
962	898
962	903
962	939
962	941
962	948
962	951
962	961
962	964
962	974
962	983
962	985
962	986
962	988
962	992
962	993
962	994
962	995
962	999
963	379
963	483
963	491
963	500
963	604
963	613
963	693
963	716
963	735
963	746
963	807
963	814
963	818
963	827
963	835
963	842
963	846
963	850
963	855
963	871
963	872
963	879
963	884
963	891
963	892
963	896
963	922
963	925
963	927
963	943
963	944
963	957
963	958
963	960
963	970
963	981
964	618
964	638
964	649
964	672
964	694
964	706
964	718
964	751
964	759
964	775
964	785
964	795
964	803
964	808
964	811
964	834
964	856
964	858
964	868
964	875
964	886
964	898
964	903
964	939
964	941
964	948
964	951
964	962
964	974
964	983
964	985
964	986
964	988
964	992
964	993
964	994
964	995
964	999
965	318
965	530
965	546
965	562
965	581
965	612
965	641
965	663
965	726
965	756
965	774
965	789
965	794
965	817
965	854
965	860
965	866
965	878
965	887
965	889
965	914
965	917
965	918
965	933
965	935
965	945
965	952
965	954
965	955
965	956
965	959
965	968
965	971
965	972
965	973
965	978
966	153
966	549
966	553
966	623
966	664
966	730
966	765
966	769
966	770
966	792
966	809
966	812
966	824
966	826
966	840
966	845
966	894
966	901
966	904
966	906
966	921
966	924
966	934
966	940
966	950
966	953
966	961
966	969
966	972
966	979
966	982
966	987
966	990
966	991
966	996
966	997
967	467
967	488
967	531
967	548
967	605
967	606
967	627
967	631
967	653
967	654
967	697
967	708
967	731
967	748
967	800
967	801
967	811
967	831
967	833
967	843
967	852
967	857
967	881
967	883
967	888
967	889
967	908
967	912
967	913
967	920
967	942
967	949
967	975
967	976
967	977
967	980
967	984
967	989
967	998
967	1000
968	184
968	191
968	479
968	527
968	530
968	546
968	562
968	581
968	612
968	641
968	726
968	755
968	756
968	774
968	789
968	794
968	817
968	854
968	860
968	866
968	878
968	887
968	914
968	917
968	918
968	933
968	935
968	945
968	952
968	954
968	955
968	956
968	959
968	965
968	971
968	972
968	973
968	978
969	549
969	553
969	623
969	664
969	681
969	730
969	754
969	769
969	770
969	792
969	809
969	812
969	824
969	826
969	832
969	840
969	845
969	894
969	901
969	904
969	906
969	924
969	934
969	940
969	946
969	947
969	950
969	953
969	961
969	966
969	970
969	979
969	982
969	987
969	990
969	991
969	996
969	997
970	442
970	491
970	500
970	604
970	613
970	685
970	693
970	716
970	735
970	807
970	814
970	818
970	827
970	835
970	842
970	846
970	850
970	855
970	871
970	872
970	879
970	884
970	891
970	892
970	896
970	925
970	927
970	943
970	944
970	957
970	958
970	960
970	963
970	969
970	981
970	999
971	103
971	154
971	546
971	562
971	581
971	612
971	641
971	726
971	756
971	774
971	789
971	794
971	796
971	817
971	854
971	860
971	866
971	878
971	887
971	914
971	917
971	918
971	933
971	935
971	945
971	952
971	954
971	955
971	956
971	959
971	965
971	968
971	972
971	973
971	978
972	527
972	546
972	562
972	581
972	612
972	641
972	666
972	726
972	756
972	774
972	789
972	793
972	794
972	817
972	854
972	860
972	866
972	878
972	887
972	914
972	917
972	918
972	933
972	935
972	945
972	952
972	954
972	955
972	956
972	959
972	965
972	966
972	968
972	971
972	973
972	978
973	527
973	530
973	546
973	581
973	612
973	641
973	726
973	756
973	774
973	789
973	794
973	817
973	835
973	854
973	860
973	866
973	878
973	887
973	914
973	917
973	918
973	933
973	935
973	945
973	946
973	952
973	954
973	955
973	956
973	959
973	965
973	968
973	971
973	972
973	978
974	10
974	573
974	618
974	638
974	644
974	649
974	672
974	694
974	718
974	735
974	751
974	775
974	777
974	785
974	790
974	795
974	803
974	808
974	834
974	856
974	858
974	868
974	875
974	886
974	898
974	903
974	939
974	941
974	948
974	951
974	962
974	964
974	983
974	985
974	986
974	988
974	992
974	993
974	994
974	995
974	999
975	467
975	529
975	548
975	605
975	606
975	627
975	631
975	653
975	654
975	697
975	708
975	731
975	748
975	761
975	766
975	800
975	801
975	811
975	831
975	843
975	852
975	857
975	881
975	883
975	888
975	889
975	899
975	900
975	903
975	908
975	912
975	913
975	942
975	949
975	967
975	976
975	977
975	980
975	984
975	989
975	998
975	1000
976	467
976	512
976	531
976	548
976	605
976	627
976	631
976	653
976	654
976	697
976	708
976	725
976	731
976	748
976	766
976	800
976	801
976	811
976	831
976	843
976	852
976	857
976	881
976	883
976	888
976	889
976	899
976	908
976	912
976	913
976	930
976	942
976	949
976	967
976	975
976	977
976	980
976	984
976	987
976	989
976	998
976	1000
977	372
977	467
977	512
977	531
977	548
977	605
977	606
977	627
977	631
977	653
977	654
977	665
977	697
977	708
977	731
977	748
977	766
977	800
977	801
977	811
977	831
977	843
977	852
977	857
977	881
977	883
977	888
977	889
977	899
977	908
977	912
977	913
977	928
977	942
977	949
977	967
977	975
977	976
977	980
977	989
977	998
977	1000
978	430
978	527
978	530
978	546
978	562
978	581
978	641
978	726
978	756
978	774
978	783
978	789
978	794
978	817
978	849
978	854
978	860
978	866
978	878
978	887
978	914
978	917
978	918
978	933
978	935
978	945
978	952
978	954
978	955
978	956
978	959
978	965
978	968
978	971
978	972
978	973
978	983
979	549
979	553
979	659
979	718
979	730
979	743
979	768
979	769
979	770
979	792
979	809
979	812
979	813
979	824
979	826
979	832
979	840
979	845
979	849
979	894
979	901
979	904
979	906
979	934
979	940
979	947
979	950
979	953
979	961
979	966
979	969
979	982
979	987
979	990
979	991
979	996
979	997
980	463
980	467
980	512
980	531
980	548
980	605
980	606
980	627
980	631
980	653
980	654
980	697
980	708
980	731
980	748
980	766
980	792
980	800
980	801
980	811
980	831
980	843
980	852
980	857
980	881
980	883
980	888
980	889
980	899
980	908
980	912
980	913
980	942
980	944
980	945
980	949
980	967
980	975
980	976
980	977
980	984
980	989
980	998
980	1000
981	428
981	442
981	458
981	483
981	491
981	500
981	604
981	613
981	640
981	693
981	716
981	735
981	807
981	814
981	818
981	827
981	835
981	842
981	846
981	850
981	855
981	856
981	871
981	872
981	879
981	884
981	891
981	892
981	896
981	909
981	925
981	927
981	943
981	944
981	957
981	958
981	960
981	963
981	970
982	98
982	117
982	549
982	581
982	623
982	659
982	664
982	730
982	732
982	765
982	769
982	770
982	809
982	812
982	824
982	826
982	832
982	840
982	845
982	849
982	894
982	901
982	904
982	906
982	924
982	934
982	940
982	950
982	953
982	956
982	961
982	966
982	969
982	979
982	987
982	990
982	991
982	996
982	997
983	573
983	618
983	638
983	644
983	645
983	649
983	672
983	694
983	718
983	751
983	775
983	785
983	795
983	803
983	808
983	828
983	834
983	858
983	868
983	875
983	886
983	898
983	903
983	939
983	941
983	948
983	951
983	962
983	964
983	974
983	978
983	985
983	986
983	988
983	992
983	993
983	994
983	995
983	999
984	337
984	352
984	369
984	419
984	467
984	512
984	529
984	531
984	548
984	605
984	606
984	627
984	631
984	636
984	653
984	654
984	697
984	708
984	731
984	748
984	766
984	784
984	800
984	801
984	811
984	831
984	852
984	857
984	881
984	883
984	888
984	889
984	895
984	899
984	908
984	912
984	913
984	942
984	949
984	967
984	975
984	976
984	980
984	989
984	998
984	1000
985	573
985	618
985	638
985	644
985	649
985	672
985	694
985	714
985	718
985	723
985	751
985	775
985	785
985	791
985	795
985	803
985	808
985	834
985	856
985	858
985	868
985	875
985	886
985	898
985	903
985	939
985	941
985	948
985	951
985	962
985	964
985	974
985	983
985	986
985	988
985	992
985	993
985	994
985	995
985	999
986	480
986	542
986	573
986	618
986	638
986	644
986	649
986	672
986	718
986	729
986	751
986	775
986	785
986	795
986	803
986	808
986	834
986	856
986	858
986	868
986	875
986	886
986	898
986	903
986	939
986	941
986	943
986	948
986	951
986	962
986	964
986	974
986	983
986	985
986	988
986	992
986	993
986	994
986	995
986	999
987	477
987	549
987	553
987	623
987	659
987	664
987	730
987	765
987	769
987	770
987	792
987	809
987	812
987	824
987	826
987	832
987	840
987	845
987	849
987	894
987	901
987	902
987	904
987	906
987	924
987	934
987	940
987	947
987	950
987	960
987	961
987	966
987	969
987	976
987	979
987	982
987	990
987	991
987	996
987	997
988	485
988	573
988	638
988	644
988	649
988	672
988	694
988	718
988	751
988	772
988	775
988	785
988	795
988	797
988	803
988	808
988	827
988	834
988	856
988	858
988	868
988	875
988	886
988	898
988	903
988	939
988	941
988	948
988	951
988	962
988	964
988	974
988	983
988	985
988	986
988	992
988	993
988	994
988	995
988	999
989	467
989	512
989	529
989	531
989	548
989	605
989	606
989	627
989	631
989	653
989	654
989	697
989	708
989	731
989	748
989	766
989	800
989	801
989	807
989	811
989	820
989	831
989	843
989	852
989	857
989	862
989	881
989	883
989	888
989	889
989	899
989	908
989	912
989	913
989	942
989	949
989	954
989	967
989	975
989	976
989	977
989	980
989	984
989	998
989	1000
990	380
990	385
990	425
990	477
990	492
990	549
990	553
990	623
990	664
990	730
990	765
990	769
990	776
990	792
990	809
990	812
990	824
990	826
990	832
990	840
990	845
990	846
990	849
990	894
990	901
990	904
990	906
990	915
990	924
990	934
990	940
990	947
990	950
990	953
990	961
990	966
990	969
990	979
990	982
990	987
990	991
990	996
990	997
991	79
991	127
991	380
991	385
991	436
991	477
991	492
991	549
991	553
991	623
991	651
991	659
991	664
991	730
991	765
991	769
991	770
991	792
991	809
991	812
991	824
991	826
991	832
991	840
991	845
991	849
991	894
991	901
991	904
991	906
991	924
991	940
991	947
991	953
991	961
991	966
991	969
991	979
991	982
991	987
991	990
991	996
991	997
992	480
992	573
992	618
992	638
992	644
992	649
992	668
992	672
992	694
992	718
992	734
992	751
992	758
992	775
992	785
992	795
992	803
992	808
992	834
992	856
992	858
992	868
992	875
992	882
992	886
992	898
992	903
992	939
992	941
992	948
992	951
992	962
992	964
992	974
992	983
992	985
992	986
992	988
992	993
992	994
992	995
992	999
993	266
993	480
993	573
993	618
993	638
993	644
993	649
993	672
993	694
993	718
993	751
993	759
993	775
993	785
993	795
993	803
993	808
993	834
993	856
993	858
993	868
993	875
993	886
993	898
993	903
993	930
993	939
993	941
993	948
993	951
993	962
993	964
993	974
993	983
993	985
993	986
993	988
993	992
993	994
993	995
993	999
994	3
994	22
994	480
994	493
994	573
994	618
994	638
994	644
994	649
994	672
994	694
994	718
994	751
994	775
994	785
994	795
994	803
994	808
994	834
994	856
994	858
994	868
994	875
994	886
994	898
994	903
994	939
994	941
994	942
994	948
994	951
994	962
994	964
994	974
994	983
994	985
994	986
994	988
994	992
994	993
994	995
995	350
995	480
995	573
995	617
995	618
995	638
995	644
995	649
995	672
995	694
995	718
995	751
995	775
995	785
995	795
995	803
995	808
995	834
995	850
995	856
995	858
995	868
995	875
995	886
995	898
995	903
995	929
995	939
995	941
995	948
995	951
995	962
995	964
995	974
995	983
995	985
995	986
995	988
995	992
995	993
995	994
995	999
996	385
996	477
996	549
996	623
996	659
996	664
996	728
996	730
996	765
996	769
996	770
996	792
996	809
996	812
996	824
996	826
996	832
996	840
996	845
996	849
996	885
996	894
996	901
996	904
996	906
996	909
996	924
996	934
996	940
996	947
996	950
996	953
996	961
996	966
996	969
996	979
996	982
996	987
996	990
996	991
996	997
997	477
997	492
997	549
997	553
997	623
997	646
997	659
997	664
997	730
997	765
997	769
997	770
997	792
997	809
997	812
997	824
997	826
997	832
997	836
997	840
997	845
997	849
997	854
997	878
997	901
997	904
997	906
997	924
997	934
997	940
997	947
997	950
997	953
997	961
997	966
997	969
997	979
997	982
997	987
997	990
997	991
997	996
998	188
998	352
998	419
998	467
998	482
998	512
998	529
998	531
998	548
998	595
998	605
998	606
998	627
998	631
998	653
998	654
998	697
998	708
998	709
998	731
998	748
998	766
998	800
998	801
998	811
998	831
998	843
998	852
998	857
998	881
998	883
998	888
998	889
998	899
998	908
998	912
998	913
998	942
998	949
998	967
998	975
998	976
998	977
998	980
998	984
998	989
998	1000
999	118
999	480
999	573
999	618
999	638
999	644
999	649
999	672
999	694
999	718
999	751
999	775
999	785
999	795
999	803
999	808
999	834
999	856
999	858
999	868
999	875
999	883
999	886
999	898
999	903
999	939
999	941
999	948
999	951
999	959
999	962
999	964
999	970
999	974
999	983
999	985
999	986
999	988
999	992
999	993
999	995
1000	46
1000	352
1000	419
1000	467
1000	512
1000	529
1000	531
1000	548
1000	605
1000	606
1000	627
1000	631
1000	653
1000	654
1000	691
1000	697
1000	708
1000	731
1000	733
1000	748
1000	766
1000	800
1000	801
1000	811
1000	831
1000	843
1000	852
1000	857
1000	881
1000	883
1000	888
1000	889
1000	899
1000	908
1000	912
1000	913
1000	942
1000	949
1000	958
1000	967
1000	975
1000	976
1000	977
1000	980
1000	984
1000	989
1000	998
