1	5 
2	12 
3	10 
4	3 
5	6 
6	15 
7	7 
8	11 
9	10 
10	9 
11	10 
12	8 
13	6 
14	3 
15	5 
16	16 
17	15 
18	4 
19	14 
20	3 
21	10 
22	14 
23	7 
24	5 
25	15 
26	16 
27	10 
28	9 
29	5 
30	5 
31	4 
32	17 
33	13 
34	14 
35	9 
36	7 
37	12 
38	11 
39	12 
40	15 
41	11 
42	4 
43	5 
44	15 
45	6 
46	8 
47	6 
48	1 
49	1 
50	12 
51	12 
52	15 
53	14 
54	7 
55	10 
56	14 
57	8 
58	15 
59	8 
60	6 
61	6 
62	14 
63	10 
64	12 
65	3 
66	15 
67	14 
68	6 
69	12 
70	9 
71	5 
72	3 
73	12 
74	9 
75	15 
76	7 
77	10 
78	13 
79	5 
80	16 
81	6 
82	2 
83	15 
84	12 
85	7 
86	2 
87	9 
88	11 
89	8 
90	3 
91	2 
92	8 
93	11 
94	11 
95	15 
96	11 
97	5 
98	3 
99	12 
100	16 
101	15 
102	1 
103	1 
104	10 
105	6 
106	3 
107	13 
108	2 
109	9 
110	5 
111	10 
112	14 
113	15 
114	15 
115	2 
116	6 
117	10 
118	2 
119	4 
120	12 
121	10 
122	5 
123	16 
124	11 
125	10 
126	11 
127	17 
128	6 
129	8 
130	9 
131	6 
132	8 
133	8 
134	4 
135	14 
136	17 
137	12 
138	17 
139	14 
140	11 
141	12 
142	5 
143	3 
144	3 
145	14 
146	13 
147	6 
148	4 
149	9 
150	4 
151	14 
152	11 
153	10 
154	9 
155	1 
156	1 
157	4 
158	4 
159	11 
160	9 
161	9 
162	9 
163	14 
164	11 
165	14 
166	10 
167	5 
168	3 
169	3 
170	2 
171	15 
172	6 
173	15 
174	6 
175	8 
176	4 
177	3 
178	3 
179	2 
180	9 
181	13 
182	4 
183	5 
184	7 
185	10 
186	14 
187	8 
188	6 
189	15 
190	11 
191	12 
192	14 
193	16 
194	9 
195	2 
196	3 
197	12 
198	17 
199	9 
200	15 
201	4 
202	4 
203	6 
204	14 
205	2 
206	1 
207	5 
208	2 
209	5 
210	16 
211	10 
212	15 
213	6 
214	16 
215	9 
216	2 
217	5 
218	3 
219	2 
220	13 
221	6 
222	1 
223	9 
224	6 
225	14 
226	17 
227	4 
228	17 
229	3 
230	6 
231	9 
232	12 
233	16 
234	13 
235	8 
236	5 
237	15 
238	12 
239	1 
240	17 
241	15 
242	14 
243	7 
244	6 
245	12 
246	15 
247	8 
248	11 
249	5 
250	8 
251	8 
252	12 
253	14 
254	11 
255	16 
256	9 
257	14 
258	5 
259	17 
260	6 
261	9 
262	15 
263	15 
264	15 
265	3 
266	17 
267	15 
268	9 
269	14 
270	11 
271	5 
272	11 
273	16 
274	17 
275	17 
276	11 
277	3 
278	8 
279	11 
280	16 
281	11 
282	16 
283	8 
284	15 
285	3 
286	9 
287	13 
288	17 
289	17 
290	16 
291	14 
292	17 
293	8 
294	3 
295	8 
296	10 
297	16 
298	9 
299	8 
300	4 
301	15 
302	2 
303	2 
304	7 
305	7 
306	4 
307	4 
308	15 
309	5 
310	15 
311	17 
312	14 
313	6 
314	12 
315	3 
316	3 
317	14 
318	17 
319	6 
320	14 
321	4 
322	8 
323	11 
324	7 
325	11 
326	5 
327	4 
328	6 
329	6 
330	10 
331	17 
332	16 
333	6 
334	10 
335	5 
336	2 
337	11 
338	13 
339	17 
340	1 
341	4 
342	11 
343	6 
344	9 
345	14 
346	8 
347	7 
348	12 
349	4 
350	9 
351	14 
352	9 
353	4 
354	2 
355	3 
356	5 
357	4 
358	7 
359	15 
360	16 
361	10 
362	2 
363	9 
364	4 
365	4 
366	15 
367	15 
368	12 
369	13 
370	17 
371	14 
372	4 
373	10 
374	8 
375	6 
376	2 
377	12 
378	16 
379	17 
380	12 
381	13 
382	6 
383	11 
384	13 
385	10 
386	10 
387	1 
388	7 
389	4 
390	17 
391	4 
392	10 
393	12 
394	15 
395	11 
396	15 
397	8 
398	7 
399	6 
400	1 
401	1 
402	12 
403	9 
404	12 
405	9 
406	15 
407	12 
408	15 
409	17 
410	1 
411	12 
412	9 
413	11 
414	5 
415	13 
416	3 
417	1 
418	4 
419	8 
420	4 
421	14 
422	1 
423	8 
424	11 
425	1 
426	4 
427	9 
428	13 
429	5 
430	13 
431	15 
432	4 
433	9 
434	8 
435	16 
436	14 
437	16 
438	13 
439	17 
440	14 
441	6 
442	5 
443	9 
444	2 
445	15 
446	6 
447	12 
448	17 
449	15 
450	8 
451	5 
452	4 
453	17 
454	13 
455	4 
456	15 
457	9 
458	5 
459	9 
460	17 
461	6 
462	4 
463	15 
464	2 
465	8 
466	6 
467	1 
468	6 
469	9 
470	14 
471	8 
472	15 
473	1 
474	9 
475	1 
476	6 
477	6 
478	9 
479	3 
480	13 
481	10 
482	11 
483	4 
484	6 
485	9 
486	6 
487	3 
488	6 
489	11 
490	17 
491	5 
492	11 
493	4 
494	8 
495	17 
496	12 
497	12 
498	12 
499	6 
500	2 
501	9 
502	9 
503	17 
504	10 
505	5 
506	8 
507	16 
508	11 
509	8 
510	8 
511	2 
512	10 
513	7 
514	1 
515	16 
516	8 
517	11 
518	8 
519	16 
520	13 
521	5 
522	8 
523	11 
524	7 
525	13 
526	14 
527	4 
528	4 
529	2 
530	4 
531	4 
532	5 
533	12 
534	17 
535	12 
536	8 
537	9 
538	11 
539	11 
540	12 
541	5 
542	2 
543	7 
544	10 
545	5 
546	9 
547	3 
548	3 
549	2 
550	17 
551	4 
552	3 
553	4 
554	4 
555	3 
556	16 
557	7 
558	4 
559	1 
560	16 
561	11 
562	5 
563	9 
564	14 
565	8 
566	9 
567	7 
568	8 
569	10 
570	17 
571	13 
572	7 
573	16 
574	5 
575	8 
576	8 
577	7 
578	3 
579	12 
580	12 
581	10 
582	12 
583	5 
584	2 
585	11 
586	8 
587	8 
588	16 
589	8 
590	14 
591	7 
592	11 
593	16 
594	1 
595	10 
596	8 
597	11 
598	7 
599	3 
600	10 
601	17 
602	1 
603	13 
604	3 
605	11 
606	14 
607	17 
608	14 
609	13 
610	12 
611	5 
612	11 
613	14 
614	11 
615	5 
616	14 
617	12 
618	11 
619	2 
620	14 
621	2 
622	11 
623	5 
624	7 
625	3 
626	10 
627	14 
628	16 
629	2 
630	5 
631	12 
632	7 
633	12 
634	5 
635	12 
636	10 
637	17 
638	10 
639	7 
640	7 
641	10 
642	5 
643	11 
644	3 
645	1 
646	2 
647	14 
648	1 
649	1 
650	12 
651	13 
652	2 
653	10 
654	16 
655	16 
656	12 
657	1 
658	12 
659	12 
660	5 
661	7 
662	12 
663	2 
664	10 
665	16 
666	5 
667	3 
668	2 
669	2 
670	7 
671	16 
672	3 
673	14 
674	14 
675	1 
676	14 
677	13 
678	13 
679	7 
680	1 
681	5 
682	3 
683	17 
684	2 
685	5 
686	2 
687	2 
688	16 
689	14 
690	17 
691	17 
692	3 
693	7 
694	2 
695	5 
696	2 
697	17 
698	1 
699	14 
700	10 
701	17 
702	1 
703	17 
704	10 
705	7 
706	7 
707	17 
708	1 
709	3 
710	7 
711	17 
712	16 
713	7 
714	7 
715	14 
716	13 
717	7 
718	17 
719	2 
720	16 
721	1 
722	7 
723	2 
724	13 
725	14 
726	3 
727	13 
728	13 
729	14 
730	2 
731	13 
732	7 
733	16 
734	7 
735	16 
736	1 
737	2 
738	14 
739	1 
740	2 
741	17 
742	13 
743	2 
744	1 
745	17 
746	7 
747	17 
748	17 
749	1 
750	10 
751	16 
752	3 
753	16 
754	16 
755	17 
756	16 
757	7 
758	16 
759	3 
760	13 
761	7 
762	17 
763	2 
764	7 
765	2 
766	13 
767	13 
768	16 
769	17 
770	10 
771	7 
772	1 
773	10 
774	2 
775	13 
776	3 
777	17 
778	2 
779	7 
780	13 
781	1 
782	1 
783	7 
784	2 
785	13 
786	17 
787	17 
788	7 
789	16 
790	3 
791	10 
792	2 
793	3 
794	7 
795	2 
796	7 
797	13 
798	16 
799	3 
800	13 
801	16 
802	13 
803	13 
804	10 
805	10 
806	16 
807	16 
808	1 
809	17 
810	17 
811	10 
812	17 
813	7 
814	1 
815	10 
816	1 
817	16 
818	10 
819	1 
820	7 
821	10 
822	13 
823	17 
824	7 
825	7 
826	10 
827	16 
828	1 
829	7 
830	17 
831	17 
832	16 
833	17 
834	16 
835	16 
836	13 
837	10 
838	2 
839	17 
840	17 
841	17 
842	3 
843	1 
844	2 
845	1 
846	1 
847	13 
848	2 
849	2 
850	7 
851	7 
852	13 
853	1 
854	17 
855	13 
856	10 
857	3 
858	13 
859	16 
860	13 
861	7 
862	16 
863	13 
864	16 
865	17 
866	16 
867	17 
868	3 
869	16 
870	10 
871	2 
872	10 
873	7 
874	3 
875	2 
876	17 
877	13 
878	1 
879	17 
880	17 
881	7 
882	10 
883	1 
884	2 
885	7 
886	17 
887	1 
888	13 
889	3 
890	17 
891	17 
892	3 
893	2 
894	17 
895	17 
896	3 
897	3 
898	2 
899	17 
900	1 
901	17 
902	10 
903	3 
904	7 
905	10 
906	10 
907	13 
908	17 
909	13 
910	10 
911	16 
912	13 
913	3 
914	7 
915	10 
916	10 
917	1 
918	1 
919	3 
920	1 
921	10 
922	13 
923	3 
924	16 
925	13 
926	1 
927	7 
928	13 
929	13 
930	10 
931	17 
932	7 
933	1 
934	17 
935	17 
936	13 
937	16 
938	16 
939	16 
940	16 
941	13 
942	3 
943	3 
944	17 
945	1 
946	10 
947	17 
948	1 
949	3 
950	17 
951	3 
952	13 
953	17 
954	13 
955	10 
956	16 
957	3 
958	3 
959	16 
960	10 
961	17 
962	3 
963	17 
964	10 
965	10 
966	10 
967	1 
968	17 
969	1 
970	13 
971	1 
972	17 
973	13 
974	1 
975	16 
976	10 
977	13 
978	13 
979	10 
980	17 
981	10 
982	16 
983	13 
984	1 
985	17 
986	3 
987	13 
988	13 
989	3 
990	17 
991	16 
992	3 
993	16 
994	17 
995	17 
996	1 
997	3 
998	17 
999	1 
1000	1 
