1	3 
2	5 
3	5 
4	10 
5	8 
6	6 
7	8 
8	10 
9	4 
10	4 
11	8 
12	6 
13	9 
14	2 
15	7 
16	1 
17	10 
18	6 
19	7 
20	10 
21	3 
22	1 
23	6 
24	2 
25	1 
26	5 
27	8 
28	2 
29	8 
30	8 
31	2 
32	6 
33	2 
34	6 
35	10 
36	2 
37	1 
38	3 
39	8 
40	1 
41	10 
42	3 
43	1 
44	3 
45	2 
46	10 
47	2 
48	5 
49	7 
50	1 
51	10 
52	4 
53	8 
54	3 
55	1 
56	2 
57	9 
58	2 
59	2 
60	7 
61	7 
62	4 
63	7 
64	1 
65	4 
66	9 
67	4 
68	5 
69	2 
70	7 
71	2 
72	4 
73	10 
74	6 
75	6 
76	5 
77	9 
78	6 
79	8 
80	4 
81	8 
82	1 
83	3 
84	6 
85	5 
86	9 
87	5 
88	4 
89	10 
90	8 
91	10 
92	9 
93	10 
94	5 
95	6 
96	5 
97	8 
98	9 
99	1 
100	1 
101	9 
102	6 
103	1 
104	10 
105	3 
106	10 
107	4 
108	7 
109	6 
110	3 
111	4 
112	5 
113	10 
114	2 
115	8 
116	4 
117	10 
118	10 
119	4 
120	5 
121	6 
122	1 
123	10 
124	6 
125	7 
126	10 
127	4 
128	6 
129	5 
130	1 
131	3 
132	2 
133	3 
134	10 
135	9 
136	9 
137	2 
138	2 
139	8 
140	1 
141	2 
142	3 
143	4 
144	9 
145	1 
146	10 
147	5 
148	9 
149	8 
150	5 
151	8 
152	4 
153	8 
154	7 
155	2 
156	2 
157	1 
158	8 
159	6 
160	4 
161	9 
162	5 
163	8 
164	8 
165	8 
166	4 
167	6 
168	10 
169	9 
170	8 
171	3 
172	3 
173	7 
174	5 
175	3 
176	9 
177	10 
178	8 
179	3 
180	5 
181	8 
182	7 
183	9 
184	8 
185	6 
186	6 
187	10 
188	10 
189	5 
190	5 
191	10 
192	6 
193	5 
194	3 
195	6 
196	7 
197	3 
198	10 
199	7 
200	3 
201	5 
202	4 
203	4 
204	1 
205	5 
206	2 
207	5 
208	5 
209	5 
210	5 
211	10 
212	7 
213	7 
214	6 
215	6 
216	2 
217	10 
218	8 
219	10 
220	2 
221	6 
222	4 
223	8 
224	3 
225	10 
226	8 
227	10 
228	2 
229	2 
230	8 
231	6 
232	9 
233	8 
234	8 
235	10 
236	1 
237	10 
238	2 
239	1 
240	2 
241	4 
242	7 
243	2 
244	3 
245	10 
246	9 
247	6 
248	10 
249	5 
250	8 
251	2 
252	2 
253	3 
254	1 
255	6 
256	10 
257	1 
258	6 
259	1 
260	7 
261	5 
262	1 
263	7 
264	5 
265	4 
266	4 
267	9 
268	7 
269	7 
270	8 
271	6 
272	6 
273	3 
274	8 
275	2 
276	2 
277	2 
278	3 
279	9 
280	5 
281	4 
282	9 
283	3 
284	9 
285	8 
286	9 
287	7 
288	1 
289	2 
290	10 
291	7 
292	3 
293	6 
294	1 
295	9 
296	8 
297	2 
298	5 
299	2 
300	2 
301	3 
302	4 
303	9 
304	4 
305	7 
306	7 
307	3 
308	9 
309	9 
310	5 
311	1 
312	6 
313	2 
314	5 
315	8 
316	8 
317	4 
318	2 
319	4 
320	4 
321	7 
322	10 
323	1 
324	2 
325	7 
326	6 
327	1 
328	8 
329	6 
330	5 
331	5 
332	4 
333	7 
334	6 
335	5 
336	5 
337	4 
338	9 
339	8 
340	9 
341	5 
342	1 
343	1 
344	1 
345	2 
346	8 
347	8 
348	5 
349	5 
350	8 
351	5 
352	7 
353	5 
354	10 
355	5 
356	6 
357	9 
358	4 
359	4 
360	1 
361	3 
362	3 
363	1 
364	2 
365	6 
366	3 
367	4 
368	8 
369	3 
370	8 
371	1 
372	1 
373	8 
374	7 
375	9 
376	3 
377	4 
378	10 
379	7 
380	1 
381	10 
382	2 
383	3 
384	8 
385	10 
386	3 
387	4 
388	6 
389	6 
390	9 
391	3 
392	1 
393	7 
394	8 
395	2 
396	5 
397	1 
398	9 
399	6 
400	6 
401	2 
402	2 
403	4 
404	10 
405	5 
406	8 
407	4 
408	7 
409	7 
410	1 
411	10 
412	2 
413	8 
414	6 
415	2 
416	10 
417	3 
418	3 
419	9 
420	8 
421	1 
422	7 
423	10 
424	3 
425	1 
426	4 
427	5 
428	7 
429	10 
430	10 
431	8 
432	5 
433	8 
434	9 
435	4 
436	10 
437	1 
438	10 
439	9 
440	2 
441	5 
442	6 
443	1 
444	2 
445	2 
446	10 
447	8 
448	4 
449	4 
450	5 
451	6 
452	3 
453	8 
454	4 
455	3 
456	2 
457	4 
458	4 
459	8 
460	4 
461	7 
462	5 
463	7 
464	3 
465	10 
466	7 
467	6 
468	2 
469	4 
470	4 
471	6 
472	1 
473	2 
474	1 
475	6 
476	5 
477	2 
478	2 
479	7 
480	1 
481	8 
482	2 
483	7 
484	2 
485	6 
486	9 
487	6 
488	9 
489	3 
490	2 
491	7 
492	1 
493	10 
494	3 
495	4 
496	8 
497	4 
498	8 
499	5 
500	1 
501	2 
502	7 
503	2 
504	8 
505	1 
506	1 
507	3 
508	7 
509	3 
510	9 
511	3 
512	3 
513	9 
514	9 
515	8 
516	6 
517	7 
518	6 
519	2 
520	10 
521	8 
522	10 
523	2 
524	2 
525	5 
526	1 
527	9 
528	10 
529	6 
530	3 
531	5 
532	7 
533	2 
534	10 
535	10 
536	4 
537	2 
538	2 
539	5 
540	5 
541	7 
542	2 
543	8 
544	3 
545	5 
546	3 
547	5 
548	1 
549	2 
550	3 
551	8 
552	8 
553	8 
554	6 
555	6 
556	10 
557	9 
558	4 
559	1 
560	8 
561	9 
562	7 
563	5 
564	6 
565	6 
566	7 
567	1 
568	3 
569	5 
570	10 
571	10 
572	8 
573	7 
574	5 
575	7 
576	1 
577	5 
578	8 
579	1 
580	5 
581	6 
582	1 
583	1 
584	2 
585	10 
586	4 
587	6 
588	2 
589	4 
590	1 
591	10 
592	5 
593	2 
594	8 
595	4 
596	6 
597	7 
598	7 
599	3 
600	9 
601	1 
602	10 
603	3 
604	5 
605	2 
606	8 
607	7 
608	7 
609	5 
610	6 
611	1 
612	6 
613	3 
614	2 
615	3 
616	5 
617	6 
618	8 
619	7 
620	8 
621	8 
622	7 
623	1 
624	7 
625	5 
626	5 
627	2 
628	6 
629	9 
630	7 
631	9 
632	10 
633	7 
634	4 
635	9 
636	9 
637	4 
638	3 
639	2 
640	6 
641	5 
642	2 
643	2 
644	2 
645	10 
646	8 
647	3 
648	1 
649	7 
650	2 
651	4 
652	6 
653	5 
654	10 
655	6 
656	5 
657	2 
658	7 
659	2 
660	8 
661	6 
662	9 
663	5 
664	5 
665	9 
666	10 
667	7 
668	8 
669	6 
670	3 
671	4 
672	1 
673	10 
674	9 
675	8 
676	4 
677	5 
678	7 
679	7 
680	2 
681	8 
682	10 
683	3 
684	5 
685	6 
686	7 
687	4 
688	10 
689	6 
690	10 
691	2 
692	2 
693	6 
694	1 
695	4 
696	1 
697	5 
698	1 
699	5 
700	5 
701	8 
702	10 
703	3 
704	7 
705	2 
706	8 
707	10 
708	5 
709	9 
710	9 
711	4 
712	5 
713	5 
714	7 
715	4 
716	5 
717	1 
718	4 
719	2 
720	9 
721	9 
722	2 
723	6 
724	4 
725	5 
726	9 
727	5 
728	2 
729	9 
730	5 
731	3 
732	6 
733	2 
734	7 
735	3 
736	2 
737	6 
738	10 
739	10 
740	5 
741	10 
742	10 
743	9 
744	2 
745	10 
746	3 
747	7 
748	8 
749	10 
750	8 
751	7 
752	3 
753	10 
754	7 
755	5 
756	3 
757	7 
758	2 
759	4 
760	8 
761	4 
762	10 
763	5 
764	10 
765	6 
766	10 
767	4 
768	9 
769	9 
770	9 
771	3 
772	4 
773	8 
774	5 
775	10 
776	1 
777	10 
778	2 
779	2 
780	7 
781	7 
782	8 
783	6 
784	7 
785	9 
786	9 
787	3 
788	10 
789	2 
790	6 
791	7 
792	1 
793	10 
794	3 
795	7 
796	10 
797	2 
798	9 
799	4 
800	7 
801	10 
802	10 
803	2 
804	1 
805	6 
806	4 
807	7 
808	2 
809	5 
810	6 
811	4 
812	2 
813	8 
814	3 
815	2 
816	9 
817	9 
818	6 
819	9 
820	6 
821	10 
822	2 
823	6 
824	8 
825	8 
826	6 
827	10 
828	7 
829	4 
830	10 
831	4 
832	9 
833	9 
834	3 
835	2 
836	7 
837	10 
838	8 
839	6 
840	8 
841	9 
842	8 
843	4 
844	8 
845	5 
846	5 
847	8 
848	4 
849	1 
850	10 
851	9 
852	7 
853	8 
854	7 
855	9 
856	1 
857	4 
858	3 
859	2 
860	6 
861	9 
862	5 
863	10 
864	6 
865	7 
866	3 
867	2 
868	6 
869	2 
870	1 
871	4 
872	8 
873	8 
874	10 
875	5 
876	9 
877	10 
878	7 
879	3 
880	9 
881	8 
882	8 
883	4 
884	1 
885	10 
886	2 
887	3 
888	9 
889	8 
890	7 
891	10 
892	6 
893	2 
894	8 
895	5 
896	3 
897	7 
898	8 
899	3 
900	6 
901	8 
902	8 
903	8 
904	2 
905	1 
906	8 
907	6 
908	2 
909	3 
910	3 
911	5 
912	2 
913	7 
914	10 
915	6 
916	3 
917	7 
918	8 
919	4 
920	1 
921	5 
922	9 
923	3 
924	5 
925	2 
926	4 
927	10 
928	9 
929	9 
930	3 
931	7 
932	10 
933	6 
934	9 
935	1 
936	7 
937	5 
938	10 
939	2 
940	8 
941	10 
942	5 
943	7 
944	1 
945	3 
946	3 
947	2 
948	3 
949	9 
950	6 
951	8 
952	8 
953	10 
954	4 
955	1 
956	1 
957	2 
958	10 
959	8 
960	1 
961	5 
962	10 
963	2 
964	5 
965	8 
966	8 
967	2 
968	6 
969	4 
970	10 
971	6 
972	9 
973	8 
974	7 
975	5 
976	9 
977	2 
978	6 
979	10 
980	7 
981	9 
982	2 
983	10 
984	10 
985	8 
986	10 
987	4 
988	2 
989	1 
990	8 
991	7 
992	8 
993	4 
994	3 
995	5 
996	8 
997	3 
998	4 
999	8 
1000	8 
