1	1 
2	1 
3	6 
4	8 
5	1 
6	2 
7	4 
8	5 
9	9 
10	7 
11	7 
12	9 
13	7 
14	3 
15	4 
16	8 
17	3 
18	2 
19	2 
20	6 
21	6 
22	4 
23	8 
24	4 
25	9 
26	8 
27	7 
28	1 
29	9 
30	9 
31	1 
32	5 
33	9 
34	6 
35	7 
36	8 
37	3 
38	5 
39	4 
40	7 
41	8 
42	3 
43	5 
44	8 
45	2 
46	8 
47	4 
48	6 
49	1 
50	3 
51	8 
52	2 
53	2 
54	7 
55	3 
56	5 
57	3 
58	6 
59	9 
60	3 
61	8 
62	8 
63	7 
64	1 
65	6 
66	6 
67	4 
68	4 
69	9 
70	1 
71	5 
72	2 
73	9 
74	5 
75	1 
76	6 
77	4 
78	5 
79	4 
80	1 
81	5 
82	6 
83	4 
84	3 
85	8 
86	6 
87	7 
88	8 
89	1 
90	3 
91	9 
92	6 
93	9 
94	8 
95	9 
96	5 
97	3 
98	7 
99	8 
100	9 
101	3 
102	3 
103	9 
104	4 
105	8 
106	6 
107	9 
108	3 
109	1 
110	8 
111	9 
112	2 
113	4 
114	8 
115	3 
116	8 
117	8 
118	6 
119	3 
120	4 
121	3 
122	2 
123	7 
124	5 
125	7 
126	2 
127	5 
128	5 
129	3 
130	4 
131	3 
132	5 
133	8 
134	1 
135	1 
136	4 
137	1 
138	5 
139	6 
140	5 
141	9 
142	2 
143	2 
144	5 
145	6 
146	7 
147	1 
148	1 
149	4 
150	4 
151	9 
152	1 
153	4 
154	4 
155	4 
156	7 
157	4 
158	3 
159	5 
160	2 
161	4 
162	7 
163	2 
164	7 
165	7 
166	1 
167	7 
168	4 
169	9 
170	9 
171	4 
172	9 
173	4 
174	2 
175	9 
176	2 
177	5 
178	6 
179	2 
180	5 
181	4 
182	9 
183	8 
184	3 
185	8 
186	1 
187	4 
188	2 
189	2 
190	4 
191	3 
192	9 
193	8 
194	5 
195	1 
196	3 
197	9 
198	5 
199	4 
200	3 
201	3 
202	3 
203	7 
204	3 
205	1 
206	8 
207	2 
208	7 
209	8 
210	8 
211	2 
212	5 
213	7 
214	9 
215	5 
216	1 
217	9 
218	6 
219	3 
220	1 
221	3 
222	8 
223	2 
224	9 
225	7 
226	5 
227	9 
228	8 
229	5 
230	8 
231	2 
232	1 
233	7 
234	9 
235	9 
236	6 
237	6 
238	8 
239	6 
240	7 
241	9 
242	8 
243	9 
244	3 
245	9 
246	7 
247	6 
248	7 
249	7 
250	4 
251	2 
252	6 
253	3 
254	8 
255	6 
256	4 
257	7 
258	7 
259	3 
260	4 
261	6 
262	6 
263	7 
264	3 
265	7 
266	1 
267	8 
268	9 
269	6 
270	6 
271	1 
272	4 
273	6 
274	9 
275	7 
276	8 
277	6 
278	3 
279	3 
280	7 
281	4 
282	9 
283	6 
284	6 
285	9 
286	4 
287	6 
288	2 
289	8 
290	9 
291	6 
292	6 
293	9 
294	5 
295	8 
296	5 
297	4 
298	8 
299	8 
300	5 
301	3 
302	9 
303	9 
304	6 
305	8 
306	1 
307	7 
308	9 
309	9 
310	3 
311	6 
312	1 
313	3 
314	2 
315	2 
316	1 
317	3 
318	9 
319	7 
320	2 
321	7 
322	7 
323	6 
324	6 
325	2 
326	4 
327	8 
328	1 
329	7 
330	3 
331	5 
332	7 
333	9 
334	5 
335	9 
336	1 
337	8 
338	6 
339	9 
340	8 
341	5 
342	5 
343	7 
344	8 
345	2 
346	8 
347	7 
348	3 
349	1 
350	2 
351	2 
352	8 
353	3 
354	8 
355	9 
356	9 
357	9 
358	6 
359	1 
360	6 
361	2 
362	4 
363	2 
364	1 
365	9 
366	8 
367	1 
368	5 
369	8 
370	1 
371	2 
372	9 
373	1 
374	6 
375	7 
376	2 
377	8 
378	4 
379	9 
380	6 
381	3 
382	3 
383	3 
384	8 
385	7 
386	6 
387	9 
388	4 
389	5 
390	7 
391	3 
392	9 
393	7 
394	2 
395	6 
396	4 
397	7 
398	2 
399	7 
400	5 
401	3 
402	9 
403	1 
404	8 
405	1 
406	2 
407	1 
408	7 
409	2 
410	6 
411	2 
412	2 
413	8 
414	3 
415	4 
416	7 
417	2 
418	7 
419	9 
420	2 
421	4 
422	1 
423	9 
424	4 
425	1 
426	2 
427	9 
428	3 
429	7 
430	4 
431	7 
432	7 
433	5 
434	3 
435	3 
436	7 
437	9 
438	1 
439	7 
440	7 
441	4 
442	5 
443	2 
444	8 
445	6 
446	9 
447	5 
448	9 
449	3 
450	7 
451	3 
452	4 
453	5 
454	1 
455	2 
456	1 
457	3 
458	5 
459	2 
460	8 
461	5 
462	9 
463	8 
464	7 
465	9 
466	9 
467	7 
468	4 
469	9 
470	4 
471	9 
472	7 
473	1 
474	2 
475	7 
476	4 
477	6 
478	4 
479	6 
480	7 
481	6 
482	2 
483	8 
484	9 
485	7 
486	2 
487	2 
488	3 
489	2 
490	6 
491	3 
492	1 
493	7 
494	1 
495	7 
496	7 
497	9 
498	8 
499	8 
500	1 
501	3 
502	3 
503	8 
504	5 
505	7 
506	5 
507	3 
508	3 
509	4 
510	2 
511	2 
512	4 
513	4 
514	6 
515	9 
516	7 
517	1 
518	3 
519	7 
520	7 
521	2 
522	4 
523	4 
524	4 
525	9 
526	3 
527	7 
528	1 
529	3 
530	3 
531	6 
532	9 
533	4 
534	4 
535	9 
536	5 
537	9 
538	3 
539	5 
540	3 
541	7 
542	8 
543	9 
544	8 
545	3 
546	1 
547	3 
548	8 
549	9 
550	1 
551	6 
552	8 
553	8 
554	4 
555	5 
556	8 
557	1 
558	9 
559	5 
560	1 
561	9 
562	5 
563	4 
564	9 
565	5 
566	9 
567	4 
568	4 
569	4 
570	6 
571	8 
572	2 
573	5 
574	9 
575	9 
576	8 
577	3 
578	1 
579	4 
580	5 
581	4 
582	1 
583	5 
584	3 
585	1 
586	7 
587	5 
588	1 
589	7 
590	7 
591	7 
592	4 
593	9 
594	7 
595	9 
596	5 
597	5 
598	8 
599	3 
600	9 
601	1 
602	2 
603	8 
604	7 
605	3 
606	2 
607	9 
608	9 
609	3 
610	2 
611	6 
612	9 
613	5 
614	3 
615	7 
616	7 
617	5 
618	4 
619	5 
620	7 
621	7 
622	8 
623	8 
624	9 
625	3 
626	7 
627	8 
628	2 
629	9 
630	9 
631	6 
632	7 
633	3 
634	1 
635	7 
636	5 
637	3 
638	7 
639	8 
640	9 
641	7 
642	9 
643	5 
644	3 
645	4 
646	3 
647	1 
648	6 
649	1 
650	1 
651	9 
652	1 
653	9 
654	3 
655	8 
656	2 
657	5 
658	7 
659	9 
660	4 
661	2 
662	7 
663	4 
664	4 
665	8 
666	4 
667	8 
668	5 
669	4 
670	4 
671	1 
672	4 
673	6 
674	8 
675	1 
676	1 
677	4 
678	9 
679	5 
680	1 
681	4 
682	6 
683	9 
684	2 
685	4 
686	5 
687	5 
688	4 
689	5 
690	4 
691	1 
692	1 
693	2 
694	8 
695	9 
696	5 
697	6 
698	3 
699	8 
700	8 
701	5 
702	1 
703	4 
704	4 
705	9 
706	3 
707	2 
708	9 
709	6 
710	8 
711	1 
712	9 
713	9 
714	4 
715	8 
716	9 
717	1 
718	4 
719	1 
720	5 
721	7 
722	7 
723	2 
724	9 
725	3 
726	2 
727	8 
728	5 
729	9 
730	5 
731	9 
732	2 
733	7 
734	8 
735	8 
736	8 
737	4 
738	7 
739	4 
740	3 
741	7 
742	3 
743	6 
744	6 
745	4 
746	2 
747	2 
748	2 
749	9 
750	3 
751	2 
752	5 
753	7 
754	6 
755	2 
756	8 
757	2 
758	2 
759	5 
760	9 
761	3 
762	8 
763	4 
764	9 
765	8 
766	3 
767	1 
768	7 
769	2 
770	5 
771	9 
772	9 
773	4 
774	4 
775	1 
776	9 
777	5 
778	8 
779	6 
780	8 
781	7 
782	4 
783	5 
784	9 
785	7 
786	8 
787	2 
788	3 
789	7 
790	3 
791	4 
792	1 
793	8 
794	7 
795	5 
796	2 
797	2 
798	3 
799	2 
800	3 
801	8 
802	3 
803	7 
804	4 
805	8 
806	3 
807	3 
808	2 
809	9 
810	5 
811	9 
812	9 
813	9 
814	2 
815	2 
816	3 
817	2 
818	1 
819	3 
820	7 
821	4 
822	2 
823	9 
824	9 
825	8 
826	7 
827	8 
828	4 
829	8 
830	9 
831	2 
832	5 
833	1 
834	1 
835	7 
836	7 
837	3 
838	2 
839	8 
840	3 
841	3 
842	8 
843	6 
844	4 
845	2 
846	5 
847	4 
848	8 
849	5 
850	9 
851	9 
852	2 
853	2 
854	9 
855	9 
856	8 
857	5 
858	3 
859	5 
860	1 
861	6 
862	6 
863	2 
864	8 
865	5 
866	7 
867	8 
868	2 
869	4 
870	2 
871	8 
872	8 
873	3 
874	1 
875	4 
876	1 
877	2 
878	8 
879	7 
880	9 
881	2 
882	9 
883	8 
884	7 
885	2 
886	8 
887	1 
888	6 
889	2 
890	2 
891	5 
892	8 
893	3 
894	3 
895	2 
896	4 
897	9 
898	2 
899	2 
900	9 
901	4 
902	2 
903	8 
904	2 
905	6 
906	9 
907	9 
908	9 
909	6 
910	6 
911	8 
912	2 
913	8 
914	6 
915	6 
916	3 
917	3 
918	9 
919	2 
920	9 
921	4 
922	7 
923	2 
924	6 
925	3 
926	9 
927	9 
928	7 
929	3 
930	9 
931	8 
932	3 
933	6 
934	6 
935	9 
936	2 
937	1 
938	2 
939	3 
940	2 
941	9 
942	8 
943	4 
944	9 
945	8 
946	9 
947	7 
948	4 
949	1 
950	3 
951	2 
952	2 
953	9 
954	6 
955	3 
956	8 
957	9 
958	9 
959	1 
960	5 
961	2 
962	3 
963	9 
964	7 
965	4 
966	7 
967	6 
968	5 
969	3 
970	2 
971	3 
972	8 
973	4 
974	3 
975	2 
976	4 
977	6 
978	8 
979	7 
980	3 
981	9 
982	9 
983	3 
984	2 
985	9 
986	1 
987	8 
988	7 
989	9 
990	9 
991	6 
992	8 
993	7 
994	1 
995	1 
996	3 
997	5 
998	3 
999	2 
1000	7 
