1	863
1	875
2	950
3	797
4	462
5	219
5	436
6	829
6	831
7	391
8	781
9	536
9	899
10	757
11	674
11	830
12	370
12	838
13	281
13	923
13	924
14	845
15	940
16	926
17	817
17	852
18	837
19	810
20	460
21	606
22	727
22	900
23	956
24	912
24	938
25	670
25	805
26	257
27	780
27	869
27	875
28	665
28	953
29	916
29	917
30	466
31	51
31	865
32	916
32	947
33	239
34	766
35	993
36	408
36	936
37	93
37	389
38	992
39	921
40	87
40	794
41	484
43	968
44	900
45	853
45	897
46	816
47	989
48	803
49	701
49	972
50	70
51	31
51	655
52	885
53	986
54	658
54	858
55	928
55	959
56	689
57	898
58	985
59	591
59	677
60	908
61	569
61	978
62	851
62	891
63	769
63	977
64	537
65	914
65	932
66	825
67	673
67	721
68	764
69	878
69	936
70	50
71	758
71	794
71	950
72	740
72	753
73	596
74	557
75	153
76	499
76	648
77	765
78	771
78	953
79	867
80	835
81	734
82	959
83	916
83	949
84	466
84	788
84	954
85	904
86	981
87	40
87	227
88	796
88	920
89	966
90	844
90	949
91	866
92	780
92	868
93	37
93	902
93	986
94	918
95	529
96	106
96	752
96	984
97	894
97	901
98	562
98	888
99	721
99	937
100	414
100	640
101	594
101	912
102	510
102	539
103	711
104	783
105	734
106	96
106	983
107	720
107	762
108	784
108	987
109	811
110	524
110	984
111	942
112	993
113	828
114	808
114	859
115	919
115	926
116	231
117	438
117	734
118	758
119	584
120	721
120	838
121	895
122	143
122	463
123	757
123	841
123	963
124	913
124	996
125	778
126	507
126	704
127	281
127	981
128	966
129	195
129	502
129	828
130	922
130	981
131	982
132	965
133	625
134	360
135	526
136	578
136	908
136	952
137	949
138	883
139	838
139	888
140	908
140	1000
141	755
141	947
142	708
142	863
143	122
143	914
144	888
144	920
145	866
145	908
146	351
147	458
147	977
148	778
149	762
149	945
150	947
150	960
151	897
152	714
153	75
153	751
154	335
154	712
155	882
156	758
156	950
157	887
157	994
158	347
158	586
159	832
159	974
160	303
160	894
161	651
162	775
163	548
163	910
164	992
165	982
166	747
166	895
167	476
167	870
168	657
169	935
169	969
170	973
171	993
172	843
172	925
173	839
174	626
175	332
175	891
176	654
176	798
177	776
177	935
178	822
178	872
179	512
179	909
180	710
180	885
181	779
181	843
182	565
182	994
183	739
183	827
184	832
185	973
186	804
187	923
187	924
188	848
188	979
190	405
190	528
190	707
191	696
191	785
192	651
192	661
193	953
194	552
194	750
195	129
196	988
197	677
198	823
198	903
199	724
199	762
200	860
201	567
202	960
203	648
203	818
204	978
205	781
205	987
206	903
206	907
207	958
208	814
209	784
210	950
211	823
212	792
213	624
213	694
214	756
214	813
214	862
215	650
215	773
216	457
217	313
218	245
218	947
219	5
219	646
220	838
222	597
222	861
223	962
224	899
224	993
225	859
226	454
226	665
227	87
227	722
228	928
229	808
230	683
231	116
233	967
234	763
234	979
235	566
235	723
235	918
236	962
237	830
237	866
238	339
238	385
238	469
238	985
239	33
239	922
239	946
240	475
240	820
240	902
241	954
242	682
242	788
242	885
243	698
243	823
244	654
244	986
245	218
245	892
246	947
246	960
246	975
247	733
247	802
247	848
247	979
248	890
249	708
249	789
250	974
250	978
251	962
251	986
252	847
252	903
252	907
253	895
253	972
254	906
254	969
255	488
255	979
256	909
256	955
257	26
257	389
257	436
257	613
258	784
258	927
258	954
259	953
260	824
261	797
261	917
262	901
262	943
262	978
263	705
263	893
264	904
264	934
265	464
266	617
266	969
267	679
267	908
268	849
268	983
269	982
269	999
270	938
270	990
271	849
271	882
271	983
271	990
272	658
273	625
273	842
273	974
274	905
274	949
275	685
275	731
275	859
276	836
276	850
277	454
277	940
278	672
278	735
278	900
279	515
279	928
279	959
280	690
280	795
280	800
280	954
281	13
281	127
281	783
281	961
282	861
283	472
283	820
284	702
284	746
284	817
285	709
285	979
286	617
286	868
287	653
287	987
288	699
288	823
289	952
289	973
289	998
290	747
290	896
291	877
291	955
292	460
292	498
292	592
293	723
293	936
294	834
294	976
295	772
295	915
295	945
296	969
297	436
297	971
298	925
299	872
300	671
300	835
301	865
301	956
302	675
302	723
302	995
303	160
303	992
304	873
304	964
304	976
305	661
305	997
306	691
306	834
306	845
307	500
307	904
308	832
309	701
309	851
310	626
310	658
310	665
310	909
311	886
311	966
312	772
312	958
312	964
313	217
313	960
314	628
315	778
316	924
317	905
317	949
319	897
319	964
320	982
321	613
321	989
322	613
322	673
323	529
323	870
323	878
323	953
324	738
324	905
324	913
324	949
325	880
325	916
325	973
326	916
326	927
327	483
327	541
327	636
328	967
328	991
329	921
330	840
330	904
331	414
331	938
332	175
332	966
333	874
333	876
333	935
334	795
335	154
335	771
336	843
336	900
337	833
337	950
338	812
339	238
339	733
340	508
340	839
341	903
341	951
342	590
342	948
343	455
343	972
344	776
344	870
345	561
345	702
346	821
346	888
346	996
347	158
347	845
348	871
348	923
348	948
349	550
349	941
350	814
350	817
351	146
351	702
351	894
351	999
352	903
352	917
353	478
353	611
353	885
353	989
354	796
355	887
355	994
356	720
356	792
356	841
357	971
358	670
358	878
358	944
359	982
360	134
360	964
360	972
361	613
361	975
362	906
362	982
363	821
363	843
364	805
364	903
364	915
365	647
365	852
366	844
366	935
366	962
367	887
367	905
367	994
368	703
368	827
368	964
369	881
369	930
370	12
370	768
371	685
372	674
372	920
373	549
373	558
373	788
374	587
375	500
375	844
375	905
376	847
376	923
376	924
377	840
377	950
378	404
378	972
379	820
379	950
380	652
381	410
381	950
382	987
383	841
383	934
384	874
384	934
384	951
385	238
385	687
387	668
387	720
387	885
388	792
388	923
388	924
389	37
389	257
389	902
390	468
390	620
391	7
391	673
392	819
392	979
393	835
393	959
394	572
395	792
395	841
395	893
396	756
396	776
397	812
397	882
398	827
398	942
398	976
399	939
400	455
400	747
400	833
401	415
401	420
401	961
402	609
402	662
402	721
402	795
403	777
403	816
403	907
403	963
404	378
404	999
405	190
405	593
405	748
406	857
406	916
406	995
407	742
407	797
407	816
407	871
408	36
408	698
408	871
408	879
409	763
409	776
409	999
410	381
410	517
410	692
410	882
411	777
411	801
411	875
412	768
412	863
412	985
413	489
413	623
413	699
413	958
414	100
414	331
414	827
414	993
414	994
415	401
415	844
415	876
415	935
416	551
416	944
416	945
417	444
417	841
417	923
417	975
418	681
418	861
418	978
418	995
419	635
419	902
420	401
420	652
420	850
420	920
420	991
421	466
421	658
421	909
422	761
422	831
422	969
423	677
423	922
423	930
424	757
424	863
424	903
425	648
425	787
425	940
426	806
426	939
426	970
427	663
427	956
428	519
428	609
428	735
429	531
429	805
429	915
429	958
430	606
430	889
430	938
431	490
431	918
431	942
431	976
432	807
432	868
432	991
433	772
433	865
433	931
434	688
434	833
434	930
434	931
434	997
435	692
435	814
436	5
436	257
436	297
436	756
436	813
437	835
437	864
437	975
438	117
438	654
438	702
438	754
438	974
439	469
439	540
439	856
440	557
440	565
440	781
440	992
441	770
441	775
441	852
441	917
442	585
442	749
442	980
442	989
443	543
443	548
443	709
443	842
444	417
444	947
444	960
444	972
445	872
445	881
445	911
445	1000
446	552
446	703
446	768
447	827
447	884
447	923
448	477
448	867
448	991
448	993
449	556
449	738
449	810
449	837
449	910
450	773
450	906
450	947
450	963
451	772
451	805
451	915
451	988
452	663
452	868
452	908
452	930
453	565
453	978
453	996
454	226
454	277
454	510
454	919
455	343
455	400
455	960
456	603
456	964
457	216
457	628
457	686
458	147
458	968
458	977
459	497
459	777
459	958
459	999
460	20
460	292
460	887
461	668
461	777
461	882
462	4
462	720
462	965
463	122
463	561
463	857
463	943
464	265
464	597
464	739
464	913
465	501
465	609
465	682
465	876
466	30
466	84
466	421
466	984
467	561
467	730
467	974
468	390
468	563
468	590
468	884
469	238
469	439
469	815
469	909
470	476
470	834
471	947
471	960
471	962
472	283
472	600
472	650
472	748
472	902
473	736
473	817
473	865
473	894
474	617
474	911
474	999
475	240
475	951
475	997
476	167
476	470
476	974
477	448
477	561
477	866
477	984
478	353
478	555
478	780
478	785
478	880
479	932
479	971
479	990
480	919
480	931
480	940
480	1000
481	643
481	820
481	902
481	939
482	802
482	870
482	933
482	969
483	327
483	917
483	926
484	41
484	864
484	893
484	945
485	601
485	735
485	885
485	977
486	816
486	834
486	977
487	811
487	865
487	957
488	255
488	529
488	944
489	413
489	704
489	705
490	431
490	745
490	774
490	966
491	577
491	741
491	965
492	708
492	926
492	946
492	982
493	572
493	890
494	677
494	731
494	768
494	930
494	959
495	720
495	888
495	996
496	799
496	890
496	957
496	970
497	459
497	505
497	589
497	990
498	292
498	752
498	773
499	76
499	615
499	787
500	307
500	375
500	667
500	679
501	465
501	686
501	922
501	927
502	129
502	633
502	776
502	788
503	587
503	862
503	954
503	956
504	761
504	828
504	905
505	497
505	612
505	657
505	743
505	831
505	899
506	787
506	800
507	126
507	592
507	923
507	924
507	926
508	340
508	945
508	989
509	852
509	910
509	963
510	102
510	454
510	713
510	811
510	920
511	674
511	680
512	179
512	909
513	618
513	819
513	917
514	900
514	976
514	984
515	279
515	676
515	999
516	633
516	775
516	883
516	994
517	410
517	635
517	942
518	626
518	741
518	893
518	961
519	428
519	603
519	666
520	953
520	970
520	979
521	857
521	918
521	920
521	996
522	897
522	952
522	961
523	901
523	931
523	1000
524	110
524	763
524	887
524	952
524	994
525	575
525	829
525	956
526	135
526	566
526	584
527	790
527	897
527	909
527	936
527	989
528	190
528	561
528	690
528	987
529	95
529	323
529	488
530	531
530	753
530	764
531	429
531	530
531	691
532	636
532	752
532	905
532	913
532	949
533	844
533	856
533	867
533	876
533	935
534	711
534	940
534	979
535	604
535	800
535	809
535	915
535	969
535	995
536	9
536	579
536	803
536	840
536	846
536	899
537	64
537	707
537	872
537	941
537	951
537	990
538	664
538	745
538	946
539	102
539	606
539	628
539	973
540	439
540	560
540	901
540	946
540	957
540	985
541	327
541	879
541	963
541	992
542	634
542	691
542	845
542	966
543	443
543	696
543	893
544	636
544	642
544	847
544	896
545	877
545	965
546	730
546	925
546	960
547	810
547	837
547	952
547	989
548	163
548	443
548	664
548	822
548	965
549	373
549	790
549	859
549	895
549	936
550	349
550	824
550	863
550	934
551	416
551	738
551	931
551	1000
552	194
552	446
552	673
552	827
552	996
553	579
553	656
553	727
553	884
553	940
554	606
554	937
554	959
555	478
555	591
555	769
555	789
555	871
555	951
556	449
556	786
556	810
556	877
556	964
556	996
557	74
557	440
557	866
557	968
558	373
558	676
558	781
558	927
558	954
559	781
559	900
559	984
559	1000
560	540
560	730
560	752
560	759
560	843
561	345
561	463
561	467
561	477
561	528
562	98
562	757
562	760
562	841
563	468
563	602
563	796
563	859
564	795
564	800
564	876
564	904
564	929
564	976
565	182
565	440
565	453
565	796
565	845
565	920
566	235
566	526
566	584
566	603
566	854
567	201
567	730
567	790
567	925
567	983
568	745
568	760
568	837
568	915
569	61
569	783
569	801
569	915
569	919
570	834
570	849
570	970
570	983
571	827
571	921
571	928
571	964
572	394
572	493
572	658
572	909
572	911
573	755
573	769
573	914
573	967
573	977
574	667
574	679
574	800
574	906
574	929
575	525
575	665
575	693
575	956
576	773
576	797
576	881
576	953
576	988
577	491
577	695
577	715
577	748
577	944
578	136
578	645
578	906
578	963
579	536
579	553
579	711
579	917
579	940
580	681
580	717
580	894
580	974
580	976
581	602
581	828
581	871
581	922
582	668
582	873
582	880
582	900
583	736
583	745
583	867
583	991
583	992
584	119
584	526
584	566
584	757
585	442
585	749
585	760
585	930
585	965
586	158
586	922
586	924
586	981
587	374
587	503
587	644
587	658
587	836
588	760
588	764
588	831
588	921
588	987
589	497
589	778
589	794
589	903
589	907
589	915
590	342
590	468
590	767
590	910
591	59
591	555
591	668
591	793
591	871
592	292
592	507
592	783
592	823
593	405
593	713
593	747
593	833
593	883
593	971
594	101
594	716
594	818
594	859
594	914
594	932
595	659
595	826
595	901
595	949
595	966
595	990
596	73
596	844
596	882
596	918
596	920
597	222
597	464
597	676
597	717
597	861
598	700
598	754
598	785
598	790
598	935
598	980
599	697
599	862
599	873
599	889
600	472
600	770
600	951
600	999
601	485
601	619
601	671
601	735
601	810
601	858
602	563
602	581
602	685
602	710
602	715
602	858
602	859
603	456
603	519
603	566
603	672
603	864
604	535
604	869
604	969
604	976
605	638
605	784
605	902
605	950
605	997
606	21
606	430
606	539
606	554
606	909
607	809
607	830
607	866
607	940
608	610
608	966
608	985
608	990
609	402
609	428
609	465
609	903
609	950
610	608
610	765
610	922
610	981
611	353
611	656
611	690
611	961
612	505
612	657
612	743
612	854
612	924
613	257
613	321
613	322
613	361
614	617
614	639
614	646
614	770
614	775
614	945
615	499
615	708
615	747
615	913
615	946
616	653
616	702
616	713
616	717
616	835
617	266
617	286
617	474
617	614
617	770
618	513
618	643
618	798
618	819
618	853
618	923
619	601
619	689
619	804
619	895
619	897
620	390
620	896
620	932
620	949
620	994
621	663
621	773
621	793
621	875
621	975
622	711
622	916
622	986
622	999
623	413
623	696
623	704
623	705
623	945
624	213
624	694
624	712
624	727
624	956
624	979
625	133
625	273
625	626
625	811
625	872
625	883
626	174
626	310
626	518
626	625
626	795
627	773
627	821
627	912
627	938
628	314
628	457
628	539
628	726
628	905
629	870
629	877
629	950
629	953
629	992
630	965
630	990
630	991
630	1000
631	785
631	873
631	932
631	975
632	726
632	777
632	816
632	878
633	502
633	516
633	761
633	809
633	831
634	542
634	804
634	825
634	835
635	419
635	517
635	655
635	674
635	808
635	988
636	327
636	532
636	544
636	872
636	941
637	731
637	919
637	926
637	965
638	605
638	916
638	955
638	988
639	614
639	848
639	862
639	956
640	100
640	708
640	806
640	834
640	842
640	901
641	674
641	677
641	732
641	847
641	930
642	544
642	707
642	733
642	998
643	481
643	618
643	819
643	836
644	587
644	653
644	751
644	778
644	949
645	578
645	816
645	828
645	838
645	985
646	219
646	614
646	965
647	365
647	675
647	717
647	836
647	902
647	925
648	76
648	203
648	425
648	738
648	787
648	943
649	686
649	812
649	962
649	967
649	981
649	985
650	215
650	472
650	680
650	737
650	916
650	981
650	986
651	161
651	192
651	661
651	954
651	1000
652	380
652	420
652	736
652	744
652	867
652	868
652	991
653	287
653	616
653	644
653	803
653	853
653	854
653	909
654	176
654	244
654	438
654	698
654	766
654	777
654	899
655	51
655	635
655	697
655	797
655	881
655	988
656	553
656	611
656	671
656	681
656	690
656	959
656	960
657	168
657	505
657	612
657	743
657	857
658	54
658	272
658	310
658	421
658	572
658	587
658	704
659	595
659	823
659	890
659	935
660	709
660	740
660	749
660	872
660	890
661	192
661	305
661	651
661	860
661	899
661	907
662	402
662	754
662	878
662	879
662	948
662	983
662	992
663	427
663	452
663	621
663	910
663	963
664	538
664	548
664	777
664	936
664	984
665	28
665	226
665	310
665	575
665	698
665	829
665	862
666	519
666	758
666	766
666	771
666	899
666	962
666	973
667	500
667	574
667	732
667	806
667	887
667	984
667	994
668	387
668	461
668	582
668	591
668	778
668	968
669	862
669	876
669	890
669	901
669	943
669	985
670	25
670	358
670	695
670	721
670	813
671	300
671	601
671	656
671	690
671	729
671	890
672	278
672	603
672	759
672	781
672	853
672	907
672	921
672	987
673	67
673	322
673	391
673	552
673	686
673	795
673	842
674	11
674	372
674	511
674	635
674	641
674	895
674	930
675	302
675	647
675	689
675	723
676	515
676	558
676	597
676	695
676	912
676	951
676	999
677	59
677	197
677	423
677	494
677	641
677	680
677	950
677	969
678	767
678	860
678	938
678	948
679	267
679	500
679	574
679	722
679	759
679	863
679	904
680	511
680	650
680	677
680	688
680	921
680	930
680	979
681	418
681	580
681	656
681	745
681	800
681	916
681	948
681	995
682	242
682	465
682	686
682	706
682	746
682	889
683	230
683	714
683	758
683	950
683	971
684	767
684	785
684	810
684	864
684	941
684	982
685	275
685	371
685	602
685	715
685	808
685	859
685	924
685	978
686	457
686	501
686	649
686	673
686	682
686	972
686	981
687	385
687	751
687	757
687	860
687	974
688	434
688	680
688	727
688	734
688	748
688	944
689	56
689	619
689	675
689	723
689	841
690	280
690	528
690	611
690	656
690	671
690	887
690	927
691	306
691	531
691	542
691	724
691	738
691	845
691	922
692	410
692	435
692	728
692	814
692	815
692	868
692	959
693	575
693	782
693	810
693	817
693	837
693	902
694	213
694	624
694	712
694	802
694	905
694	976
695	577
695	670
695	676
695	697
695	793
695	944
695	976
695	991
696	191
696	543
696	623
696	780
696	880
696	922
697	599
697	655
697	695
697	908
697	944
697	998
698	243
698	408
698	654
698	665
698	717
698	845
698	894
699	288
699	413
699	807
699	847
699	929
699	941
700	598
700	822
700	858
700	924
700	980
700	982
701	49
701	309
701	710
701	779
701	882
701	972
702	284
702	345
702	351
702	438
702	616
702	970
703	368
703	446
703	739
703	750
703	943
704	126
704	489
704	623
704	658
704	705
704	800
704	990
705	263
705	489
705	623
705	704
705	908
705	972
705	975
705	989
706	682
706	722
706	784
706	795
706	892
706	899
706	929
707	190
707	537
707	642
707	777
707	847
707	941
708	142
708	249
708	492
708	615
708	640
708	745
708	919
709	285
709	443
709	660
709	782
709	848
709	969
709	979
710	180
710	602
710	701
710	740
710	753
710	798
711	103
711	534
711	579
711	622
711	817
711	912
712	154
712	624
712	694
712	973
713	510
713	593
713	616
713	792
713	811
713	815
713	883
714	152
714	683
714	772
714	958
714	963
715	577
715	602
715	685
715	782
715	859
715	959
716	594
716	818
716	914
716	932
716	969
717	580
717	597
717	616
717	647
717	698
717	876
718	859
718	933
718	951
718	952
718	961
718	977
718	982
718	998
719	744
719	801
719	856
719	900
719	910
719	963
720	107
720	356
720	387
720	462
720	495
720	726
720	885
721	67
721	99
721	120
721	402
721	670
721	879
722	227
722	679
722	706
722	790
722	795
722	800
722	929
723	235
723	293
723	302
723	675
723	689
723	864
724	199
724	691
724	771
724	825
724	826
724	835
725	775
725	795
725	808
725	821
725	931
725	1000
726	628
726	632
726	720
726	777
726	828
726	941
727	22
727	553
727	624
727	688
727	747
727	758
727	833
728	692
728	815
728	928
728	949
728	958
728	959
728	972
729	671
729	803
729	853
729	854
729	958
729	974
730	467
730	546
730	560
730	567
730	925
730	957
731	275
731	494
731	637
731	806
731	939
731	970
731	994
732	641
732	667
732	849
732	966
732	983
733	247
733	339
733	642
733	742
733	892
733	955
734	81
734	105
734	117
734	688
734	748
734	968
735	278
735	428
735	485
735	601
735	893
735	955
736	473
736	583
736	652
736	850
736	867
736	886
736	991
737	650
737	861
737	921
737	986
737	992
738	324
738	449
738	551
738	648
738	691
738	824
738	845
739	183
739	464
739	703
739	750
739	827
739	926
740	72
740	660
740	710
740	753
740	764
740	885
740	947
741	491
741	518
741	746
741	839
741	893
741	904
741	945
742	407
742	733
742	823
742	884
742	940
743	505
743	612
743	657
743	825
743	887
743	967
744	652
744	719
744	906
744	910
745	490
745	538
745	568
745	583
745	681
745	708
745	919
745	946
746	284
746	682
746	741
746	893
746	945
746	958
747	166
747	290
747	400
747	593
747	615
747	727
747	953
748	405
748	472
748	577
748	688
748	734
748	867
749	442
749	585
749	660
749	780
749	978
749	980
750	194
750	703
750	739
750	804
750	933
750	941
750	961
751	153
751	644
751	687
751	931
751	1000
752	96
752	498
752	532
752	560
752	771
752	823
753	72
753	530
753	710
753	740
753	764
753	920
754	438
754	598
754	662
754	818
754	860
754	874
754	878
754	879
754	992
755	141
755	573
755	768
755	806
755	838
755	850
755	918
755	939
755	970
756	214
756	396
756	436
756	813
756	839
756	946
756	988
757	10
757	123
757	424
757	562
757	584
757	687
757	792
758	71
758	118
758	156
758	666
758	683
758	727
758	942
758	944
758	950
759	560
759	672
759	679
759	804
759	968
759	984
759	997
760	562
760	568
760	585
760	588
760	822
760	858
760	978
761	422
761	504
761	633
761	831
761	858
761	893
762	107
762	149
762	199
762	809
762	869
762	885
763	234
763	409
763	524
763	769
763	871
763	955
763	967
763	977
764	68
764	530
764	588
764	740
764	753
764	887
764	898
764	929
765	77
765	610
765	802
765	912
765	934
765	938
765	980
766	34
766	654
766	666
766	880
766	917
766	962
766	971
767	590
767	678
767	684
767	867
767	920
767	948
767	986
768	370
768	412
768	446
768	494
768	755
768	806
768	939
768	970
769	63
769	555
769	573
769	763
769	840
769	926
769	967
770	441
770	600
770	614
770	617
770	775
770	819
770	861
770	917
770	940
771	78
771	335
771	666
771	724
771	752
771	857
771	971
771	973
772	295
772	312
772	433
772	451
772	714
772	798
772	809
772	937
772	966
773	215
773	450
773	498
773	576
773	621
773	627
773	783
773	793
773	975
774	490
774	807
774	828
774	933
774	952
774	961
774	987
774	998
775	162
775	441
775	516
775	614
775	725
775	770
775	811
775	852
775	917
776	177
776	344
776	396
776	409
776	502
776	910
776	939
776	998
777	403
777	411
777	459
777	461
777	632
777	654
777	664
777	707
777	726
777	826
778	125
778	148
778	315
778	589
778	644
778	668
778	841
778	896
779	181
779	701
779	832
779	852
779	855
779	911
779	937
779	994
780	27
780	92
780	478
780	696
780	749
780	855
780	873
780	880
780	1000
781	8
781	205
781	440
781	558
781	559
781	672
781	921
781	986
781	987
782	693
782	709
782	715
782	848
782	854
782	865
782	917
782	979
783	104
783	281
783	569
783	592
783	773
783	791
783	793
783	975
784	108
784	209
784	258
784	605
784	706
784	788
784	927
784	954
784	957
785	191
785	478
785	598
785	631
785	684
785	873
785	874
786	556
786	803
786	810
786	817
786	837
786	885
786	993
787	425
787	499
787	506
787	648
787	838
787	995
788	84
788	242
788	373
788	502
788	784
788	847
788	927
788	928
788	954
789	249
789	555
789	853
789	860
789	871
789	892
790	527
790	549
790	567
790	598
790	722
790	791
790	897
790	936
791	783
791	790
791	832
791	837
791	852
791	855
791	911
791	937
791	971
792	212
792	356
792	388
792	395
792	713
792	757
792	991
793	591
793	621
793	695
793	773
793	783
793	954
793	975
794	40
794	71
794	589
794	903
794	907
794	941
794	997
795	280
795	334
795	402
795	564
795	626
795	673
795	706
795	722
795	725
795	812
795	929
796	88
796	354
796	563
796	565
796	914
796	920
796	943
796	996
797	3
797	261
797	407
797	576
797	655
797	808
797	815
797	851
797	881
798	176
798	618
798	710
798	772
798	915
798	932
798	958
799	496
799	874
799	876
799	942
799	943
799	957
799	985
800	280
800	506
800	535
800	564
800	574
800	681
800	704
800	722
800	844
800	929
801	411
801	569
801	719
801	877
801	919
801	921
801	926
801	946
802	247
802	482
802	694
802	765
802	856
802	879
802	889
802	912
802	934
803	48
803	536
803	653
803	729
803	786
803	853
803	854
803	957
804	186
804	619
804	634
804	750
804	759
804	892
804	955
804	997
805	25
805	364
805	429
805	451
805	838
805	942
805	958
805	991
806	426
806	640
806	667
806	731
806	755
806	768
806	832
806	904
806	970
807	432
807	699
807	774
807	868
807	902
807	964
807	980
808	114
808	229
808	635
808	685
808	725
808	797
808	881
808	988
809	535
809	607
809	633
809	762
809	772
809	969
809	971
810	19
810	449
810	547
810	556
810	601
810	684
810	693
810	786
810	823
810	972
811	109
811	487
811	510
811	625
811	713
811	775
811	883
811	915
811	964
812	338
812	397
812	649
812	795
812	842
812	853
812	857
812	973
812	975
813	214
813	436
813	670
813	756
813	898
813	986
813	999
814	208
814	350
814	435
814	692
814	815
814	917
814	928
814	959
814	988
815	469
815	692
815	713
815	728
815	797
815	814
815	855
815	928
815	959
816	46
816	403
816	407
816	486
816	632
816	645
816	826
816	828
816	838
817	17
817	284
817	350
817	473
817	693
817	711
817	786
817	859
817	980
818	203
818	594
818	716
818	754
818	914
818	932
818	989
819	392
819	513
819	618
819	643
819	770
819	863
819	944
819	989
820	240
820	283
820	379
820	481
820	851
820	904
820	906
820	936
821	346
821	363
821	627
821	725
821	884
821	931
821	1000
822	178
822	548
822	700
822	760
822	830
822	858
822	862
822	980
823	198
823	211
823	243
823	288
823	592
823	659
823	742
823	752
823	810
823	879
824	260
824	550
824	738
824	863
824	962
824	986
824	995
825	66
825	634
825	724
825	743
825	835
825	849
825	951
826	595
826	724
826	777
826	816
826	837
826	990
827	183
827	368
827	398
827	414
827	447
827	552
827	571
827	739
827	993
828	113
828	129
828	504
828	581
828	645
828	726
828	774
828	816
828	867
828	914
829	6
829	525
829	665
829	862
829	897
829	956
829	963
830	11
830	237
830	607
830	822
830	851
830	866
830	947
831	6
831	422
831	505
831	588
831	633
831	761
831	842
831	923
832	159
832	184
832	308
832	779
832	791
832	806
832	852
832	911
832	937
833	337
833	400
833	434
833	593
833	727
833	868
833	907
833	983
834	294
834	306
834	470
834	486
834	570
834	640
834	842
834	871
834	974
835	80
835	300
835	393
835	437
835	616
835	634
835	724
835	825
835	936
835	947
836	276
836	587
836	643
836	647
836	839
836	852
836	914
836	989
837	18
837	449
837	547
837	568
837	693
837	786
837	791
837	826
837	935
837	969
837	975
838	12
838	120
838	139
838	220
838	645
838	755
838	787
838	805
838	816
838	929
839	173
839	340
839	741
839	756
839	836
839	869
839	989
840	330
840	377
840	536
840	769
840	844
840	876
840	935
840	974
841	123
841	356
841	383
841	395
841	417
841	562
841	689
841	778
841	872
841	992
842	273
842	443
842	640
842	673
842	812
842	831
842	834
842	912
842	974
842	986
843	172
843	181
843	336
843	363
843	560
843	881
843	892
843	980
844	90
844	366
844	375
844	415
844	533
844	596
844	800
844	840
844	876
844	935
844	967
845	14
845	306
845	347
845	542
845	565
845	691
845	698
845	738
845	988
846	536
846	851
846	889
846	899
846	920
846	978
846	993
846	995
847	252
847	376
847	544
847	641
847	699
847	707
847	788
847	872
847	874
847	941
848	188
848	247
848	639
848	709
848	782
848	849
848	906
848	979
848	987
849	268
849	271
849	570
849	732
849	825
849	848
849	882
849	929
849	956
849	983
850	276
850	420
850	736
850	755
850	859
850	867
850	982
850	991
851	62
851	309
851	797
851	820
851	830
851	846
851	891
851	993
852	17
852	365
852	441
852	509
852	775
852	779
852	791
852	832
852	836
852	855
852	911
852	937
853	45
853	618
853	653
853	672
853	729
853	789
853	803
853	812
853	854
853	932
854	566
854	612
854	653
854	729
854	782
854	803
854	853
854	1000
855	779
855	780
855	791
855	815
855	852
855	911
855	912
855	931
855	937
855	980
856	439
856	533
856	719
856	802
856	889
856	934
856	938
856	983
857	406
857	463
857	521
857	657
857	771
857	812
857	875
857	962
857	971
858	54
858	601
858	602
858	700
858	760
858	761
858	822
858	884
858	978
859	114
859	225
859	275
859	549
859	563
859	594
859	602
859	685
859	715
859	718
859	817
859	850
860	200
860	661
860	678
860	687
860	754
860	789
860	948
860	998
861	222
861	282
861	418
861	597
861	737
861	770
861	981
861	986
862	214
862	503
862	599
862	639
862	665
862	669
862	822
862	829
862	899
862	956
863	1
863	142
863	412
863	424
863	550
863	679
863	819
863	824
864	437
864	484
864	603
864	684
864	723
864	901
864	961
864	982
865	31
865	301
865	433
865	473
865	487
865	782
865	875
865	933
866	91
866	145
866	237
866	477
866	557
866	607
866	830
866	908
866	928
867	79
867	448
867	533
867	583
867	652
867	736
867	748
867	767
867	828
867	850
868	92
868	286
868	432
868	452
868	652
868	692
868	807
868	833
868	964
869	27
869	604
869	762
869	839
869	908
869	951
869	999
870	167
870	323
870	344
870	482
870	629
870	877
870	931
870	944
870	953
871	348
871	407
871	408
871	555
871	581
871	591
871	763
871	789
871	834
871	931
872	178
872	299
872	445
872	537
872	625
872	636
872	660
872	841
872	847
872	898
872	984
873	304
873	582
873	599
873	631
873	780
873	785
873	884
873	954
873	998
874	333
874	384
874	754
874	785
874	799
874	847
874	878
874	879
874	880
874	992
875	1
875	27
875	411
875	621
875	857
875	865
875	951
875	999
876	333
876	415
876	465
876	533
876	564
876	669
876	717
876	799
876	840
876	844
876	935
877	291
877	545
877	556
877	629
877	801
877	870
877	888
877	953
878	69
878	323
878	358
878	632
878	662
878	754
878	874
878	879
878	970
878	992
879	408
879	541
879	662
879	721
879	754
879	802
879	823
879	874
879	878
879	939
880	325
880	478
880	582
880	696
880	766
880	780
880	874
880	927
881	369
881	445
881	576
881	655
881	797
881	808
881	843
881	965
881	988
882	155
882	271
882	397
882	410
882	461
882	596
882	701
882	849
882	896
882	972
883	138
883	516
883	593
883	625
883	713
883	811
883	891
883	926
883	968
884	447
884	468
884	553
884	742
884	821
884	858
884	873
884	900
884	932
884	940
885	52
885	180
885	242
885	353
885	387
885	485
885	720
885	740
885	762
885	786
886	311
886	736
886	918
886	942
886	957
886	976
886	995
887	157
887	355
887	367
887	460
887	524
887	667
887	690
887	743
887	764
887	994
888	98
888	139
888	144
888	346
888	495
888	877
888	904
888	920
888	996
889	430
889	599
889	682
889	802
889	846
889	856
889	912
889	934
890	248
890	493
890	496
890	659
890	660
890	669
890	671
890	943
890	957
890	958
890	977
891	62
891	175
891	851
891	883
891	899
891	929
891	993
891	998
892	245
892	706
892	733
892	789
892	804
892	843
892	908
892	968
892	996
892	997
893	263
893	395
893	484
893	518
893	543
893	735
893	741
893	746
893	761
893	945
894	97
894	160
894	351
894	473
894	580
894	698
894	960
895	121
895	166
895	253
895	549
895	619
895	674
895	897
895	925
895	936
896	290
896	544
896	620
896	778
896	882
896	913
896	972
897	45
897	151
897	319
897	522
897	527
897	619
897	790
897	829
897	895
897	936
898	57
898	764
898	813
898	872
898	923
898	924
898	934
899	9
899	224
899	505
899	536
899	654
899	661
899	666
899	706
899	846
899	862
899	891
900	22
900	44
900	278
900	336
900	514
900	559
900	582
900	719
900	884
900	984
901	97
901	262
901	523
901	540
901	595
901	640
901	669
901	864
901	928
901	943
901	957
901	985
902	93
902	240
902	389
902	419
902	472
902	481
902	605
902	647
902	693
902	807
902	964
903	198
903	206
903	252
903	341
903	352
903	364
903	424
903	589
903	609
903	794
903	907
904	85
904	264
904	307
904	330
904	564
904	679
904	741
904	806
904	820
904	888
905	274
905	317
905	324
905	367
905	375
905	504
905	532
905	628
905	694
905	911
905	913
906	254
906	362
906	450
906	574
906	578
906	744
906	820
906	848
906	910
906	963
907	206
907	252
907	403
907	589
907	661
907	672
907	794
907	833
907	903
907	952
908	60
908	136
908	140
908	145
908	267
908	452
908	697
908	705
908	866
908	869
908	892
909	179
909	256
909	310
909	421
909	469
909	512
909	527
909	572
909	606
909	653
909	934
910	163
910	449
910	509
910	590
910	663
910	719
910	744
910	776
910	906
910	961
910	963
911	445
911	474
911	572
911	779
911	791
911	832
911	852
911	855
911	905
911	937
911	971
912	24
912	101
912	627
912	676
912	711
912	765
912	802
912	842
912	855
912	889
912	914
912	938
913	124
913	324
913	464
913	532
913	615
913	896
913	905
913	949
913	955
913	987
914	65
914	143
914	573
914	594
914	716
914	796
914	818
914	828
914	836
914	912
914	932
915	295
915	364
915	429
915	451
915	535
915	568
915	569
915	589
915	798
915	811
915	958
915	980
916	29
916	32
916	83
916	325
916	326
916	406
916	622
916	638
916	650
916	681
916	956
916	995
917	29
917	261
917	352
917	441
917	483
917	513
917	579
917	766
917	770
917	775
917	782
917	814
917	984
918	94
918	235
918	431
918	521
918	596
918	755
918	886
918	941
918	942
918	976
918	984
919	115
919	454
919	480
919	569
919	637
919	708
919	745
919	801
919	946
919	961
919	968
919	999
920	88
920	144
920	372
920	420
920	510
920	521
920	565
920	596
920	753
920	767
920	796
920	846
920	888
921	39
921	329
921	571
921	588
921	672
921	680
921	737
921	781
921	801
921	958
921	987
922	130
922	239
922	423
922	501
922	581
922	586
922	610
922	691
922	696
922	946
922	981
923	13
923	187
923	348
923	376
923	388
923	417
923	447
923	507
923	618
923	831
923	898
923	924
923	983
924	13
924	187
924	316
924	376
924	388
924	507
924	586
924	612
924	685
924	700
924	898
924	923
924	965
925	172
925	298
925	546
925	567
925	647
925	730
925	895
925	931
925	949
925	982
926	16
926	115
926	483
926	492
926	507
926	637
926	739
926	769
926	801
926	883
926	946
927	258
927	326
927	501
927	558
927	690
927	784
927	788
927	880
927	954
927	955
928	55
928	228
928	279
928	571
928	728
928	788
928	814
928	815
928	866
928	901
928	959
929	564
929	574
929	699
929	706
929	722
929	764
929	795
929	800
929	838
929	849
929	891
929	987
930	369
930	423
930	434
930	452
930	494
930	585
930	641
930	674
930	680
930	946
930	962
931	433
931	434
931	480
931	523
931	551
931	725
931	751
931	821
931	855
931	870
931	871
931	925
931	981
932	65
932	479
932	594
932	620
932	631
932	716
932	798
932	818
932	853
932	884
932	914
933	482
933	718
933	750
933	774
933	865
933	952
933	960
933	961
933	997
933	998
934	264
934	383
934	384
934	550
934	765
934	802
934	856
934	889
934	898
934	909
934	938
934	946
935	169
935	177
935	333
935	366
935	415
935	533
935	598
935	659
935	837
935	840
935	844
935	876
936	36
936	69
936	293
936	527
936	549
936	664
936	790
936	820
936	835
936	895
936	897
937	99
937	554
937	772
937	779
937	791
937	832
937	852
937	855
937	911
937	961
937	981
938	24
938	270
938	331
938	430
938	627
938	678
938	765
938	856
938	912
938	934
938	953
939	399
939	426
939	481
939	731
939	755
939	768
939	776
939	879
939	945
939	952
939	970
940	15
940	277
940	425
940	480
940	534
940	553
940	579
940	607
940	742
940	770
940	884
941	349
941	537
941	636
941	684
941	699
941	707
941	726
941	750
941	794
941	847
941	918
942	111
942	398
942	431
942	517
942	758
942	799
942	805
942	886
942	918
942	957
942	976
943	262
943	463
943	648
943	669
943	703
943	796
943	799
943	890
943	901
943	957
943	977
944	358
944	416
944	488
944	577
944	688
944	695
944	697
944	758
944	819
944	870
944	948
944	997
945	149
945	295
945	416
945	484
945	508
945	614
945	623
945	741
945	746
945	893
945	939
945	968
946	239
946	492
946	538
946	540
946	615
946	745
946	756
946	801
946	919
946	922
946	926
946	930
946	934
946	948
947	32
947	141
947	150
947	218
947	246
947	444
947	450
947	471
947	740
947	830
947	835
947	948
947	960
948	342
948	348
948	662
948	678
948	681
948	767
948	860
948	944
948	946
948	947
948	969
949	83
949	90
949	137
949	274
949	317
949	324
949	532
949	595
949	620
949	644
949	728
949	913
949	925
950	2
950	71
950	156
950	210
950	337
950	377
950	379
950	381
950	605
950	609
950	629
950	677
950	683
950	758
951	341
951	384
951	475
951	537
951	555
951	600
951	676
951	718
951	825
951	869
951	875
951	956
952	136
952	289
952	522
952	524
952	547
952	718
952	774
952	907
952	933
952	939
952	955
952	998
953	28
953	78
953	193
953	259
953	323
953	520
953	576
953	629
953	747
953	870
953	877
953	938
954	84
954	241
954	258
954	280
954	503
954	558
954	651
954	784
954	788
954	793
954	873
954	927
955	256
955	291
955	638
955	733
955	735
955	763
955	804
955	913
955	927
955	952
955	968
956	23
956	301
956	427
956	503
956	525
956	575
956	624
956	639
956	829
956	849
956	862
956	916
956	951
956	993
957	487
957	496
957	540
957	730
957	784
957	799
957	803
957	886
957	890
957	901
957	942
957	943
957	985
958	207
958	312
958	413
958	429
958	459
958	714
958	728
958	729
958	746
958	798
958	805
958	890
958	915
958	921
959	55
959	82
959	279
959	393
959	494
959	554
959	656
959	692
959	715
959	728
959	814
959	815
959	928
960	150
960	202
960	246
960	313
960	444
960	455
960	471
960	546
960	656
960	894
960	933
960	947
960	967
961	281
961	401
961	518
961	522
961	611
961	718
961	750
961	774
961	864
961	910
961	919
961	933
961	937
961	998
962	223
962	236
962	251
962	366
962	471
962	649
962	666
962	766
962	824
962	857
962	930
962	973
963	123
963	403
963	450
963	509
963	541
963	578
963	663
963	714
963	719
963	829
963	906
963	910
963	996
964	304
964	312
964	319
964	360
964	368
964	456
964	556
964	571
964	807
964	811
964	868
964	902
964	972
965	132
965	462
965	491
965	545
965	548
965	585
965	630
965	637
965	646
965	881
965	924
965	969
966	89
966	128
966	311
966	332
966	490
966	542
966	595
966	608
966	732
966	772
966	981
966	990
967	233
967	328
967	573
967	649
967	743
967	763
967	769
967	844
967	960
967	973
967	977
968	43
968	458
968	557
968	668
968	734
968	759
968	883
968	892
968	919
968	945
968	955
968	997
969	169
969	254
969	266
969	296
969	422
969	482
969	535
969	604
969	677
969	709
969	716
969	809
969	837
969	948
969	965
970	426
970	496
970	520
970	570
970	702
970	731
970	755
970	768
970	806
970	878
970	939
970	985
971	297
971	357
971	479
971	593
971	683
971	766
971	771
971	791
971	809
971	857
971	911
971	973
972	49
972	253
972	343
972	360
972	378
972	444
972	686
972	701
972	705
972	728
972	810
972	882
972	896
972	964
973	170
973	185
973	289
973	325
973	539
973	666
973	712
973	771
973	812
973	962
973	967
973	971
974	159
974	250
974	273
974	438
974	467
974	476
974	580
974	687
974	729
974	834
974	840
974	842
975	246
975	361
975	417
975	437
975	621
975	631
975	705
975	773
975	783
975	793
975	812
975	837
976	294
976	304
976	398
976	431
976	514
976	564
976	580
976	604
976	694
976	695
976	886
976	918
976	942
977	63
977	147
977	458
977	485
977	486
977	573
977	718
977	763
977	890
977	943
977	967
977	991
978	61
978	204
978	250
978	262
978	418
978	453
978	685
978	749
978	760
978	846
978	858
978	980
979	188
979	234
979	247
979	255
979	285
979	392
979	520
979	534
979	624
979	680
979	709
979	782
979	848
980	442
980	598
980	700
980	749
980	765
980	807
980	817
980	822
980	843
980	855
980	915
980	978
981	86
981	127
981	130
981	586
981	610
981	649
981	650
981	686
981	861
981	922
981	931
981	937
981	966
982	131
982	165
982	269
982	320
982	359
982	362
982	492
982	684
982	700
982	718
982	850
982	864
982	925
982	993
983	106
983	268
983	271
983	567
983	570
983	662
983	732
983	833
983	849
983	856
983	923
984	96
984	110
984	466
984	477
984	514
984	559
984	664
984	667
984	759
984	872
984	900
984	917
984	918
985	58
985	238
985	412
985	540
985	608
985	645
985	649
985	669
985	799
985	901
985	957
985	970
986	53
986	93
986	244
986	251
986	622
986	650
986	737
986	767
986	781
986	813
986	824
986	842
986	861
986	995
987	108
987	205
987	287
987	382
987	528
987	588
987	672
987	774
987	781
987	848
987	913
987	921
987	929
988	196
988	451
988	576
988	635
988	638
988	655
988	756
988	808
988	814
988	845
988	881
989	47
989	321
989	353
989	442
989	508
989	527
989	547
989	705
989	818
989	819
989	836
989	839
990	270
990	271
990	479
990	497
990	537
990	595
990	608
990	630
990	704
990	826
990	966
991	328
991	420
991	432
991	448
991	583
991	630
991	652
991	695
991	736
991	792
991	805
991	850
991	977
992	38
992	164
992	303
992	440
992	541
992	583
992	629
992	662
992	737
992	754
992	841
992	874
992	878
993	35
993	112
993	171
993	224
993	414
993	448
993	786
993	827
993	846
993	851
993	891
993	956
993	982
994	157
994	182
994	355
994	367
994	414
994	516
994	524
994	620
994	667
994	731
994	779
994	887
995	302
995	406
995	418
995	535
995	681
995	787
995	824
995	846
995	886
995	916
995	986
996	124
996	346
996	453
996	495
996	521
996	552
996	556
996	796
996	888
996	892
996	963
997	305
997	434
997	475
997	605
997	759
997	794
997	804
997	892
997	933
997	944
997	968
998	289
998	642
998	697
998	718
998	774
998	776
998	860
998	873
998	891
998	933
998	952
998	961
999	269
999	351
999	404
999	409
999	459
999	474
999	515
999	600
999	622
999	676
999	813
999	869
999	875
999	919
1000	140
1000	445
1000	480
1000	523
1000	551
1000	559
1000	630
1000	651
1000	725
1000	751
1000	780
1000	821
1000	854
