1	800
1	960
2	958
3	715
4	806
5	922
7	429
7	760
8	904
8	909
9	969
10	956
11	342
12	954
13	810
14	922
15	764
16	420
17	715
18	836
18	909
19	139
20	698
21	533
22	856
23	430
23	821
23	954
24	907
26	700
26	812
27	469
29	812
29	910
30	425
32	653
33	963
34	819
34	928
35	896
36	632
36	743
36	862
37	208
37	849
37	968
38	786
39	968
40	868
40	897
42	804
43	337
44	887
45	941
46	670
46	837
47	677
48	931
49	806
50	675
50	695
52	684
53	937
54	991
55	941
56	984
57	400
57	550
57	666
58	716
59	923
60	861
61	699
62	930
63	971
64	827
65	702
66	666
66	831
67	978
68	929
69	673
69	891
70	946
71	400
71	999
72	655
73	857
75	885
75	896
76	938
77	761
77	963
77	988
78	681
78	972
79	570
80	884
80	926
81	632
81	743
82	724
83	795
84	430
86	840
86	996
88	688
88	812
89	469
90	813
90	899
91	834
91	873
92	850
92	979
93	944
93	947
93	968
94	446
94	984
95	349
95	852
96	869
96	882
97	892
98	687
98	963
99	415
99	548
100	946
101	922
101	984
102	349
102	757
103	984
105	681
105	981
105	985
106	468
107	895
108	825
108	980
109	828
109	855
110	766
111	947
112	957
113	681
113	683
114	961
115	808
116	986
117	857
117	896
118	993
120	314
121	697
121	991
122	488
122	864
124	496
124	701
125	415
125	997
126	929
126	972
127	667
127	684
127	978
128	548
128	712
130	905
130	925
131	837
131	922
132	838
133	933
134	262
135	400
135	408
136	833
137	932
138	948
138	965
139	19
140	711
141	805
143	563
144	692
144	866
145	859
146	645
146	909
147	742
148	201
148	971
150	997
151	768
151	993
152	644
152	646
153	672
153	695
154	982
155	935
156	737
157	968
158	838
159	848
159	872
160	937
160	977
161	970
161	988
162	914
163	765
164	831
165	461
166	681
166	983
167	506
168	416
169	578
170	503
170	857
171	483
171	540
172	446
173	971
174	845
175	964
176	948
177	697
178	284
178	781
179	308
180	912
181	991
182	798
183	627
183	740
184	906
185	692
186	753
186	809
187	967
188	775
189	858
189	859
190	924
191	829
192	759
192	951
193	761
194	967
195	971
196	881
197	938
198	825
198	899
199	722
200	748
200	817
201	148
201	243
202	592
203	962
205	810
206	831
206	865
206	960
207	850
207	915
207	938
208	37
208	777
208	868
209	415
209	981
210	995
211	213
212	291
212	962
213	211
214	753
215	653
215	826
215	942
216	476
216	667
216	932
217	409
217	691
217	770
218	972
219	883
220	411
220	800
221	662
222	643
223	702
224	762
224	925
225	973
226	727
227	932
228	487
229	688
229	743
230	961
231	971
232	629
232	793
233	853
233	894
234	798
235	884
235	958
236	592
236	754
237	714
237	927
237	993
238	884
239	821
239	847
239	995
240	441
240	503
240	901
241	679
241	759
241	926
241	992
242	876
242	926
243	201
243	309
243	971
244	794
244	818
245	880
246	792
246	886
247	709
248	428
248	889
250	455
250	489
250	533
251	578
251	698
251	863
251	975
252	840
252	957
253	905
253	937
254	913
254	916
255	936
255	973
256	578
256	975
256	990
257	506
257	526
258	686
258	921
259	998
260	730
260	916
261	469
262	134
262	782
262	968
263	810
263	812
263	910
263	978
264	751
264	912
265	958
266	513
266	869
266	953
267	419
267	882
267	932
268	668
268	774
268	867
269	865
269	964
270	992
271	933
271	975
272	613
272	805
273	439
273	929
273	965
273	972
274	917
274	984
275	666
275	922
276	824
276	850
278	718
278	754
278	884
279	590
279	737
280	408
280	968
281	810
281	910
282	488
282	917
282	986
283	830
283	889
283	990
284	178
284	879
284	929
285	487
285	860
286	699
286	845
286	898
287	833
287	899
288	828
288	855
288	887
289	646
289	743
290	649
290	808
290	976
291	212
292	699
292	959
292	960
293	921
294	804
294	835
296	713
297	586
297	913
298	654
299	454
299	883
299	937
300	657
300	865
300	909
300	920
301	322
301	752
302	607
302	679
303	651
303	788
303	836
304	718
304	993
305	932
306	560
306	692
306	834
307	527
307	934
307	976
308	179
308	651
308	788
308	857
309	243
309	651
309	788
310	477
310	832
311	653
312	942
312	958
313	649
313	911
313	971
313	977
314	120
314	876
314	926
315	790
316	897
316	934
317	718
317	974
318	996
318	997
319	700
319	928
320	872
320	923
321	830
321	900
321	979
322	301
322	933
323	808
323	973
324	640
324	923
325	851
325	895
326	889
326	960
326	962
327	781
327	918
328	782
328	818
329	367
329	456
329	618
329	813
330	755
330	841
331	870
331	886
332	717
333	834
333	840
333	996
334	816
335	916
335	948
336	927
336	991
337	43
337	512
337	575
338	582
338	947
339	755
339	897
340	650
340	755
340	980
341	575
341	979
342	11
342	553
342	959
343	512
344	923
344	931
345	674
346	489
346	891
347	456
347	624
347	990
348	908
349	95
349	102
349	433
350	707
350	771
350	956
351	516
351	671
352	916
353	891
353	954
353	960
354	569
354	984
356	833
356	847
356	982
356	1000
357	805
358	575
358	679
358	976
359	861
360	666
360	935
360	943
361	910
361	936
362	995
363	846
363	900
363	982
364	828
364	918
365	883
365	940
366	971
366	972
367	329
367	687
368	839
368	938
369	690
370	961
370	984
370	993
371	865
371	987
372	777
372	990
373	554
373	916
374	412
375	417
375	962
376	818
376	914
377	521
377	827
377	961
378	650
378	853
378	997
379	474
380	528
380	986
381	512
381	518
382	407
382	683
382	694
383	800
383	880
383	922
384	674
384	921
384	930
385	860
385	963
386	734
386	880
388	446
388	960
389	753
389	949
390	724
390	983
391	877
392	874
392	1000
393	715
393	857
394	456
394	583
395	775
395	942
396	906
397	791
397	826
398	802
398	932
398	954
399	462
399	808
399	930
399	940
400	57
400	71
400	135
401	780
401	846
401	894
402	649
402	787
402	823
402	914
403	818
403	866
403	890
404	763
404	898
404	987
405	617
405	698
405	860
405	927
406	470
406	516
406	650
406	905
406	912
407	382
407	601
407	823
408	135
408	280
408	831
408	857
409	217
409	464
409	801
410	825
410	836
410	894
410	980
411	220
411	751
411	800
412	374
412	572
412	764
412	795
412	808
413	902
413	911
413	920
413	989
414	653
414	749
414	899
415	99
415	125
415	209
415	981
415	982
415	1000
416	168
416	583
416	866
416	884
417	375
417	552
417	578
418	450
418	954
418	962
418	993
419	267
419	692
419	928
420	16
420	550
420	694
420	916
421	708
421	784
421	894
421	937
422	778
422	781
422	857
422	861
422	909
423	791
423	804
423	890
424	672
424	675
424	695
424	993
425	30
425	477
425	590
425	731
425	761
426	754
426	828
426	890
426	899
427	586
427	852
427	900
427	916
427	982
428	248
428	619
428	682
428	957
429	7
429	549
429	582
430	23
430	84
430	604
430	920
431	455
431	582
431	654
431	950
432	878
432	879
432	885
433	349
433	514
433	931
433	998
434	793
434	866
434	946
435	594
435	863
436	675
436	819
436	963
437	699
437	872
437	885
437	998
438	854
438	910
438	989
439	273
439	854
439	877
439	935
440	483
440	621
440	883
441	240
441	680
441	979
442	727
442	757
442	791
442	830
442	889
443	833
443	884
443	937
443	999
444	467
444	474
444	520
444	733
445	851
445	956
445	986
446	94
446	172
446	388
446	637
446	798
447	770
447	831
448	743
448	786
448	963
449	688
449	813
449	964
450	418
450	775
451	646
451	844
451	846
452	629
452	860
452	927
452	953
453	712
454	299
454	593
454	684
454	913
455	250
455	431
455	484
455	868
455	871
456	329
456	347
456	394
457	857
457	973
458	584
458	736
458	918
458	939
458	986
459	605
459	771
459	823
459	908
460	869
460	880
460	962
460	998
461	165
461	621
461	622
461	903
461	916
462	399
462	649
462	808
463	482
463	811
463	886
464	409
464	658
464	863
464	975
465	724
465	828
465	987
465	997
466	681
466	906
467	444
467	915
468	106
468	640
468	699
468	876
469	27
469	89
469	261
469	853
469	931
470	406
470	932
470	985
471	569
471	679
471	925
472	883
472	957
472	973
472	982
473	674
473	689
473	895
474	379
474	444
474	721
475	758
475	772
475	872
475	986
475	994
476	216
476	555
476	567
476	824
477	310
477	425
477	556
477	835
477	919
478	582
478	668
478	774
478	966
478	974
479	604
479	630
479	964
479	975
480	548
480	751
480	997
481	704
481	897
481	990
482	463
482	717
482	860
482	886
483	171
483	440
483	965
483	995
484	455
484	589
484	740
484	766
485	579
485	731
485	761
486	771
486	823
486	878
486	908
486	949
487	228
487	285
487	746
487	777
487	992
488	122
488	282
488	807
488	835
489	250
489	346
489	533
490	746
490	753
490	863
491	775
491	781
491	971
492	729
492	855
492	951
493	579
493	584
493	731
493	761
494	832
494	852
494	942
495	526
495	681
495	853
495	931
496	124
496	709
496	891
497	499
497	957
497	959
497	983
498	778
498	861
498	948
499	497
499	657
499	716
499	828
500	831
500	836
500	957
501	701
501	804
501	999
502	865
502	907
503	170
503	240
503	680
503	862
504	644
504	900
504	936
504	958
505	756
505	836
505	948
506	167
506	257
506	596
506	983
507	661
507	900
507	982
508	650
508	819
508	928
509	580
509	811
509	886
509	990
510	751
511	781
511	840
511	996
512	337
512	343
512	381
512	575
512	810
513	266
513	879
513	941
513	978
514	433
514	872
514	903
514	996
515	577
515	584
515	677
515	776
515	806
516	351
516	406
516	836
517	590
517	938
517	975
517	979
518	381
518	521
518	885
518	936
519	776
519	785
519	864
520	444
520	788
520	951
521	377
521	518
522	901
522	991
523	626
523	818
523	923
524	936
524	958
525	557
525	902
526	257
526	495
526	565
526	794
526	850
527	307
527	669
527	779
527	951
528	380
528	862
528	936
529	780
529	839
529	959
529	967
530	914
530	973
530	996
531	721
531	877
531	896
531	933
532	786
532	793
532	914
533	21
533	250
533	489
533	887
533	960
534	683
534	757
534	896
534	998
535	867
535	895
535	946
535	984
536	652
536	933
536	936
537	547
537	847
537	895
537	974
538	560
538	683
538	779
538	935
538	943
539	613
539	996
540	171
540	571
540	811
541	635
541	756
541	959
542	618
542	715
542	746
542	870
542	919
543	722
543	905
543	965
544	647
544	865
544	907
545	709
545	929
545	933
546	590
546	678
546	790
546	992
547	537
547	697
547	702
547	915
547	961
547	991
548	99
548	128
548	480
548	631
548	635
549	429
549	898
549	945
549	962
550	57
550	420
550	794
550	850
550	935
551	715
551	863
551	899
551	910
551	975
552	417
552	717
552	738
552	766
552	888
552	926
553	342
553	687
553	775
553	959
554	373
554	709
554	801
554	883
555	476
555	667
555	684
555	781
555	991
556	477
556	643
556	891
556	932
556	948
557	525
557	723
557	813
557	833
557	976
557	989
558	692
558	866
558	971
558	985
559	581
559	790
559	798
559	801
560	306
560	538
560	898
560	962
560	989
561	692
561	884
561	952
561	991
562	660
562	728
562	835
562	944
562	947
563	143
563	820
563	851
563	956
563	987
564	760
564	762
564	815
564	910
565	526
565	604
565	714
565	738
565	853
565	931
566	744
566	820
566	840
566	939
566	940
567	476
567	584
567	667
567	684
567	828
567	892
568	772
568	834
568	867
568	891
568	954
569	354
569	471
569	609
569	864
569	975
570	79
570	739
570	830
570	898
571	540
571	809
571	870
571	899
572	412
572	711
572	764
572	795
572	817
572	921
573	609
573	762
573	864
573	990
573	996
574	812
574	856
574	865
574	907
575	337
575	341
575	358
575	512
575	636
575	714
576	701
576	742
576	888
576	977
577	515
577	677
577	806
577	926
578	169
578	251
578	256
578	417
578	733
579	485
579	493
579	731
579	761
579	943
580	509
580	582
580	673
580	811
580	886
581	559
581	841
581	934
581	956
581	977
582	338
582	429
582	431
582	478
582	580
583	394
583	416
583	810
583	900
583	974
584	458
584	493
584	515
584	567
584	736
584	754
584	912
585	821
585	873
585	894
585	974
585	975
585	995
586	297
586	427
586	605
586	760
586	822
586	880
587	628
587	790
587	792
587	806
587	923
588	751
588	755
588	773
588	824
588	999
589	484
589	740
589	828
589	900
589	950
590	279
590	425
590	517
590	546
590	889
590	979
591	639
591	679
591	738
591	780
591	807
591	968
592	202
592	236
592	643
592	841
592	845
593	454
593	700
593	797
593	833
593	856
593	980
594	435
594	764
594	831
594	975
595	896
595	949
595	957
595	986
596	506
596	645
596	690
596	900
596	982
597	736
597	785
597	786
597	953
597	963
598	767
598	935
598	943
598	985
599	752
599	790
599	863
599	906
600	775
600	891
600	906
600	945
600	983
601	407
601	646
601	761
601	850
601	929
602	665
602	693
602	847
602	933
603	743
603	838
603	967
604	430
604	479
604	565
604	630
604	772
604	879
605	459
605	586
605	760
605	844
605	877
606	717
606	723
606	736
606	902
606	930
606	989
607	302
607	652
607	799
607	805
607	883
608	666
608	726
608	907
608	950
609	569
609	573
609	864
609	964
609	981
610	629
610	879
610	887
610	924
610	945
611	658
611	716
611	720
611	854
611	869
611	955
612	670
612	818
612	828
612	837
613	272
613	539
613	805
613	933
613	946
614	795
614	832
614	852
614	988
615	671
615	897
615	922
615	940
616	621
616	631
616	777
616	782
616	903
617	405
617	735
617	754
617	882
617	932
617	993
618	329
618	542
618	791
618	814
618	820
618	832
619	428
619	694
619	824
619	901
620	785
620	810
620	814
620	962
621	440
621	461
621	616
621	782
621	883
621	903
622	461
622	721
622	903
622	967
623	854
623	914
623	946
624	347
624	744
624	745
624	820
624	941
624	990
625	846
625	912
625	939
625	970
625	977
626	523
626	737
626	871
626	956
626	982
627	183
627	785
627	814
627	942
628	587
628	687
628	790
628	984
629	232
629	452
629	610
629	735
629	905
630	479
630	604
630	636
630	819
631	548
631	616
631	807
631	915
631	961
631	991
632	36
632	81
632	654
632	682
632	770
632	772
633	794
633	850
633	950
634	682
634	736
634	738
634	742
634	766
634	937
635	541
635	548
635	752
635	844
635	869
635	875
636	575
636	630
636	642
636	673
636	792
636	807
637	446
637	706
637	798
637	898
638	664
638	703
638	787
638	796
638	807
638	811
638	948
638	994
639	591
639	676
639	834
639	965
639	968
640	324
640	468
640	808
640	868
640	876
640	888
640	926
641	732
641	785
641	814
641	819
641	920
641	980
642	636
642	656
642	786
642	787
642	796
642	807
642	897
643	222
643	556
643	592
643	879
643	882
643	964
644	152
644	504
644	665
644	782
644	847
644	911
644	994
644	1000
645	146
645	596
645	719
645	727
645	772
646	152
646	289
646	451
646	601
647	544
647	806
647	846
647	870
647	881
647	974
648	741
648	756
648	782
648	793
648	842
648	858
649	290
649	313
649	402
649	462
649	808
649	983
650	340
650	378
650	406
650	508
650	697
650	705
651	303
651	308
651	309
651	661
651	788
651	974
652	536
652	607
652	834
652	873
652	967
652	983
653	32
653	215
653	311
653	414
653	695
653	899
654	298
654	431
654	632
654	717
654	843
654	862
654	950
655	72
655	803
655	849
655	860
655	927
655	951
656	642
656	687
656	786
656	963
657	300
657	499
657	710
657	728
657	909
657	938
657	972
658	464
658	611
658	815
658	941
658	955
659	708
659	784
659	815
659	942
659	970
660	562
660	671
660	944
660	947
660	997
661	507
661	651
661	771
661	788
661	957
661	986
662	221
662	664
662	714
662	756
662	924
662	925
662	945
663	700
663	797
663	800
663	859
663	919
664	638
664	662
664	887
664	924
664	945
664	954
665	602
665	644
665	693
665	745
665	787
665	933
666	57
666	66
666	275
666	360
666	608
666	826
666	942
667	127
667	216
667	555
667	567
667	814
667	849
667	999
668	268
668	478
668	867
668	966
668	979
669	527
669	680
669	766
669	784
669	892
669	921
669	934
670	46
670	612
670	724
670	810
670	837
670	966
671	351
671	615
671	660
671	944
671	947
672	153
672	424
672	675
672	695
672	718
672	867
673	69
673	580
673	636
673	752
673	769
673	826
673	942
674	345
674	384
674	473
674	738
674	741
674	756
674	842
675	50
675	424
675	436
675	672
675	695
675	700
676	639
676	892
676	905
676	944
676	965
676	972
677	47
677	515
677	577
677	806
677	816
677	910
677	954
678	546
678	731
678	855
678	935
678	951
678	995
679	241
679	302
679	358
679	471
679	591
679	965
679	976
679	987
680	441
680	503
680	669
680	706
680	902
680	926
681	78
681	105
681	113
681	166
681	466
681	495
681	906
682	428
682	632
682	634
682	755
682	855
682	901
682	975
683	113
683	382
683	534
683	538
683	740
683	811
683	950
684	52
684	127
684	454
684	555
684	567
684	707
684	953
685	865
685	925
685	978
686	258
686	755
686	840
686	914
686	986
686	996
687	98
687	367
687	553
687	628
687	656
687	790
688	88
688	229
688	449
688	702
688	788
688	809
688	921
688	980
689	473
689	799
689	829
689	895
689	916
689	920
689	924
690	369
690	596
690	779
690	944
690	950
690	983
691	217
691	743
691	770
691	831
691	836
691	932
692	144
692	185
692	306
692	419
692	558
692	561
693	602
693	665
693	745
693	885
693	927
693	933
694	382
694	420
694	619
694	794
694	800
694	812
694	850
695	50
695	153
695	424
695	653
695	672
695	675
695	991
696	730
696	732
696	742
696	824
696	894
696	946
697	121
697	177
697	547
697	650
697	915
697	961
698	20
698	251
698	405
698	829
698	895
698	903
699	61
699	286
699	292
699	437
699	468
699	762
699	876
699	926
700	26
700	319
700	593
700	663
700	675
700	819
700	928
701	124
701	501
701	576
701	771
701	823
701	841
701	908
702	65
702	223
702	547
702	688
702	964
703	638
703	716
703	792
703	884
703	906
703	948
704	481
704	844
704	882
704	931
704	938
705	650
705	862
705	878
705	905
705	949
705	973
706	637
706	680
706	760
706	785
706	814
706	945
707	350
707	684
707	786
707	827
707	921
707	946
707	955
708	421
708	659
708	784
708	810
708	922
708	927
709	247
709	496
709	545
709	554
709	783
709	841
709	987
710	657
710	909
710	958
710	990
711	140
711	572
711	764
711	795
711	843
712	128
712	453
712	737
712	890
712	931
712	997
713	296
713	828
713	875
713	917
713	937
713	977
713	999
714	237
714	565
714	575
714	662
714	777
714	941
715	3
715	17
715	393
715	542
715	551
715	923
715	924
716	58
716	499
716	611
716	703
716	720
716	918
716	955
717	332
717	482
717	552
717	606
717	654
717	853
717	993
718	278
718	304
718	317
718	672
718	749
718	863
718	899
719	645
719	735
719	842
719	887
719	894
719	924
719	945
720	611
720	716
720	770
720	826
720	844
720	919
720	955
721	474
721	531
721	622
721	877
721	987
721	993
722	199
722	543
722	820
722	916
722	938
722	990
723	557
723	606
723	847
723	902
723	986
723	989
724	82
724	390
724	465
724	670
724	837
724	918
724	971
725	847
725	881
725	893
725	899
725	911
725	1000
726	608
726	802
726	813
726	950
726	983
726	1000
727	226
727	442
727	645
727	866
727	884
727	945
728	562
728	657
728	798
728	909
728	921
728	936
729	492
729	767
729	820
729	942
729	951
729	981
730	260
730	696
730	750
730	844
730	917
730	946
730	972
730	984
731	425
731	485
731	493
731	579
731	678
731	761
731	805
731	997
732	641
732	696
732	809
732	917
732	997
733	444
733	578
733	820
733	851
733	975
734	386
734	758
734	861
734	936
734	958
735	617
735	629
735	719
735	742
735	757
735	878
735	905
735	918
735	949
735	973
736	458
736	584
736	597
736	606
736	634
736	744
736	774
736	912
736	939
737	156
737	279
737	626
737	712
737	789
737	801
737	886
737	916
738	552
738	565
738	591
738	634
738	674
738	742
738	766
738	888
738	919
739	570
739	835
739	866
739	898
739	962
739	982
739	984
740	183
740	484
740	589
740	683
740	974
740	979
740	983
741	648
741	674
741	756
741	842
742	147
742	576
742	634
742	696
742	735
742	738
742	888
742	896
743	36
743	81
743	229
743	289
743	448
743	603
743	691
743	770
743	780
744	566
744	624
744	736
744	816
744	912
744	928
744	939
744	969
745	624
745	665
745	693
745	868
745	933
745	939
745	977
746	487
746	490
746	542
746	791
746	805
746	880
746	923
747	858
747	931
747	933
747	947
747	970
747	985
747	988
748	200
748	817
748	821
748	888
748	943
748	998
749	414
749	718
749	815
749	837
749	899
749	984
750	730
750	780
750	839
750	853
750	959
750	960
750	1000
751	264
751	411
751	480
751	510
751	588
751	835
751	919
751	926
752	301
752	599
752	635
752	673
752	826
752	862
752	942
753	186
753	214
753	389
753	490
753	817
753	878
753	972
754	236
754	278
754	426
754	584
754	617
754	785
754	829
754	882
755	330
755	339
755	340
755	588
755	682
755	686
755	773
755	802
755	831
755	848
756	505
756	541
756	648
756	662
756	674
756	741
756	822
756	842
757	102
757	442
757	534
757	735
757	765
757	976
757	998
758	475
758	734
758	772
758	840
758	867
758	872
759	192
759	241
759	777
759	819
759	846
759	849
759	859
759	992
760	7
760	564
760	586
760	605
760	706
760	880
760	915
760	955
761	77
761	193
761	425
761	485
761	493
761	579
761	601
761	731
761	868
762	224
762	564
762	573
762	699
762	795
762	864
762	903
762	925
763	404
763	783
763	869
763	875
763	902
763	1000
764	15
764	412
764	572
764	594
764	711
764	765
764	795
764	923
765	163
765	757
765	764
765	868
765	871
765	920
765	927
766	110
766	484
766	552
766	634
766	669
766	738
766	783
766	888
766	927
767	598
767	729
767	803
767	917
767	935
767	943
767	944
767	967
768	151
768	860
768	880
768	898
768	963
769	673
769	842
769	843
769	914
769	920
769	940
769	952
770	217
770	447
770	632
770	691
770	720
770	743
770	823
770	897
770	956
771	350
771	459
771	486
771	661
771	701
771	812
771	823
771	908
771	946
772	475
772	568
772	604
772	632
772	645
772	758
772	872
773	588
773	755
773	802
773	824
773	861
773	983
773	992
774	268
774	478
774	736
774	948
774	966
774	995
775	188
775	395
775	450
775	491
775	553
775	600
775	906
776	515
776	519
776	833
776	858
776	914
776	970
776	981
776	985
776	988
777	208
777	372
777	487
777	616
777	714
777	759
777	839
777	841
777	849
777	941
778	422
778	498
778	861
778	881
778	915
778	978
778	991
779	527
779	538
779	690
779	803
779	827
779	891
779	934
780	401
780	529
780	591
780	743
780	750
780	843
780	960
781	178
781	327
781	422
781	491
781	511
781	555
781	893
781	904
781	918
781	969
782	262
782	328
782	616
782	621
782	644
782	648
782	903
782	965
783	709
783	763
783	766
783	869
783	875
784	421
784	659
784	669
784	708
784	905
784	987
785	519
785	597
785	620
785	627
785	641
785	706
785	754
785	814
785	871
785	876
786	38
786	448
786	532
786	597
786	642
786	656
786	707
786	821
786	879
786	953
787	402
787	638
787	642
787	665
787	792
787	796
787	831
787	871
787	948
788	303
788	308
788	309
788	520
788	651
788	661
788	688
788	1000
789	737
789	816
789	867
789	897
789	922
789	995
790	315
790	546
790	559
790	587
790	599
790	628
790	687
790	864
790	910
790	913
791	397
791	423
791	442
791	618
791	746
791	910
791	923
792	246
792	587
792	636
792	703
792	787
792	796
792	904
792	998
793	232
793	434
793	532
793	648
793	840
793	914
794	244
794	526
794	550
794	633
794	694
794	850
794	907
794	970
795	83
795	412
795	572
795	614
795	711
795	762
795	764
795	855
795	912
796	638
796	642
796	787
796	792
796	889
796	949
796	964
797	593
797	663
797	825
797	836
797	881
797	980
797	998
798	182
798	234
798	446
798	559
798	637
798	728
798	906
798	943
798	971
799	607
799	689
799	883
799	900
799	940
800	1
800	220
800	383
800	411
800	663
800	694
800	919
800	929
801	409
801	554
801	559
801	737
801	827
801	916
801	952
801	975
802	398
802	726
802	755
802	773
802	848
802	870
802	901
802	923
803	655
803	767
803	779
803	860
803	908
803	927
803	929
804	42
804	294
804	423
804	501
804	845
804	981
804	992
805	141
805	272
805	357
805	607
805	613
805	731
805	746
806	4
806	49
806	515
806	577
806	587
806	647
806	677
806	885
807	488
807	591
807	631
807	636
807	638
807	642
807	919
807	948
807	987
808	115
808	290
808	323
808	399
808	412
808	462
808	640
808	649
808	880
809	186
809	571
809	688
809	732
809	824
809	964
810	13
810	205
810	263
810	281
810	512
810	583
810	620
810	670
810	708
810	812
811	463
811	509
811	540
811	580
811	638
811	683
811	886
811	934
811	980
812	26
812	29
812	88
812	263
812	574
812	694
812	771
812	810
812	815
813	90
813	329
813	449
813	557
813	726
813	893
813	904
813	913
813	918
814	618
814	620
814	627
814	641
814	667
814	706
814	785
814	901
814	952
815	564
815	658
815	659
815	749
815	812
815	857
815	910
815	949
816	334
816	677
816	744
816	789
816	845
816	897
816	922
817	200
817	572
817	748
817	753
817	874
817	976
817	998
818	244
818	328
818	376
818	403
818	523
818	612
818	868
818	871
818	892
819	34
819	436
819	508
819	630
819	641
819	700
819	759
819	928
819	948
820	563
820	566
820	618
820	624
820	722
820	729
820	733
820	938
820	956
821	23
821	239
821	585
821	748
821	786
821	846
821	870
821	962
821	974
821	980
821	995
822	586
822	756
822	833
822	937
822	961
822	977
822	999
823	402
823	407
823	459
823	486
823	701
823	770
823	771
823	837
823	908
823	995
824	276
824	476
824	588
824	619
824	696
824	773
824	809
824	901
824	946
825	108
825	198
825	410
825	797
825	827
825	849
825	856
825	994
826	215
826	397
826	666
826	673
826	720
826	752
826	839
826	855
826	942
827	64
827	377
827	707
827	779
827	801
827	825
827	930
827	934
828	109
828	288
828	364
828	426
828	465
828	499
828	567
828	589
828	612
828	713
828	951
829	191
829	689
829	698
829	754
829	889
829	895
829	896
829	978
830	283
830	321
830	442
830	570
830	889
830	892
830	963
830	979
830	989
831	66
831	164
831	206
831	408
831	447
831	500
831	594
831	691
831	755
831	787
832	310
832	494
832	614
832	618
832	852
832	921
832	924
832	999
833	136
833	287
833	356
833	443
833	557
833	593
833	776
833	822
833	977
833	999
834	91
834	306
834	333
834	568
834	639
834	652
834	873
834	928
834	939
835	294
835	477
835	488
835	562
835	739
835	751
835	859
835	960
835	992
836	18
836	303
836	410
836	500
836	505
836	516
836	691
836	797
836	856
836	980
837	46
837	131
837	612
837	670
837	724
837	749
837	823
837	908
837	939
838	132
838	158
838	603
838	843
838	912
838	919
838	947
838	952
838	967
839	368
839	529
839	750
839	777
839	826
839	934
839	959
839	960
840	86
840	252
840	333
840	511
840	566
840	686
840	758
840	793
840	897
840	954
841	330
841	581
841	592
841	701
841	709
841	777
841	889
841	953
841	956
841	987
842	648
842	674
842	719
842	741
842	756
842	769
842	964
842	966
843	654
843	711
843	769
843	780
843	838
843	920
843	944
843	952
843	966
843	967
844	451
844	605
844	635
844	704
844	720
844	730
844	941
844	955
845	174
845	286
845	592
845	804
845	816
845	872
845	953
846	363
846	401
846	451
846	625
846	647
846	759
846	821
846	881
846	974
847	239
847	356
847	537
847	602
847	644
847	723
847	725
847	874
847	890
847	994
847	995
848	159
848	755
848	802
848	885
848	891
848	901
848	965
849	37
849	655
849	667
849	759
849	777
849	825
849	858
849	881
849	955
849	992
850	92
850	207
850	276
850	526
850	550
850	601
850	633
850	694
850	794
850	938
851	325
851	445
851	563
851	733
851	858
851	911
851	941
851	956
851	987
852	95
852	427
852	494
852	614
852	832
852	912
852	950
852	965
853	233
853	378
853	469
853	495
853	565
853	717
853	750
853	876
853	930
853	931
854	438
854	439
854	611
854	623
854	894
854	917
854	946
854	973
854	984
855	109
855	288
855	492
855	678
855	682
855	795
855	826
855	951
855	967
855	986
856	22
856	574
856	593
856	825
856	836
856	939
856	951
856	980
856	992
857	73
857	117
857	170
857	308
857	393
857	408
857	422
857	457
857	815
857	885
857	896
858	189
858	648
858	747
858	776
858	849
858	851
858	970
858	981
858	988
859	145
859	189
859	663
859	759
859	835
859	919
859	934
859	947
859	964
860	285
860	385
860	405
860	452
860	482
860	655
860	768
860	803
860	927
861	60
861	359
861	422
861	498
861	734
861	773
861	778
861	903
861	998
862	36
862	503
862	528
862	654
862	705
862	752
862	906
862	993
863	251
863	435
863	464
863	490
863	551
863	599
863	718
863	958
863	975
864	122
864	519
864	569
864	573
864	609
864	762
864	790
864	899
864	925
864	994
865	206
865	269
865	300
865	371
865	502
865	544
865	574
865	685
865	907
865	929
866	144
866	403
866	416
866	434
866	558
866	727
866	739
866	884
866	898
866	904
866	942
867	268
867	535
867	568
867	668
867	672
867	758
867	789
867	966
868	40
868	208
868	455
868	640
868	745
868	761
868	765
868	818
869	96
869	266
869	460
869	611
869	635
869	763
869	783
869	875
870	331
870	542
870	571
870	647
870	802
870	821
870	881
870	968
870	974
870	995
871	455
871	626
871	765
871	785
871	787
871	818
871	913
871	988
872	159
872	320
872	437
872	475
872	514
872	758
872	772
872	845
872	904
873	91
873	585
873	652
873	834
873	888
873	950
873	999
874	392
874	817
874	847
874	907
874	911
874	930
874	992
874	994
874	996
874	1000
875	635
875	713
875	763
875	783
875	869
875	974
875	1000
876	242
876	314
876	468
876	640
876	699
876	785
876	853
876	926
876	987
877	391
877	439
877	531
877	605
877	721
877	906
877	966
877	988
878	432
878	486
878	705
878	735
878	753
878	905
878	949
878	973
878	981
879	284
879	432
879	513
879	604
879	610
879	643
879	786
879	953
879	978
880	245
880	383
880	386
880	460
880	586
880	746
880	760
880	768
880	808
880	959
881	196
881	647
881	725
881	778
881	797
881	846
881	849
881	870
881	974
881	995
881	996
882	96
882	267
882	617
882	643
882	704
882	754
882	932
882	993
883	219
883	299
883	365
883	440
883	472
883	554
883	607
883	621
883	799
883	951
883	985
884	80
884	235
884	238
884	278
884	416
884	443
884	561
884	703
884	727
884	866
885	75
885	432
885	437
885	518
885	693
885	806
885	848
885	857
885	890
885	896
886	246
886	331
886	463
886	482
886	509
886	580
886	737
886	811
886	925
887	44
887	288
887	533
887	610
887	664
887	719
887	924
887	945
887	958
888	552
888	576
888	640
888	738
888	742
888	748
888	766
888	873
888	952
889	248
889	283
889	326
889	442
889	590
889	796
889	829
889	830
889	841
889	897
889	979
890	403
890	423
890	426
890	712
890	847
890	885
890	893
890	904
890	913
890	969
891	69
891	346
891	353
891	496
891	556
891	568
891	600
891	779
891	848
891	909
891	954
892	97
892	567
892	669
892	676
892	818
892	830
892	965
892	968
892	976
893	725
893	781
893	813
893	890
893	913
893	939
893	962
893	969
893	978
894	233
894	401
894	410
894	421
894	585
894	696
894	719
894	854
894	917
894	946
894	984
895	107
895	325
895	473
895	535
895	537
895	689
895	698
895	829
895	896
895	903
896	35
896	75
896	117
896	531
896	534
896	595
896	742
896	829
896	857
896	885
896	895
897	40
897	316
897	339
897	481
897	615
897	642
897	770
897	789
897	816
897	840
897	889
897	922
898	286
898	404
898	549
898	560
898	570
898	637
898	739
898	768
898	866
898	925
898	962
899	90
899	198
899	287
899	414
899	426
899	551
899	571
899	653
899	718
899	725
899	749
899	864
900	321
900	363
900	427
900	504
900	507
900	583
900	589
900	596
900	799
900	982
900	987
901	240
901	522
901	619
901	682
901	802
901	814
901	824
901	848
901	911
901	974
902	413
902	525
902	606
902	680
902	723
902	763
902	909
902	921
902	931
902	962
902	963
902	989
903	461
903	514
903	616
903	621
903	622
903	698
903	762
903	782
903	861
903	895
903	928
904	8
904	781
904	792
904	813
904	866
904	872
904	890
904	913
904	918
904	922
904	969
904	985
905	130
905	253
905	406
905	543
905	629
905	676
905	705
905	735
905	784
905	878
905	949
905	973
906	184
906	396
906	466
906	599
906	600
906	681
906	703
906	775
906	798
906	862
906	877
907	24
907	502
907	544
907	574
907	608
907	794
907	865
907	874
907	945
907	989
908	348
908	459
908	486
908	701
908	771
908	803
908	823
908	837
908	940
908	977
909	8
909	18
909	146
909	300
909	422
909	657
909	710
909	728
909	891
909	902
909	917
909	919
910	29
910	263
910	281
910	361
910	438
910	551
910	564
910	677
910	790
910	791
910	815
910	971
911	313
911	413
911	644
911	725
911	851
911	874
911	901
911	994
911	1000
912	180
912	264
912	406
912	584
912	625
912	736
912	744
912	795
912	838
912	852
912	939
913	254
913	297
913	454
913	790
913	813
913	871
913	890
913	893
913	904
913	918
914	162
914	376
914	402
914	530
914	532
914	623
914	686
914	769
914	776
914	793
914	996
915	207
915	467
915	547
915	631
915	697
915	760
915	778
915	931
915	961
916	254
916	260
916	335
916	352
916	373
916	420
916	427
916	461
916	689
916	722
916	737
916	801
917	274
917	282
917	713
917	730
917	732
917	767
917	854
917	894
917	909
917	935
918	327
918	364
918	458
918	716
918	724
918	735
918	781
918	813
918	904
918	913
918	969
919	477
919	542
919	663
919	720
919	738
919	751
919	800
919	807
919	838
919	859
919	909
920	300
920	413
920	430
920	641
920	689
920	765
920	769
920	843
920	940
920	952
920	967
921	258
921	293
921	384
921	572
921	669
921	688
921	707
921	728
921	832
921	902
921	930
922	5
922	14
922	101
922	131
922	275
922	383
922	615
922	708
922	789
922	816
922	897
922	904
922	937
923	59
923	320
923	324
923	344
923	523
923	587
923	715
923	746
923	764
923	791
923	802
923	935
924	190
924	610
924	662
924	664
924	689
924	715
924	719
924	832
924	887
924	945
924	964
925	130
925	224
925	471
925	662
925	685
925	762
925	864
925	886
925	898
925	976
925	982
926	80
926	241
926	242
926	314
926	552
926	577
926	640
926	680
926	699
926	751
926	876
926	938
927	237
927	336
927	405
927	452
927	655
927	693
927	708
927	765
927	766
927	803
927	860
928	34
928	319
928	419
928	508
928	700
928	744
928	819
928	834
928	903
928	956
929	68
929	126
929	273
929	284
929	545
929	601
929	800
929	803
929	865
929	972
929	994
930	62
930	384
930	399
930	606
930	827
930	853
930	874
930	921
930	934
930	995
931	48
931	344
931	433
931	469
931	495
931	565
931	704
931	712
931	747
931	853
931	902
931	915
932	137
932	216
932	227
932	267
932	305
932	398
932	470
932	556
932	617
932	691
932	882
933	133
933	271
933	322
933	531
933	536
933	545
933	602
933	613
933	665
933	693
933	745
933	747
934	307
934	316
934	581
934	669
934	779
934	811
934	827
934	839
934	859
934	930
934	952
935	155
935	360
935	439
935	538
935	550
935	598
935	678
935	767
935	917
935	923
935	943
936	255
936	361
936	504
936	518
936	524
936	528
936	536
936	728
936	734
936	958
936	969
936	989
937	53
937	160
937	253
937	299
937	421
937	443
937	634
937	713
937	822
937	922
937	970
938	76
938	197
938	207
938	368
938	517
938	657
938	704
938	722
938	820
938	850
938	926
939	458
939	566
939	625
939	736
939	744
939	745
939	834
939	837
939	856
939	893
939	912
939	949
940	365
940	399
940	566
940	615
940	769
940	799
940	908
940	920
940	952
940	967
941	45
941	55
941	513
941	624
941	658
941	714
941	777
941	844
941	851
941	955
941	989
942	215
942	312
942	395
942	494
942	627
942	659
942	666
942	673
942	729
942	752
942	826
942	866
943	360
943	538
943	579
943	598
943	748
943	767
943	798
943	935
943	961
943	997
944	93
944	562
944	660
944	671
944	676
944	690
944	767
944	843
944	947
944	973
945	549
945	600
945	610
945	662
945	664
945	706
945	719
945	727
945	887
945	907
945	924
945	983
946	70
946	100
946	434
946	535
946	613
946	623
946	696
946	707
946	730
946	771
946	824
946	854
946	894
947	93
947	111
947	338
947	562
947	660
947	671
947	747
947	838
947	859
947	944
948	138
948	176
948	335
948	498
948	505
948	556
948	638
948	703
948	774
948	787
948	807
948	819
949	389
949	486
949	595
949	705
949	735
949	796
949	815
949	878
949	905
949	939
949	973
950	431
950	589
950	608
950	633
950	654
950	683
950	690
950	726
950	852
950	873
950	983
951	192
951	492
951	520
951	527
951	655
951	678
951	729
951	828
951	855
951	856
951	883
952	561
952	769
952	801
952	814
952	838
952	843
952	888
952	920
952	934
952	940
952	993
953	266
953	452
953	597
953	684
953	786
953	841
953	845
953	879
953	978
953	980
954	12
954	23
954	353
954	398
954	418
954	568
954	664
954	677
954	840
954	891
954	959
954	967
955	611
955	658
955	707
955	716
955	720
955	760
955	844
955	849
955	941
955	959
956	10
956	350
956	445
956	563
956	581
956	626
956	770
956	820
956	841
956	851
956	928
956	970
956	987
957	112
957	252
957	428
957	472
957	497
957	500
957	595
957	661
957	972
957	986
957	988
958	2
958	235
958	265
958	312
958	504
958	524
958	710
958	734
958	863
958	887
958	936
958	966
959	292
959	342
959	497
959	529
959	541
959	553
959	750
959	839
959	880
959	954
959	955
959	979
960	1
960	206
960	292
960	326
960	353
960	388
960	533
960	750
960	780
960	835
960	839
961	114
961	230
961	370
961	377
961	547
961	631
961	697
961	822
961	915
961	943
961	991
962	203
962	212
962	326
962	375
962	418
962	460
962	549
962	560
962	620
962	739
962	821
962	893
962	898
962	902
963	33
963	77
963	98
963	385
963	436
963	448
963	597
963	656
963	768
963	830
963	902
963	978
964	175
964	269
964	449
964	479
964	609
964	643
964	702
964	796
964	809
964	842
964	859
964	924
965	138
965	273
965	483
965	543
965	639
965	676
965	679
965	782
965	848
965	852
965	892
965	976
966	478
966	668
966	670
966	774
966	842
966	843
966	867
966	877
966	958
966	969
967	187
967	194
967	529
967	603
967	622
967	652
967	767
967	838
967	843
967	855
967	920
967	940
967	954
968	37
968	39
968	93
968	157
968	262
968	280
968	591
968	639
968	870
968	892
968	969
968	976
969	9
969	744
969	781
969	890
969	893
969	904
969	918
969	936
969	966
969	968
969	985
970	161
970	625
970	659
970	747
970	776
970	794
970	858
970	937
970	956
970	985
971	63
971	148
971	173
971	195
971	231
971	243
971	313
971	366
971	491
971	558
971	724
971	798
971	910
972	78
972	126
972	218
972	273
972	366
972	657
972	676
972	730
972	753
972	929
972	957
973	225
973	255
973	323
973	457
973	472
973	530
973	705
973	735
973	854
973	878
973	905
973	944
973	949
974	317
974	478
974	537
974	583
974	585
974	647
974	651
974	740
974	821
974	846
974	870
974	875
974	881
974	901
975	251
975	256
975	271
975	464
975	479
975	517
975	551
975	569
975	585
975	594
975	682
975	733
975	801
975	863
976	290
976	307
976	358
976	557
976	679
976	757
976	817
976	892
976	925
976	965
976	968
976	998
977	160
977	313
977	576
977	581
977	625
977	713
977	745
977	822
977	833
977	908
977	999
978	67
978	127
978	263
978	513
978	685
978	778
978	829
978	879
978	893
978	953
978	963
979	92
979	321
979	341
979	441
979	517
979	590
979	668
979	740
979	830
979	889
979	959
980	108
980	340
980	410
980	593
980	641
980	688
980	797
980	811
980	821
980	836
980	856
980	953
980	993
981	105
981	209
981	415
981	609
981	729
981	776
981	804
981	858
981	878
981	985
981	988
982	154
982	356
982	363
982	415
982	427
982	472
982	507
982	596
982	626
982	739
982	900
982	925
983	166
983	390
983	497
983	506
983	600
983	649
983	652
983	690
983	726
983	740
983	773
983	945
983	950
984	56
984	94
984	101
984	103
984	274
984	354
984	370
984	535
984	628
984	730
984	739
984	749
984	854
984	894
985	105
985	470
985	558
985	598
985	747
985	776
985	883
985	904
985	969
985	970
985	981
985	988
986	116
986	282
986	380
986	445
986	458
986	475
986	595
986	661
986	686
986	723
986	855
986	957
987	371
987	404
987	465
987	563
987	679
987	709
987	721
987	784
987	807
987	841
987	851
987	876
987	900
987	956
988	77
988	161
988	614
988	747
988	776
988	858
988	871
988	877
988	957
988	981
988	985
988	989
989	413
989	438
989	557
989	560
989	606
989	723
989	830
989	902
989	907
989	936
989	941
989	988
990	256
990	283
990	347
990	372
990	481
990	509
990	573
990	624
990	710
990	722
991	54
991	121
991	181
991	336
991	522
991	547
991	555
991	561
991	631
991	695
991	778
991	961
992	241
992	270
992	487
992	546
992	759
992	773
992	804
992	835
992	849
992	856
992	874
993	118
993	151
993	237
993	304
993	370
993	418
993	424
993	617
993	717
993	721
993	862
993	882
993	952
993	980
994	475
994	638
994	644
994	825
994	847
994	864
994	874
994	911
994	929
994	1000
995	210
995	239
995	362
995	483
995	585
995	678
995	774
995	789
995	821
995	823
995	847
995	870
995	881
995	930
996	86
996	318
996	333
996	511
996	514
996	530
996	539
996	573
996	686
996	874
996	881
996	914
997	125
997	150
997	318
997	378
997	465
997	480
997	660
997	712
997	731
997	732
997	943
998	259
998	433
998	437
998	460
998	534
998	748
998	757
998	792
998	797
998	817
998	861
998	976
999	71
999	443
999	501
999	588
999	667
999	713
999	822
999	832
999	833
999	873
999	977
1000	356
1000	392
1000	415
1000	644
1000	725
1000	726
1000	750
1000	763
1000	788
1000	874
1000	875
1000	911
1000	994
