1	787
2	593
2	766
3	401
3	591
4	812
4	898
5	594
6	711
6	789
7	834
7	919
8	213
8	519
9	569
9	745
9	760
11	600
12	405
12	919
13	787
14	537
14	876
14	982
15	984
16	984
17	868
18	718
19	371
19	418
20	808
20	984
21	539
21	780
22	590
23	192
23	765
24	368
25	855
26	809
27	242
28	299
29	575
29	675
30	299
30	793
31	861
31	955
32	837
32	988
33	855
34	843
35	764
35	784
37	771
38	819
39	551
40	879
40	939
41	618
41	779
42	933
42	951
43	658
43	999
44	836
45	151
46	870
47	451
47	800
48	256
48	411
49	813
50	921
50	957
52	862
52	936
53	649
53	986
54	678
54	961
54	973
55	432
55	572
55	977
56	779
56	934
57	922
58	795
58	925
59	900
59	959
60	644
61	944
62	891
62	962
63	967
64	870
65	665
65	738
66	698
67	991
68	894
68	955
69	677
69	907
70	450
70	938
71	894
73	873
74	177
74	384
74	941
75	971
75	975
76	795
77	960
78	835
78	987
79	91
79	640
80	893
80	908
81	622
82	786
82	972
84	878
85	554
85	692
86	415
86	962
87	804
88	534
88	773
89	692
90	958
91	79
91	616
92	780
93	956
93	984
93	998
94	876
95	962
96	973
97	464
98	391
98	906
99	859
100	832
100	962
100	963
101	965
101	987
102	947
103	472
103	786
104	806
105	721
106	816
107	891
107	910
108	517
108	774
109	733
110	943
110	997
111	879
111	954
112	965
112	989
113	912
115	646
115	732
116	733
117	747
117	984
118	994
119	892
120	909
120	929
121	741
121	985
122	943
123	694
123	898
124	876
125	394
126	824
126	866
126	934
127	717
128	848
129	803
129	861
130	999
131	764
131	772
131	898
132	817
133	905
134	972
135	962
136	916
137	752
138	993
139	996
140	965
141	465
141	501
141	908
142	644
143	907
144	965
145	508
146	999
147	419
148	832
148	990
149	956
149	998
150	278
151	45
151	519
153	341
154	518
154	966
155	640
155	884
156	690
157	636
157	761
157	958
158	931
160	802
161	966
162	811
163	844
163	945
164	832
164	935
165	738
166	908
167	963
168	595
169	841
170	887
170	897
171	834
171	845
173	974
174	911
175	914
176	864
177	74
178	538
179	536
180	774
181	695
181	940
182	899
184	669
184	984
185	804
186	938
187	208
187	549
188	579
188	877
190	845
191	739
191	958
192	23
193	789
193	870
194	737
195	391
196	697
197	846
197	927
198	766
200	853
201	387
201	966
202	913
202	964
203	438
203	744
203	779
204	733
204	931
205	754
205	783
205	903
206	679
206	700
206	822
206	970
207	665
207	819
207	972
208	187
208	561
208	902
209	863
209	961
210	834
210	936
211	486
211	847
212	534
212	581
212	782
212	958
213	8
213	985
214	824
214	866
215	929
216	800
217	742
217	946
218	922
219	677
219	717
220	331
220	433
220	576
220	616
221	999
222	684
222	927
222	986
223	632
223	906
223	940
224	664
224	718
225	799
226	891
226	920
226	962
227	679
227	849
227	970
228	460
228	513
229	970
229	987
230	436
231	974
232	913
233	888
233	920
234	426
235	930
236	538
236	965
237	933
237	943
238	768
238	795
238	868
238	965
239	882
239	886
239	980
240	686
240	701
240	904
240	952
241	466
241	785
241	908
242	27
242	851
242	924
243	442
243	975
244	739
244	957
246	871
246	949
247	915
247	986
248	900
248	907
249	503
249	930
250	778
250	974
250	980
251	946
251	980
252	964
252	988
253	663
253	867
254	733
255	837
255	996
256	48
257	499
257	893
258	690
258	863
259	677
259	991
260	768
260	992
261	958
262	579
262	778
263	579
263	958
264	359
264	818
264	944
265	686
265	727
266	749
266	853
267	914
267	984
268	969
269	840
269	856
270	794
270	880
270	970
271	690
271	961
272	592
272	594
272	877
272	980
273	898
274	940
275	466
276	919
277	903
277	933
277	951
278	150
279	676
279	829
279	980
280	959
280	990
281	680
281	936
282	839
284	740
284	775
285	679
285	905
285	945
286	529
286	988
287	789
287	950
288	869
288	990
289	892
290	986
290	990
291	882
291	932
291	938
292	648
292	787
292	847
292	931
293	779
294	904
294	994
295	848
295	1000
296	779
297	986
298	859
298	977
298	985
298	995
299	28
299	30
299	713
300	848
300	945
301	749
301	795
302	787
303	708
304	697
304	851
305	408
305	856
306	708
308	537
309	652
309	716
310	675
310	730
310	774
310	995
311	583
311	991
312	631
312	737
313	950
313	954
314	390
314	823
314	827
314	861
314	932
315	839
315	903
315	912
315	913
316	844
316	945
317	809
317	901
317	977
318	724
318	946
319	924
319	972
320	959
320	976
321	922
321	942
321	946
322	824
322	866
322	965
323	939
324	606
324	744
324	928
325	652
326	965
326	971
327	774
328	779
328	916
329	969
330	735
331	220
331	990
332	446
332	921
333	674
333	742
333	811
334	915
334	922
334	948
335	961
335	964
336	733
336	812
337	499
337	921
337	954
338	972
338	994
339	956
339	969
340	975
341	153
341	781
342	774
343	830
343	962
344	726
344	859
344	945
345	654
345	763
346	423
346	528
346	960
347	831
347	930
348	515
349	826
349	972
350	681
350	956
351	901
351	933
352	659
352	754
352	770
352	980
353	702
353	858
354	909
355	893
356	765
356	969
356	987
358	669
358	786
359	264
360	861
360	922
360	932
361	474
361	973
362	812
364	955
364	958
364	974
365	930
366	840
366	915
367	591
368	24
368	397
368	704
369	606
369	807
369	923
370	707
370	969
371	19
372	398
372	812
372	837
373	769
374	668
374	899
374	952
375	700
376	671
377	780
377	960
379	972
379	976
380	946
381	837
381	896
382	846
382	967
383	526
384	74
384	769
384	848
385	975
385	976
386	424
386	764
386	860
386	972
387	201
387	622
387	685
387	759
387	814
387	991
388	450
388	725
388	914
389	470
389	670
390	314
390	868
390	971
391	98
391	195
391	668
391	927
391	977
392	772
392	830
392	976
393	675
393	989
393	995
394	125
394	888
395	592
395	673
395	694
395	738
396	565
396	621
396	761
396	811
397	368
397	468
397	911
398	372
398	417
398	958
399	775
399	956
399	998
400	840
400	962
401	3
401	893
401	895
402	885
402	901
402	957
402	963
403	504
403	683
403	711
403	726
403	789
404	493
404	704
404	866
404	882
405	12
405	914
405	919
406	572
406	927
406	956
407	831
407	859
407	988
408	305
408	457
408	850
409	559
409	813
409	948
409	985
410	780
410	836
410	888
411	48
411	450
411	715
411	869
412	596
412	645
412	796
412	933
412	951
413	425
413	704
413	839
414	870
414	924
414	954
415	86
415	784
415	847
415	949
416	479
416	625
416	661
416	719
417	398
417	542
417	703
417	865
418	19
418	494
418	656
418	954
419	147
419	646
419	707
419	940
420	575
420	903
420	912
420	913
420	948
421	550
421	842
421	874
421	966
422	597
422	653
422	871
423	346
423	654
423	746
423	930
424	386
424	546
424	802
425	413
425	644
425	996
426	234
426	924
426	953
427	637
427	806
427	901
427	905
427	963
428	675
428	884
428	940
429	809
429	907
430	583
430	658
430	742
430	893
431	613
431	883
431	895
432	55
432	530
432	594
432	1000
433	220
433	638
433	787
434	814
434	999
435	774
435	796
435	992
436	230
436	521
436	690
436	778
437	740
437	750
437	908
437	988
438	203
438	936
439	655
439	926
439	993
440	633
440	952
440	964
441	954
441	956
441	992
442	243
442	546
442	975
443	891
443	955
443	962
443	986
444	780
444	800
444	867
444	959
444	990
445	794
445	891
445	968
446	332
446	545
446	669
446	906
447	737
447	920
447	949
447	952
447	989
448	625
448	643
448	871
448	998
449	683
449	807
449	886
449	943
450	70
450	388
450	411
450	520
451	47
451	923
451	929
452	906
452	917
453	631
453	696
453	848
454	642
454	927
454	946
455	708
455	955
455	980
456	759
456	764
456	867
456	984
457	408
457	590
457	801
457	815
457	953
457	965
458	698
458	841
458	871
459	531
459	808
459	844
460	228
460	543
460	727
460	892
460	947
461	696
461	843
461	918
461	981
462	674
462	705
462	717
462	809
463	733
463	822
463	920
464	97
464	680
464	770
464	940
464	941
465	141
465	744
465	828
465	844
465	945
466	241
466	275
466	811
466	930
467	749
467	853
468	397
468	768
468	868
468	882
469	888
469	908
469	934
470	389
470	600
470	776
470	924
471	749
471	853
471	865
472	103
472	611
472	851
472	852
473	711
473	957
474	361
474	505
474	727
474	872
474	948
475	476
475	760
475	877
475	885
476	475
476	781
476	841
477	603
477	770
477	783
477	983
478	720
478	883
478	909
478	1000
479	416
479	771
479	783
479	811
480	943
480	997
481	527
481	589
481	739
482	687
482	904
482	969
483	663
483	758
483	866
483	909
484	546
484	727
484	815
485	763
485	777
485	874
485	989
486	211
486	904
487	603
487	826
487	897
487	949
488	494
488	895
488	951
489	736
489	822
489	934
490	600
490	658
490	700
490	849
490	872
491	882
491	977
492	649
492	684
492	823
492	824
492	948
493	404
493	743
493	936
494	418
494	488
494	784
494	921
495	544
495	883
495	912
495	960
496	579
496	770
496	845
496	922
497	755
497	874
497	968
498	648
498	847
498	972
499	257
499	337
499	964
500	534
500	821
500	896
500	994
501	141
501	791
501	816
501	883
502	613
502	799
502	816
503	249
503	634
503	889
503	900
504	403
504	711
504	789
504	822
504	854
505	474
505	651
505	684
506	650
506	875
506	971
507	710
507	890
507	929
508	145
508	643
508	680
508	790
508	792
509	734
509	870
510	664
510	863
510	877
510	992
511	767
511	974
511	979
511	980
512	612
512	827
512	861
512	878
512	889
512	932
513	228
513	727
513	964
514	591
514	796
514	836
514	992
515	348
515	633
515	662
515	682
516	709
516	857
516	975
516	992
517	108
517	771
517	774
517	996
518	154
518	556
518	585
519	8
519	151
519	944
520	450
520	730
520	926
520	988
521	436
521	744
521	920
521	982
522	814
522	947
522	971
523	772
523	820
523	898
523	914
524	669
524	921
524	949
524	991
525	535
525	608
525	919
525	979
526	383
526	740
526	767
526	819
526	856
527	481
527	666
527	739
527	963
528	346
528	572
528	594
528	702
528	720
528	843
529	286
529	551
529	653
529	975
530	432
530	560
530	599
530	831
530	944
531	459
531	601
531	842
531	867
531	882
531	966
532	674
532	751
532	799
532	833
532	996
533	691
533	769
533	848
533	909
534	88
534	212
534	500
534	904
534	964
534	994
535	525
535	639
535	802
535	871
536	179
536	554
536	692
536	868
537	14
537	308
537	782
537	791
537	983
538	178
538	236
538	923
539	21
539	662
539	836
539	888
539	924
539	935
540	685
540	870
540	873
540	956
541	641
541	778
541	933
541	973
542	417
542	768
542	865
542	928
542	929
543	460
543	726
543	842
543	905
544	495
544	824
544	831
544	862
544	866
545	446
545	634
545	903
545	912
545	920
545	959
546	424
546	442
546	484
546	665
547	581
547	777
547	863
547	973
547	989
548	652
548	722
548	852
548	864
548	959
549	187
549	703
549	747
549	865
549	960
550	421
550	581
550	883
550	1000
551	39
551	529
551	721
551	760
551	826
552	657
552	795
552	857
552	897
552	950
553	648
553	725
553	914
553	970
554	85
554	536
554	686
554	692
554	776
554	798
555	682
555	777
555	812
555	874
555	989
556	518
556	701
556	734
556	780
556	952
557	656
557	703
557	846
557	889
557	911
558	664
558	693
558	771
558	803
558	955
559	409
559	582
559	872
559	880
560	530
560	682
560	832
560	944
560	971
561	208
561	673
561	815
561	828
561	902
562	786
562	959
562	963
562	983
563	627
563	689
563	739
563	998
564	672
564	723
564	830
564	967
564	977
565	396
565	677
565	695
565	761
565	909
566	774
566	778
566	859
566	905
567	680
567	824
567	916
567	951
567	985
568	654
568	758
568	802
568	804
568	887
568	991
569	9
569	887
569	970
570	659
570	846
570	908
570	918
570	936
571	644
571	764
571	921
572	55
572	406
572	528
572	594
572	636
573	678
573	789
573	902
573	953
573	965
574	870
574	873
574	925
574	950
575	29
575	420
575	711
575	874
575	989
576	220
576	910
576	933
576	942
576	951
577	821
577	825
577	928
578	639
578	672
578	826
579	188
579	262
579	263
579	496
579	639
579	845
580	762
580	895
580	976
581	212
581	547
581	550
581	645
581	828
581	989
582	559
582	611
582	650
582	896
582	986
583	311
583	430
583	653
583	813
583	847
584	772
584	942
584	944
584	971
585	518
585	587
585	807
585	934
586	602
586	653
586	684
586	856
587	585
587	658
587	828
587	928
588	721
588	828
588	866
588	874
589	481
589	739
589	764
589	842
589	981
590	22
590	457
590	943
590	997
591	3
591	367
591	514
591	893
591	995
592	272
592	395
592	610
592	666
593	2
593	721
593	876
593	938
593	952
594	5
594	272
594	432
594	528
594	572
594	1000
595	168
595	782
595	786
595	852
595	902
596	412
596	604
596	775
596	871
596	968
597	422
597	655
597	745
597	907
598	760
598	799
598	849
598	877
598	885
599	530
599	696
599	784
599	948
600	11
600	470
600	490
600	873
600	877
600	955
601	531
601	762
601	779
601	878
601	966
601	999
602	586
602	743
602	768
602	868
603	477
603	487
603	776
603	897
604	596
604	825
604	847
604	931
604	973
605	872
605	915
605	916
605	927
605	956
606	324
606	369
606	744
606	807
606	897
607	765
607	946
607	969
607	994
608	525
608	750
608	891
608	919
609	676
609	829
609	947
609	961
609	964
609	969
610	592
610	738
610	900
610	930
611	472
611	582
611	752
611	921
612	512
612	794
612	810
612	893
612	916
613	431
613	502
613	746
613	886
613	925
614	788
614	877
614	894
615	833
615	929
615	997
616	91
616	220
616	638
616	884
616	937
616	942
616	960
617	751
617	823
617	825
617	847
617	894
617	941
618	41
618	693
618	743
618	807
618	960
619	701
619	952
619	953
619	963
620	737
620	782
620	958
620	1000
621	396
621	695
621	761
621	858
622	81
622	387
622	715
622	869
622	882
623	719
623	796
623	893
623	992
624	627
624	691
624	894
624	983
625	416
625	448
625	744
625	798
625	810
625	982
626	654
626	668
626	802
626	804
626	877
627	563
627	624
627	997
628	817
628	961
628	986
629	756
629	762
629	818
629	850
630	680
630	732
630	926
630	988
631	312
631	453
631	826
631	897
632	223
632	833
632	844
632	945
633	440
633	515
633	743
633	775
633	785
633	964
634	503
634	545
634	860
634	903
634	913
635	926
635	931
635	937
635	959
636	157
636	572
636	794
636	850
636	916
636	928
637	427
637	784
637	955
637	963
638	433
638	616
638	640
638	865
638	884
638	975
639	535
639	578
639	579
639	802
640	79
640	155
640	638
640	828
640	839
640	884
641	541
641	706
641	778
641	860
641	925
642	454
642	773
642	838
642	890
643	448
643	508
643	719
643	755
643	790
643	792
644	60
644	142
644	425
644	571
644	690
644	704
645	412
645	581
645	843
645	875
645	878
646	115
646	419
646	661
646	673
646	926
647	659
647	772
647	908
647	945
647	962
648	292
648	498
648	553
648	653
648	813
649	53
649	492
649	659
649	880
649	896
649	907
650	506
650	582
650	817
650	880
650	922
650	925
650	986
651	505
651	756
651	762
651	812
651	860
652	309
652	325
652	548
652	837
652	889
652	895
653	422
653	529
653	583
653	586
653	648
653	813
653	926
654	345
654	423
654	568
654	626
654	804
654	867
654	968
655	439
655	597
655	879
655	937
655	970
656	418
656	557
656	709
656	712
656	846
656	890
656	971
657	552
657	709
657	779
657	795
657	828
657	841
657	857
658	43
658	430
658	490
658	587
658	832
658	935
658	937
658	951
659	352
659	570
659	647
659	649
659	731
659	857
659	908
660	725
660	869
660	914
660	967
660	973
661	416
661	646
661	735
661	781
661	946
661	997
662	515
662	539
662	680
662	765
662	801
662	910
662	933
663	253
663	483
663	671
663	758
663	906
663	909
663	929
664	224
664	510
664	558
664	670
664	771
664	803
664	883
665	65
665	207
665	546
665	975
665	999
666	527
666	592
666	669
666	899
666	914
666	942
667	760
667	807
667	876
667	924
667	932
667	937
668	374
668	391
668	626
668	720
668	782
668	911
668	958
669	184
669	358
669	446
669	524
669	666
669	752
669	994
670	389
670	664
670	795
670	801
670	933
670	951
670	991
671	376
671	663
671	722
671	864
671	931
671	959
672	564
672	578
672	830
672	836
672	899
672	927
672	931
672	962
673	395
673	561
673	646
673	738
673	761
673	840
674	333
674	462
674	532
674	690
674	704
674	810
674	929
675	29
675	310
675	393
675	428
675	683
675	922
675	925
675	978
676	279
676	609
676	751
676	797
676	838
676	923
676	954
677	69
677	219
677	259
677	565
677	907
677	908
678	54
678	573
678	727
678	973
678	984
679	206
679	227
679	285
679	856
679	948
679	987
680	281
680	464
680	508
680	567
680	630
680	662
680	801
681	350
681	701
681	886
681	920
682	515
682	555
682	560
682	788
682	838
682	899
683	403
683	449
683	675
683	875
683	878
683	976
684	222
684	492
684	505
684	586
684	698
684	880
685	387
685	540
685	869
685	872
685	928
686	240
686	265
686	554
686	754
686	770
686	773
686	783
687	482
687	756
687	762
687	791
687	860
687	941
688	743
688	882
688	903
688	917
688	960
689	563
689	878
689	888
689	956
689	975
689	998
690	156
690	258
690	271
690	436
690	644
690	674
690	775
690	890
691	533
691	624
691	737
691	788
691	855
691	978
692	85
692	89
692	536
692	554
692	723
692	758
693	558
693	618
693	709
693	771
693	803
693	898
694	123
694	395
694	794
694	849
695	181
695	565
695	621
695	761
695	890
695	950
696	453
696	461
696	599
696	820
696	988
697	196
697	304
697	760
697	852
697	998
698	66
698	458
698	684
698	791
698	831
698	859
699	715
699	839
699	945
700	206
700	375
700	490
700	840
700	863
701	240
701	556
701	619
701	681
701	952
701	975
701	992
702	353
702	528
702	798
702	918
702	964
702	970
702	973
703	417
703	549
703	557
703	754
703	800
703	865
703	979
704	368
704	404
704	413
704	644
704	674
704	971
705	462
705	711
705	782
705	845
705	951
705	958
706	641
706	731
706	777
706	778
706	816
706	939
707	370
707	419
707	737
707	817
707	910
708	303
708	306
708	455
708	786
708	995
709	516
709	656
709	657
709	693
709	795
709	797
709	838
710	507
710	833
710	890
710	898
710	918
710	996
710	998
711	6
711	403
711	473
711	504
711	575
711	705
711	789
712	656
712	741
712	747
712	835
712	846
713	299
713	767
713	863
713	938
713	968
714	857
714	862
714	875
714	878
714	916
714	920
714	944
715	411
715	622
715	699
715	795
715	814
715	924
715	993
716	309
716	719
716	748
716	826
716	861
716	897
716	953
717	127
717	219
717	462
717	781
717	841
717	859
717	947
718	18
718	224
718	837
718	889
718	982
719	416
719	623
719	643
719	716
719	790
719	792
720	478
720	528
720	668
720	883
720	1000
721	105
721	551
721	588
721	593
721	748
721	894
722	548
722	671
722	932
722	959
722	970
723	564
723	692
723	927
723	942
723	977
724	318
724	814
724	888
724	959
724	990
725	388
725	553
725	660
725	914
725	981
726	344
726	403
726	543
726	808
726	872
726	948
727	265
727	460
727	474
727	484
727	513
727	678
728	754
728	755
728	819
728	820
728	907
728	972
729	844
729	945
729	953
729	979
729	996
730	310
730	520
730	761
730	772
730	812
730	820
730	898
730	902
731	659
731	706
731	827
731	860
731	885
731	972
732	115
732	630
732	750
732	851
733	109
733	116
733	204
733	254
733	336
733	463
733	854
733	949
734	509
734	556
734	747
734	827
734	861
734	932
735	330
735	661
735	803
735	842
735	918
735	946
736	489
736	818
736	825
736	875
736	881
736	895
736	934
737	194
737	312
737	447
737	620
737	691
737	707
737	763
737	949
738	65
738	165
738	395
738	610
738	673
738	796
738	836
738	885
738	891
739	191
739	244
739	481
739	527
739	563
739	589
739	969
740	284
740	437
740	526
740	745
740	918
740	979
740	991
741	121
741	712
741	756
741	780
741	930
741	985
741	995
742	217
742	333
742	430
742	759
742	764
742	811
742	982
743	493
743	602
743	618
743	633
743	688
743	757
743	765
743	776
743	917
744	203
744	324
744	465
744	521
744	606
744	625
744	920
744	949
744	982
745	9
745	597
745	740
745	755
745	889
745	905
745	931
745	970
746	423
746	613
746	784
746	823
746	872
746	874
746	915
747	117
747	549
747	712
747	734
747	846
747	876
747	910
748	716
748	721
748	936
748	939
748	967
748	983
749	266
749	301
749	467
749	471
749	821
749	853
749	885
750	437
750	608
750	732
750	871
750	886
750	900
750	906
750	925
751	532
751	617
751	676
751	767
751	821
751	829
751	892
751	978
752	137
752	611
752	669
752	868
752	921
752	988
752	1000
753	805
753	835
753	873
753	876
753	885
753	910
753	968
753	971
754	205
754	352
754	686
754	703
754	728
754	783
754	845
754	922
754	956
755	497
755	643
755	728
755	745
755	781
755	830
755	863
755	869
755	968
756	629
756	651
756	687
756	741
756	762
756	868
756	950
757	743
757	759
757	917
757	938
757	939
757	960
757	999
758	483
758	568
758	663
758	692
758	852
758	909
758	929
758	985
759	387
759	456
759	742
759	757
759	764
759	817
759	819
759	853
760	9
760	475
760	551
760	598
760	667
760	697
760	788
760	870
761	157
761	396
761	565
761	621
761	673
761	695
761	730
762	580
762	601
762	629
762	651
762	687
762	756
762	855
763	345
763	485
763	737
763	798
763	818
763	920
763	932
763	949
763	982
764	35
764	131
764	386
764	456
764	571
764	589
764	742
764	759
764	811
765	23
765	356
765	607
765	662
765	743
765	943
765	969
766	2
766	198
766	788
766	882
766	938
767	511
767	526
767	713
767	751
767	768
767	782
767	819
767	876
767	968
768	238
768	260
768	468
768	542
768	602
768	767
768	856
768	868
769	373
769	384
769	533
769	848
769	909
769	928
770	352
770	464
770	477
770	496
770	686
770	845
770	960
770	986
771	37
771	479
771	517
771	558
771	664
771	693
771	803
772	131
772	392
772	523
772	584
772	647
772	730
772	838
772	858
773	88
773	642
773	686
773	791
773	855
773	964
773	967
773	983
774	108
774	180
774	310
774	327
774	342
774	435
774	517
774	566
774	815
775	284
775	399
775	596
775	633
775	690
775	871
775	912
776	470
776	554
776	603
776	743
776	935
776	957
776	995
777	485
777	547
777	555
777	706
777	804
777	828
777	980
777	983
777	989
778	250
778	262
778	436
778	541
778	566
778	641
778	706
778	921
778	930
779	41
779	56
779	203
779	293
779	296
779	328
779	601
779	657
779	838
779	842
780	21
780	92
780	377
780	410
780	444
780	556
780	741
780	836
780	888
781	341
781	476
781	661
781	717
781	755
781	821
781	841
781	874
781	911
782	212
782	537
782	595
782	620
782	668
782	705
782	767
782	801
783	205
783	477
783	479
783	686
783	754
783	878
783	882
783	899
783	957
783	958
784	35
784	415
784	494
784	599
784	637
784	746
784	915
784	948
785	241
785	633
785	808
785	906
785	911
785	941
785	994
786	82
786	103
786	358
786	562
786	595
786	708
786	893
786	896
786	938
787	1
787	13
787	292
787	302
787	433
787	810
787	811
787	884
787	923
788	614
788	682
788	691
788	760
788	766
788	793
788	894
788	941
789	6
789	193
789	287
789	403
789	504
789	573
789	711
789	952
789	992
790	508
790	643
790	719
790	792
790	806
790	858
790	905
791	501
791	537
791	687
791	698
791	773
791	862
791	951
791	967
792	508
792	643
792	719
792	790
792	934
792	935
792	959
793	30
793	788
793	886
793	894
793	964
793	974
794	270
794	445
794	612
794	636
794	694
794	805
794	850
794	854
794	916
795	58
795	76
795	238
795	301
795	552
795	657
795	670
795	709
795	715
795	857
796	412
796	435
796	514
796	623
796	738
796	968
796	991
796	992
797	676
797	709
797	852
797	892
797	943
797	978
797	998
798	554
798	625
798	702
798	763
798	900
798	920
798	949
798	982
798	996
799	225
799	502
799	532
799	598
799	820
799	886
799	900
799	925
800	47
800	216
800	444
800	703
800	872
800	990
801	457
801	662
801	670
801	680
801	782
801	899
801	951
802	160
802	424
802	535
802	568
802	626
802	639
802	910
803	129
803	558
803	664
803	693
803	735
803	771
803	823
803	945
804	87
804	185
804	568
804	626
804	654
804	777
804	819
805	753
805	794
805	833
805	835
805	910
805	981
805	987
806	104
806	427
806	790
806	810
806	895
806	901
806	941
807	369
807	449
807	585
807	606
807	618
807	667
807	928
807	953
807	990
808	20
808	459
808	726
808	785
808	913
808	971
808	973
808	984
809	26
809	317
809	429
809	462
809	907
809	959
809	998
810	612
810	625
810	674
810	787
810	806
810	850
810	854
810	878
811	162
811	333
811	396
811	466
811	479
811	742
811	764
811	787
811	952
812	4
812	336
812	362
812	372
812	555
812	651
812	730
812	820
812	858
813	49
813	409
813	583
813	648
813	653
813	836
813	926
813	954
813	966
814	387
814	434
814	522
814	715
814	724
814	869
814	879
815	457
815	484
815	561
815	774
815	852
815	953
815	965
815	969
816	106
816	501
816	502
816	706
816	886
816	900
816	921
816	925
817	132
817	628
817	650
817	707
817	759
817	896
817	983
817	986
818	264
818	629
818	736
818	763
818	881
818	934
818	959
818	976
819	38
819	207
819	526
819	728
819	759
819	767
819	804
819	863
819	960
819	988
820	523
820	696
820	728
820	730
820	799
820	812
820	857
820	858
820	898
821	500
821	577
821	749
821	751
821	781
821	834
821	901
821	904
821	994
822	206
822	463
822	489
822	504
822	823
822	825
822	831
822	847
822	854
822	931
823	314
823	492
823	617
823	746
823	803
823	822
823	825
823	860
823	931
824	126
824	214
824	322
824	492
824	544
824	567
824	850
824	866
824	996
825	577
825	604
825	617
825	736
825	822
825	823
825	837
825	892
825	931
826	349
826	487
826	551
826	578
826	631
826	716
826	834
826	897
827	314
827	512
827	731
827	734
827	904
827	932
827	934
828	465
828	561
828	581
828	587
828	588
828	640
828	657
828	777
828	989
829	279
829	609
829	751
829	867
829	947
829	967
829	978
830	343
830	392
830	564
830	672
830	755
830	865
830	899
830	942
830	977
831	347
831	407
831	530
831	544
831	698
831	822
831	905
831	940
832	100
832	148
832	164
832	560
832	658
832	924
832	957
832	999
833	532
833	615
833	632
833	710
833	805
833	890
833	986
833	996
834	7
834	171
834	210
834	821
834	826
834	879
834	904
834	993
834	994
835	78
835	712
835	753
835	805
835	866
835	910
835	984
835	987
836	44
836	410
836	514
836	539
836	672
836	738
836	780
836	813
836	888
836	953
837	32
837	255
837	372
837	381
837	652
837	718
837	825
837	889
837	894
838	642
838	676
838	682
838	709
838	772
838	779
838	894
838	964
839	282
839	315
839	413
839	640
839	699
839	843
839	961
839	991
840	269
840	366
840	400
840	673
840	700
840	849
840	856
840	961
840	970
841	169
841	458
841	476
841	657
841	717
841	781
841	864
841	947
842	421
842	531
842	543
842	589
842	735
842	779
842	867
842	885
842	888
842	966
843	34
843	461
843	528
843	645
843	839
843	918
843	920
843	956
843	979
843	981
844	163
844	316
844	459
844	465
844	632
844	729
844	873
844	889
844	910
844	945
845	171
845	190
845	496
845	579
845	705
845	754
845	770
845	853
845	936
845	997
846	197
846	382
846	557
846	570
846	656
846	712
846	747
846	857
846	982
847	211
847	292
847	415
847	498
847	583
847	604
847	617
847	822
847	858
848	128
848	295
848	300
848	384
848	453
848	533
848	769
848	859
848	993
849	227
849	490
849	598
849	694
849	840
849	856
849	886
849	925
850	408
850	629
850	636
850	794
850	810
850	824
850	875
850	913
850	966
851	242
851	304
851	472
851	732
851	852
851	892
851	928
851	949
851	969
852	472
852	548
852	595
852	697
852	758
852	797
852	815
852	851
853	200
853	266
853	467
853	471
853	749
853	759
853	845
853	902
854	504
854	733
854	794
854	810
854	822
854	871
854	875
854	878
854	916
854	971
855	25
855	33
855	691
855	762
855	773
855	862
855	936
855	952
855	983
856	269
856	305
856	526
856	586
856	679
856	768
856	840
856	849
856	932
857	516
857	552
857	657
857	659
857	714
857	795
857	820
857	846
857	863
858	353
858	621
858	772
858	790
858	812
858	820
858	847
858	898
859	99
859	298
859	344
859	407
859	566
859	698
859	717
859	848
859	941
860	386
860	634
860	641
860	651
860	687
860	731
860	823
860	972
861	31
861	129
861	314
861	360
861	512
861	716
861	734
861	896
861	900
861	969
862	52
862	544
862	714
862	791
862	855
862	897
862	950
862	962
862	967
863	209
863	258
863	510
863	547
863	700
863	713
863	755
863	819
863	857
863	968
864	176
864	548
864	671
864	841
864	955
864	961
864	990
865	417
865	471
865	542
865	549
865	638
865	703
865	830
865	981
866	126
866	214
866	322
866	404
866	483
866	544
866	588
866	824
866	835
866	912
867	253
867	444
867	456
867	531
867	654
867	829
867	842
867	941
867	966
868	17
868	238
868	390
868	468
868	536
868	602
868	752
868	756
868	768
869	288
869	411
869	622
869	660
869	685
869	755
869	814
869	951
869	993
870	46
870	64
870	193
870	414
870	509
870	540
870	574
870	760
870	873
870	885
871	246
871	422
871	448
871	458
871	535
871	596
871	750
871	775
871	854
872	474
872	490
872	559
872	605
872	685
872	726
872	746
872	800
872	906
872	915
873	73
873	540
873	574
873	600
873	753
873	844
873	870
873	877
873	985
874	421
874	485
874	497
874	555
874	575
874	588
874	746
874	781
874	887
874	891
875	506
875	645
875	683
875	714
875	736
875	850
875	854
875	883
875	916
876	14
876	94
876	124
876	593
876	667
876	747
876	753
876	767
876	901
877	188
877	272
877	475
877	510
877	598
877	600
877	614
877	626
877	873
877	885
878	84
878	512
878	601
878	645
878	683
878	689
878	714
878	783
878	810
878	854
878	948
879	40
879	111
879	655
879	814
879	834
879	939
879	954
880	270
880	559
880	649
880	650
880	684
880	881
880	896
880	919
880	990
881	736
881	818
881	880
881	884
881	934
881	977
882	239
882	291
882	404
882	468
882	491
882	531
882	622
882	688
882	766
882	783
882	938
883	431
883	478
883	495
883	501
883	550
883	664
883	720
883	875
883	904
883	1000
884	155
884	428
884	616
884	638
884	640
884	787
884	881
884	915
884	960
884	985
884	999
885	402
885	475
885	598
885	731
885	738
885	749
885	753
885	842
885	870
885	877
886	239
886	449
886	613
886	681
886	750
886	793
886	799
886	816
886	849
886	900
887	170
887	568
887	569
887	874
887	961
887	979
887	989
887	991
887	995
888	233
888	394
888	410
888	469
888	539
888	689
888	724
888	780
888	836
888	842
889	503
889	512
889	557
889	652
889	718
889	745
889	837
889	844
889	937
890	507
890	642
890	656
890	690
890	695
890	710
890	833
890	988
890	996
891	62
891	107
891	226
891	443
891	445
891	608
891	738
891	874
891	895
891	962
892	119
892	289
892	460
892	751
892	797
892	825
892	851
892	894
892	923
892	947
892	978
893	80
893	257
893	355
893	401
893	430
893	591
893	612
893	623
893	786
893	977
894	68
894	71
894	614
894	617
894	624
894	721
894	788
894	793
894	837
894	838
894	892
895	401
895	431
895	488
895	580
895	652
895	736
895	806
895	891
895	901
895	963
896	381
896	500
896	582
896	649
896	786
896	817
896	861
896	880
896	914
896	944
897	170
897	487
897	552
897	603
897	606
897	631
897	716
897	826
897	862
897	993
898	4
898	123
898	131
898	273
898	523
898	693
898	710
898	730
898	820
898	858
898	942
898	997
899	182
899	374
899	666
899	672
899	682
899	783
899	801
899	830
899	905
899	927
900	59
900	248
900	503
900	610
900	750
900	798
900	799
900	816
900	861
900	886
900	925
901	317
901	351
901	402
901	427
901	806
901	821
901	876
901	895
901	963
901	978
902	208
902	561
902	573
902	595
902	730
902	853
902	936
902	953
902	965
903	205
903	277
903	315
903	420
903	545
903	634
903	688
903	912
903	913
903	992
904	240
904	294
904	482
904	486
904	534
904	821
904	827
904	834
904	883
904	994
905	133
905	285
905	427
905	543
905	566
905	745
905	790
905	831
905	899
906	98
906	223
906	446
906	452
906	663
906	750
906	785
906	872
906	911
906	940
906	989
907	69
907	143
907	248
907	429
907	597
907	649
907	677
907	728
907	809
907	994
908	80
908	141
908	166
908	241
908	437
908	469
908	570
908	647
908	659
908	677
908	913
908	998
909	120
909	354
909	478
909	483
909	533
909	565
909	663
909	758
909	769
909	929
909	978
910	107
910	576
910	662
910	707
910	747
910	753
910	802
910	805
910	835
910	844
910	987
911	174
911	397
911	557
911	668
911	781
911	785
911	906
911	932
911	940
911	941
912	113
912	315
912	420
912	495
912	545
912	775
912	866
912	903
912	913
912	930
912	987
913	202
913	232
913	315
913	420
913	634
913	808
913	850
913	903
913	908
913	912
913	971
914	175
914	267
914	388
914	405
914	523
914	553
914	660
914	666
914	725
914	896
914	935
914	954
915	247
915	334
915	366
915	605
915	746
915	784
915	872
915	884
915	921
915	948
915	978
916	136
916	328
916	567
916	605
916	612
916	636
916	714
916	794
916	854
916	875
916	943
916	962
917	452
917	688
917	743
917	757
917	960
917	968
917	982
917	999
917	1000
918	461
918	570
918	702
918	710
918	735
918	740
918	843
918	926
918	947
918	961
918	979
918	981
919	7
919	12
919	276
919	405
919	525
919	608
919	880
919	989
920	226
920	233
920	447
920	463
920	521
920	545
920	681
920	714
920	744
920	763
920	798
920	843
920	982
921	50
921	332
921	337
921	494
921	524
921	571
921	611
921	752
921	778
921	816
921	915
921	957
922	57
922	218
922	321
922	334
922	360
922	496
922	650
922	675
922	754
922	985
922	995
923	369
923	451
923	538
923	676
923	787
923	892
923	947
923	978
923	981
924	242
924	319
924	414
924	426
924	470
924	539
924	667
924	715
924	832
924	957
925	58
925	574
925	613
925	641
925	650
925	675
925	750
925	799
925	816
925	849
925	900
926	439
926	520
926	630
926	635
926	646
926	653
926	813
926	918
926	930
926	943
926	988
927	197
927	222
927	391
927	406
927	454
927	605
927	672
927	723
927	899
927	942
927	977
927	995
928	324
928	542
928	577
928	587
928	636
928	685
928	769
928	807
928	851
929	120
929	215
929	451
929	507
929	542
929	615
929	663
929	674
929	758
929	909
930	235
930	249
930	347
930	365
930	423
930	466
930	610
930	741
930	778
930	912
930	926
931	158
931	204
931	292
931	604
931	635
931	671
931	672
931	745
931	822
931	823
931	825
932	291
932	314
932	360
932	512
932	667
932	722
932	734
932	763
932	827
932	856
932	911
933	42
933	237
933	277
933	351
933	412
933	541
933	576
933	662
933	670
933	964
933	966
934	56
934	126
934	469
934	489
934	585
934	736
934	792
934	818
934	827
934	881
935	164
935	539
935	658
935	776
935	792
935	914
935	937
935	957
935	976
935	986
936	52
936	210
936	281
936	438
936	493
936	570
936	748
936	845
936	855
936	902
936	950
936	983
937	616
937	635
937	655
937	658
937	667
937	889
937	935
937	957
937	966
938	70
938	186
938	291
938	593
938	713
938	757
938	766
938	786
938	882
938	990
939	40
939	323
939	706
939	748
939	757
939	879
939	954
939	973
940	181
940	223
940	274
940	419
940	428
940	464
940	831
940	906
940	911
940	941
940	972
941	74
941	464
941	617
941	687
941	785
941	788
941	806
941	859
941	867
941	911
941	940
942	321
942	576
942	584
942	616
942	666
942	723
942	830
942	898
942	927
942	960
942	963
942	977
943	110
943	122
943	237
943	449
943	480
943	590
943	765
943	797
943	916
943	926
943	997
944	61
944	264
944	519
944	530
944	560
944	584
944	714
944	896
944	971
944	992
945	163
945	285
945	300
945	316
945	344
945	465
945	632
945	647
945	699
945	729
945	803
945	844
946	217
946	251
946	318
946	321
946	380
946	454
946	607
946	661
946	735
946	974
946	997
947	102
947	460
947	522
947	609
947	717
947	829
947	841
947	892
947	918
947	923
948	334
948	409
948	420
948	474
948	492
948	599
948	679
948	726
948	784
948	878
948	915
948	974
949	246
949	415
949	447
949	487
949	524
949	733
949	737
949	744
949	763
949	798
949	851
949	982
950	287
950	313
950	552
950	574
950	695
950	756
950	862
950	936
950	967
950	983
951	42
951	277
951	412
951	488
951	567
951	576
951	658
951	670
951	705
951	791
951	801
951	869
951	1000
952	240
952	374
952	440
952	447
952	556
952	593
952	619
952	701
952	789
952	811
952	855
953	426
953	457
953	573
953	619
953	716
953	729
953	807
953	815
953	836
953	902
953	965
954	111
954	313
954	337
954	414
954	418
954	441
954	676
954	813
954	879
954	914
954	939
954	970
955	31
955	68
955	364
955	443
955	455
955	558
955	600
955	637
955	864
955	974
955	980
956	93
956	149
956	339
956	350
956	399
956	406
956	441
956	540
956	605
956	689
956	754
956	843
956	998
957	50
957	244
957	402
957	473
957	776
957	783
957	832
957	921
957	924
957	935
957	937
958	90
958	157
958	191
958	212
958	261
958	263
958	364
958	398
958	620
958	668
958	705
958	783
959	59
959	280
959	320
959	444
959	545
959	548
959	562
959	635
959	671
959	722
959	724
959	792
959	809
959	818
960	77
960	346
960	377
960	495
960	549
960	616
960	618
960	688
960	757
960	770
960	819
960	884
960	917
960	942
961	54
961	209
961	271
961	335
961	609
961	628
961	839
961	840
961	864
961	887
961	918
961	979
961	981
962	62
962	86
962	95
962	100
962	135
962	226
962	343
962	400
962	443
962	647
962	672
962	862
962	891
962	916
963	100
963	167
963	402
963	427
963	527
963	562
963	619
963	637
963	895
963	901
963	942
964	202
964	252
964	335
964	440
964	499
964	513
964	534
964	609
964	633
964	702
964	773
964	793
964	838
964	933
965	101
965	112
965	140
965	144
965	236
965	238
965	322
965	326
965	457
965	573
965	815
965	902
965	953
966	154
966	161
966	201
966	421
966	531
966	601
966	813
966	842
966	850
966	867
966	933
966	937
967	63
967	382
967	564
967	660
967	748
967	773
967	791
967	829
967	862
967	950
967	983
967	991
968	445
968	497
968	596
968	654
968	713
968	753
968	755
968	767
968	796
968	863
968	917
969	268
969	329
969	339
969	356
969	370
969	482
969	607
969	609
969	739
969	765
969	815
969	851
969	861
969	997
970	206
970	227
970	229
970	270
970	553
970	569
970	655
970	702
970	722
970	745
970	840
970	954
971	75
971	326
971	390
971	506
971	522
971	560
971	584
971	656
971	704
971	753
971	808
971	854
971	913
971	944
972	82
972	134
972	207
972	319
972	338
972	349
972	379
972	386
972	498
972	728
972	731
972	860
972	940
973	54
973	96
973	361
973	541
973	547
973	604
973	660
973	678
973	702
973	808
973	939
973	984
974	173
974	231
974	250
974	364
974	511
974	793
974	946
974	948
974	955
974	976
974	980
975	75
975	243
975	340
975	385
975	442
975	516
975	529
975	638
975	665
975	689
975	701
975	976
975	980
976	320
976	379
976	385
976	392
976	580
976	683
976	818
976	935
976	974
976	975
976	978
977	55
977	298
977	317
977	391
977	491
977	564
977	723
977	830
977	881
977	893
977	927
977	942
978	675
978	691
978	751
978	797
978	829
978	892
978	901
978	909
978	915
978	923
978	976
979	511
979	525
979	703
979	729
979	740
979	843
979	887
979	918
979	961
979	981
979	987
980	239
980	250
980	251
980	272
980	279
980	352
980	455
980	511
980	777
980	955
980	974
980	975
981	461
981	589
981	725
981	805
981	843
981	865
981	918
981	923
981	961
981	979
982	14
982	521
982	625
982	718
982	742
982	744
982	763
982	798
982	846
982	917
982	920
982	949
982	993
983	477
983	537
983	562
983	624
983	748
983	773
983	777
983	817
983	855
983	936
983	950
983	967
983	1000
984	15
984	16
984	20
984	93
984	117
984	184
984	267
984	456
984	678
984	808
984	835
984	973
985	121
985	213
985	298
985	409
985	567
985	741
985	758
985	873
985	884
985	922
986	53
986	222
986	247
986	290
986	297
986	443
986	582
986	628
986	650
986	770
986	817
986	833
986	935
987	78
987	101
987	229
987	356
987	679
987	805
987	835
987	910
987	912
987	979
988	32
988	252
988	286
988	407
988	437
988	520
988	630
988	696
988	752
988	819
988	890
988	926
989	112
989	393
989	447
989	485
989	547
989	555
989	575
989	581
989	777
989	828
989	887
989	906
989	919
990	148
990	280
990	288
990	290
990	331
990	444
990	724
990	800
990	807
990	864
990	880
990	938
990	995
991	67
991	259
991	311
991	387
991	524
991	568
991	670
991	740
991	796
991	839
991	887
991	967
992	260
992	435
992	441
992	510
992	514
992	516
992	623
992	701
992	789
992	796
992	903
992	944
993	138
993	439
993	715
993	834
993	848
993	869
993	897
993	982
994	118
994	294
994	338
994	500
994	534
994	607
994	669
994	785
994	821
994	834
994	904
994	907
995	298
995	310
995	393
995	591
995	708
995	741
995	776
995	887
995	922
995	927
995	990
996	139
996	255
996	425
996	517
996	532
996	710
996	729
996	798
996	824
996	833
996	890
997	110
997	480
997	590
997	615
997	627
997	661
997	845
997	898
997	943
997	946
997	969
998	93
998	149
998	399
998	448
998	563
998	689
998	697
998	710
998	797
998	809
998	908
998	956
999	43
999	130
999	146
999	221
999	434
999	601
999	665
999	757
999	832
999	884
999	917
1000	295
1000	432
1000	478
1000	550
1000	594
1000	620
1000	720
1000	752
1000	883
1000	917
1000	951
1000	983
