1	997
2	926
2	963
3	833
3	896
4	833
4	876
5	833
6	484
6	910
7	915
7	990
8	693
8	782
8	925
9	949
10	916
11	609
12	884
13	789
14	988
15	722
16	308
16	882
16	963
17	908
18	703
19	618
20	852
21	559
21	987
22	519
23	667
23	924
23	935
24	948
24	993
25	722
26	965
27	515
28	192
28	920
29	355
29	635
30	867
31	410
32	877
32	998
33	771
33	911
34	990
35	869
36	978
37	526
37	921
38	961
39	743
39	820
40	729
40	911
41	816
41	844
42	953
42	976
43	883
44	870
44	969
45	741
45	969
46	56
46	912
46	947
47	897
48	788
49	663
49	952
50	251
50	635
51	710
52	904
53	715
53	784
54	510
55	909
56	46
56	149
57	892
58	713
59	273
60	707
60	771
61	727
62	558
63	624
64	659
64	703
65	331
66	855
66	974
67	647
67	967
68	738
69	722
70	898
71	746
72	779
72	987
73	939
73	954
73	969
74	881
74	968
76	786
77	455
77	837
77	981
78	761
79	976
80	195
80	680
81	116
82	1000
83	630
84	707
84	876
85	906
86	957
87	892
87	901
88	867
89	988
90	967
91	954
91	985
92	650
92	971
93	868
93	994
94	604
94	856
95	922
95	925
96	542
96	751
97	557
98	825
99	850
100	898
100	970
101	1000
102	126
102	692
103	878
104	408
104	845
105	758
106	977
107	638
107	884
108	605
108	898
109	503
109	768
109	971
110	299
111	835
112	886
112	951
113	552
113	864
113	994
114	983
115	827
115	967
116	81
116	750
117	544
117	790
118	693
118	809
118	917
119	905
120	846
122	355
123	590
124	760
124	812
125	850
126	102
126	484
127	548
128	871
129	762
129	936
130	884
130	977
131	580
132	238
134	717
135	648
135	760
136	898
137	736
138	826
139	481
139	863
139	940
140	691
141	994
142	732
142	883
143	981
144	853
144	913
146	871
146	956
147	704
148	935
149	56
150	830
151	846
152	617
152	749
153	915
154	867
154	994
155	969
156	858
157	683
157	893
158	864
159	859
160	697
160	971
160	994
161	931
161	983
162	350
162	409
163	846
163	888
164	662
164	759
164	928
165	428
165	655
166	224
166	910
167	698
167	850
168	517
168	923
169	448
170	987
171	738
172	840
172	973
173	709
174	780
174	848
175	772
177	956
178	845
179	507
180	649
180	844
181	911
182	615
184	547
185	601
185	976
186	881
186	940
187	794
187	856
188	726
188	793
189	402
189	462
189	762
190	500
191	974
192	28
193	555
193	972
194	815
194	963
195	80
196	888
197	776
197	975
198	869
199	930
199	983
199	999
200	996
201	771
201	812
201	915
202	397
202	891
203	714
203	891
204	470
205	969
206	960
207	954
207	979
208	812
208	987
209	707
209	837
210	630
210	776
211	916
212	946
213	483
214	792
215	835
216	881
217	358
217	998
218	387
218	958
218	970
219	720
219	761
220	861
221	327
221	672
221	764
222	331
223	896
224	166
224	830
225	992
226	656
226	688
227	693
228	847
229	744
229	859
230	991
230	995
231	840
232	930
232	978
233	891
234	887
234	994
235	603
235	810
236	756
236	922
237	457
237	903
238	132
238	901
239	748
239	954
240	743
241	927
241	936
242	609
242	764
242	967
243	844
244	810
244	863
245	894
245	924
245	926
246	760
246	897
247	732
247	883
248	571
248	874
248	943
249	771
250	438
250	564
250	885
251	50
251	671
252	508
252	649
252	731
253	822
253	848
253	982
254	785
254	799
255	507
255	686
256	938
257	747
258	667
258	991
259	795
259	909
260	570
260	830
260	890
261	648
261	757
261	917
262	847
262	892
263	589
263	592
264	727
264	952
264	963
265	872
265	988
266	569
266	657
266	741
267	740
267	787
268	999
269	891
269	925
270	807
270	830
270	890
270	948
271	796
271	900
271	938
271	987
272	322
272	889
273	59
273	600
273	712
274	724
274	832
274	953
275	406
275	757
276	703
276	878
276	911
277	535
277	600
277	916
278	724
278	882
278	990
279	659
280	621
280	996
281	849
281	871
281	970
282	772
282	904
282	964
283	567
283	966
284	683
284	839
285	865
285	872
285	907
286	761
286	776
286	940
287	778
287	816
287	973
288	765
289	569
289	963
289	970
290	574
290	847
290	969
291	679
291	793
292	702
292	719
292	902
293	734
293	905
293	942
294	705
294	954
294	996
295	519
295	996
296	737
296	970
297	810
298	887
298	921
299	110
300	672
300	795
301	707
301	733
301	771
302	907
302	955
302	996
303	790
303	963
304	849
304	934
304	966
305	899
305	933
305	997
306	446
306	875
306	911
307	668
307	928
307	941
308	16
308	588
310	672
310	707
311	716
311	895
312	783
312	995
313	660
313	736
314	610
314	759
314	792
315	964
316	663
316	959
316	972
317	711
317	886
317	954
318	900
318	936
318	942
319	845
321	465
322	272
323	788
323	880
324	925
325	839
325	987
326	662
326	983
327	221
327	846
328	771
329	631
329	641
329	912
329	922
330	922
330	946
330	976
331	65
331	222
332	987
333	843
333	953
333	976
334	930
334	981
335	638
335	936
335	961
335	990
336	747
336	945
337	433
337	909
337	918
338	759
338	906
339	974
340	705
340	854
340	977
341	840
341	981
342	862
342	914
342	958
343	657
343	699
344	686
345	966
345	984
346	854
346	946
347	830
347	837
348	410
348	924
349	678
349	747
349	803
350	162
350	721
350	860
351	948
352	683
352	897
352	964
353	841
353	917
354	732
354	842
354	883
354	968
355	29
355	122
355	738
355	752
356	680
356	893
357	792
357	975
358	217
359	451
359	887
359	950
359	979
360	803
360	968
361	785
362	647
362	648
362	951
363	896
363	925
364	904
364	946
365	595
366	773
366	822
366	848
366	960
367	436
367	631
367	882
368	428
368	880
369	900
370	478
370	893
370	968
371	790
371	972
372	822
372	848
372	895
373	498
373	710
373	916
374	901
375	720
376	462
376	722
376	962
376	990
377	480
377	539
378	873
379	757
379	768
379	971
380	885
380	971
380	992
381	436
381	601
382	730
382	735
382	772
383	862
383	866
383	959
383	962
384	558
384	916
384	957
385	493
385	942
386	445
386	489
386	957
387	218
387	563
387	583
388	844
388	888
388	947
389	814
390	558
390	950
390	997
391	767
391	912
392	406
392	839
393	851
394	906
395	665
395	835
395	908
396	609
396	699
396	894
397	202
398	718
398	958
399	768
399	971
399	978
400	895
401	703
402	189
402	639
403	600
403	874
404	582
404	856
405	427
406	275
406	392
406	555
407	838
407	888
408	104
408	686
409	162
410	31
410	348
410	757
411	856
411	957
412	590
412	925
413	570
413	805
413	888
414	853
414	977
415	736
415	980
416	580
417	940
418	831
418	906
418	924
419	581
419	872
419	907
419	937
419	955
420	684
420	776
420	780
420	809
421	750
421	788
421	986
421	999
422	715
422	734
422	963
422	984
422	991
423	761
423	785
423	841
423	934
423	1000
424	536
424	844
424	905
425	733
425	798
425	815
425	878
426	879
426	950
426	1000
427	405
427	903
427	980
428	165
428	368
428	604
428	856
428	972
429	472
429	787
430	589
430	878
430	980
430	981
431	693
431	756
431	952
432	877
432	978
432	986
433	337
433	684
433	869
433	915
434	515
434	706
434	780
434	949
435	577
435	705
435	764
435	854
435	917
436	367
436	381
436	626
436	949
437	632
437	721
437	954
438	250
438	923
438	988
438	995
439	797
439	840
439	862
440	764
440	827
440	850
440	908
440	967
441	658
441	760
441	856
441	876
442	473
442	539
442	808
442	947
443	581
443	650
443	862
443	870
444	457
444	855
445	386
445	649
445	726
445	949
446	306
446	611
447	549
447	812
448	169
448	673
448	827
449	632
449	772
449	990
450	900
450	917
451	359
451	491
451	866
451	962
452	673
452	892
452	1000
453	832
453	917
453	975
454	506
454	830
454	890
455	77
455	806
456	573
456	657
456	676
457	237
457	444
457	497
457	975
458	860
458	909
458	918
458	987
459	707
459	755
459	771
459	866
459	941
460	475
460	653
460	1000
461	507
461	972
462	189
462	376
462	867
463	904
463	970
464	694
464	777
464	824
464	867
464	949
465	321
465	614
465	834
465	980
466	584
466	857
466	890
466	947
466	981
467	830
467	833
467	862
467	890
468	855
468	894
468	910
468	914
468	971
469	731
469	890
469	954
469	971
470	204
470	861
470	955
471	696
471	739
471	828
471	930
471	958
472	429
472	512
472	973
473	442
473	598
473	724
473	947
474	859
474	968
474	974
475	460
475	834
475	909
475	918
476	773
476	832
476	840
476	880
477	549
477	812
477	919
478	370
478	580
478	865
479	574
479	630
479	846
479	999
480	377
480	826
480	875
480	911
480	923
481	139
481	675
481	764
481	829
482	853
482	938
482	951
483	213
483	813
483	960
483	980
483	993
484	6
484	126
484	626
484	985
485	816
485	829
485	900
485	961
485	976
486	625
486	748
486	836
486	843
487	695
487	913
487	992
488	676
488	900
488	909
488	936
488	938
489	386
489	671
489	720
489	782
490	836
490	878
490	981
491	451
491	780
491	958
492	670
492	855
492	928
493	385
493	616
493	898
494	776
494	840
494	924
494	944
495	847
495	864
495	898
495	994
496	661
496	726
496	763
497	457
497	851
498	373
498	779
498	892
498	912
498	920
499	662
499	691
499	955
500	190
500	501
500	719
501	500
501	767
501	835
502	825
502	850
502	893
503	109
503	628
503	957
504	768
504	778
504	897
504	946
505	885
505	905
505	992
506	454
506	744
506	766
506	902
506	913
507	179
507	255
507	461
507	846
507	920
508	252
508	896
508	906
509	901
510	54
510	616
511	583
511	818
511	904
512	472
512	681
512	787
513	741
513	793
514	528
514	827
514	905
514	992
515	27
515	434
515	724
515	884
516	680
516	875
516	911
516	941
517	168
517	626
517	796
518	789
518	859
518	918
519	22
519	295
519	647
520	685
520	786
520	898
520	985
521	781
521	930
522	636
522	640
522	988
522	992
523	818
523	820
523	859
523	877
524	672
524	782
524	954
525	616
525	964
526	37
526	577
526	635
527	781
527	853
527	896
527	914
527	925
528	514
528	777
528	858
528	968
529	747
529	921
529	957
530	910
530	991
531	853
531	879
531	951
531	958
532	656
532	757
532	779
532	977
533	578
533	732
533	862
533	883
534	548
534	582
534	807
534	889
534	968
535	277
535	860
536	424
536	786
536	864
536	963
537	800
537	929
537	983
537	989
538	719
538	784
538	896
539	377
539	442
539	915
540	618
540	716
540	720
541	555
541	972
542	96
542	682
542	765
542	922
543	761
543	783
543	947
544	117
544	548
544	709
545	569
545	678
545	768
545	853
546	778
546	916
547	184
547	716
547	819
547	911
548	127
548	534
548	544
548	838
549	447
549	477
549	812
550	750
550	930
550	986
550	992
551	765
551	977
552	113
552	830
552	962
552	974
553	931
553	975
553	982
554	700
554	710
554	915
555	193
555	406
555	541
555	964
556	937
556	959
556	979
556	985
557	97
557	902
557	996
558	62
558	384
558	390
558	859
559	21
559	876
559	973
559	987
560	670
560	827
560	934
561	582
561	890
562	696
562	828
562	841
562	958
562	993
563	387
563	841
563	932
563	934
563	996
564	250
564	825
564	893
564	956
565	634
565	687
565	711
565	804
565	958
566	696
566	739
566	773
566	808
566	821
566	842
567	283
567	768
567	839
567	871
568	751
568	899
568	914
568	933
569	266
569	289
569	545
569	739
569	770
569	836
570	260
570	413
570	662
570	677
570	895
571	248
571	817
571	819
571	889
571	939
571	969
572	656
572	704
572	884
572	941
573	456
573	795
573	836
573	891
574	290
574	479
574	611
574	756
574	873
574	940
575	694
575	698
575	792
575	824
575	920
576	667
576	683
576	894
576	902
576	934
577	435
577	526
577	854
577	924
577	984
578	533
578	733
578	884
578	895
578	981
579	833
579	864
579	985
579	994
580	131
580	416
580	478
580	693
580	870
580	962
581	419
581	443
581	583
581	783
581	845
581	969
582	404
582	534
582	561
582	890
582	904
583	387
583	511
583	581
583	767
583	932
583	959
584	466
584	788
584	806
584	837
584	949
585	852
585	931
585	996
586	842
586	886
586	988
587	664
587	678
587	754
587	997
588	308
588	701
588	785
588	805
588	991
589	263
589	430
589	690
589	813
589	841
589	997
590	123
590	412
590	880
590	934
590	968
590	996
591	661
591	688
591	920
591	944
591	953
591	976
592	263
592	598
592	652
592	844
592	947
593	740
593	810
593	881
593	1000
594	657
594	726
594	822
594	848
594	960
595	365
595	721
595	860
595	917
595	936
595	939
596	807
596	831
596	881
596	994
597	866
597	886
597	893
597	962
597	997
598	473
598	592
598	659
598	716
598	905
598	923
599	725
599	763
599	873
599	919
599	940
600	273
600	277
600	403
600	640
600	860
601	185
601	381
601	825
601	906
602	676
602	795
602	891
602	972
603	235
603	866
603	943
603	962
604	94
604	428
604	900
604	914
604	998
605	108
605	664
605	777
605	778
605	786
606	797
606	833
606	840
606	948
606	998
606	999
607	662
607	984
607	987
607	995
608	740
608	852
608	905
608	939
608	997
609	11
609	242
609	396
609	908
610	314
610	626
610	760
610	926
610	927
610	945
610	965
611	446
611	574
611	725
611	873
611	940
612	737
612	740
612	757
612	852
613	902
613	922
613	942
613	984
613	995
614	465
614	669
614	899
614	933
614	985
615	182
615	621
615	814
615	868
616	493
616	510
616	525
616	906
616	1000
617	152
617	628
617	736
617	749
617	962
618	19
618	540
618	858
619	625
619	815
619	865
619	929
620	640
620	662
620	734
620	759
621	280
621	615
621	628
621	707
621	717
621	769
622	748
622	848
622	891
622	913
622	929
623	661
623	813
623	841
623	900
623	957
624	63
624	829
624	983
624	989
625	486
625	619
625	838
625	911
625	929
626	436
626	484
626	517
626	610
627	651
627	813
627	844
627	934
628	503
628	617
628	621
628	815
628	919
629	716
629	875
629	917
629	924
630	83
630	210
630	479
630	728
630	855
631	329
631	367
631	973
632	437
632	449
632	772
632	990
632	997
633	826
633	837
633	997
634	565
634	848
634	968
634	988
635	29
635	50
635	526
635	738
636	522
636	679
636	751
636	912
636	922
636	936
637	692
637	720
637	761
637	933
637	979
638	107
638	335
638	904
638	970
638	975
639	402
639	714
639	801
639	843
639	982
640	522
640	600
640	620
640	860
640	892
640	917
641	329
641	891
641	929
641	938
641	958
642	671
642	793
642	794
642	802
643	648
643	705
643	709
643	760
644	885
644	902
644	905
644	914
644	992
645	685
645	793
645	802
645	927
646	704
646	745
646	804
646	868
646	963
647	67
647	362
647	519
647	773
647	886
647	948
648	135
648	261
648	362
648	643
648	747
648	760
648	835
649	180
649	252
649	445
649	751
649	919
649	935
649	964
650	92
650	443
650	781
650	808
650	868
650	874
650	932
651	627
651	667
651	673
651	683
651	691
651	948
652	592
652	712
652	718
652	757
652	845
652	894
653	460
653	658
653	876
653	907
653	928
654	754
654	769
654	932
654	933
654	935
654	982
655	165
655	691
655	743
655	817
655	882
655	944
656	226
656	532
656	572
656	720
656	745
656	779
656	791
656	911
657	266
657	343
657	456
657	594
657	752
657	795
658	441
658	653
658	725
658	800
658	876
658	965
659	64
659	279
659	598
659	708
659	720
659	844
659	947
660	313
660	803
660	822
660	872
660	907
660	955
660	969
661	496
661	591
661	623
661	697
661	763
661	903
661	969
662	164
662	326
662	499
662	570
662	607
662	620
662	756
662	759
663	49
663	316
663	793
663	931
663	964
663	972
663	998
664	587
664	605
664	690
664	807
664	826
664	997
665	395
665	667
665	681
665	787
665	884
665	888
665	916
666	667
666	743
666	746
666	774
666	796
666	829
666	863
667	23
667	258
667	576
667	651
667	665
667	666
667	864
668	307
668	701
668	709
668	785
668	805
668	806
668	838
668	870
669	614
669	688
669	881
669	899
669	933
669	942
670	492
670	560
670	709
670	865
670	935
670	941
671	251
671	489
671	642
671	768
671	884
671	952
672	221
672	300
672	310
672	524
672	808
672	983
673	448
673	452
673	651
673	710
673	810
673	879
673	923
674	677
674	741
674	895
674	923
674	933
675	481
675	756
675	796
675	863
675	942
675	966
676	456
676	488
676	602
676	795
676	856
677	570
677	674
677	749
677	783
677	895
677	909
678	349
678	545
678	587
678	747
678	775
678	957
679	291
679	636
679	720
679	752
679	761
679	960
680	80
680	356
680	516
680	825
680	893
680	993
681	512
681	665
681	787
681	835
681	890
681	999
682	542
682	739
682	751
682	762
682	821
682	844
682	912
682	992
683	157
683	284
683	352
683	576
683	651
683	892
683	933
684	420
684	433
684	802
684	903
684	943
684	960
684	980
685	520
685	645
685	786
685	898
685	967
686	255
686	344
686	408
686	840
686	939
686	972
687	565
687	703
687	885
687	905
687	988
687	992
688	226
688	591
688	669
688	702
688	815
688	826
688	899
688	933
689	708
689	776
689	814
689	838
689	869
689	886
690	589
690	664
690	826
690	929
690	931
690	997
691	140
691	499
691	651
691	655
691	821
691	904
691	970
692	102
692	637
692	762
692	785
692	931
692	932
692	952
693	8
693	118
693	227
693	431
693	580
693	756
693	782
694	464
694	575
694	695
694	698
694	777
694	824
694	829
695	487
695	694
695	867
695	912
695	989
696	471
696	562
696	566
696	790
696	823
696	828
696	870
696	899
697	160
697	661
697	726
697	763
697	973
698	167
698	575
698	694
698	777
698	785
698	824
698	934
699	343
699	396
699	880
699	883
699	918
700	554
700	704
700	777
700	779
700	915
700	972
701	588
701	668
701	785
701	794
701	805
702	292
702	688
702	866
702	902
702	913
703	18
703	64
703	276
703	401
703	687
703	974
704	147
704	572
704	646
704	700
704	831
704	853
705	294
705	340
705	435
705	643
705	754
705	854
705	903
706	434
706	780
706	809
706	943
706	944
706	998
707	60
707	84
707	209
707	301
707	310
707	459
707	621
707	832
708	659
708	689
708	776
708	869
708	931
709	173
709	544
709	643
709	668
709	670
709	941
710	51
710	373
710	554
710	673
710	750
710	810
710	879
711	317
711	565
711	879
711	925
711	988
712	273
712	652
712	799
712	845
712	929
712	932
713	58
713	878
713	935
713	938
713	975
714	203
714	639
714	858
714	888
714	982
715	53
715	422
715	767
715	791
715	921
715	947
716	311
716	540
716	547
716	598
716	629
716	719
716	774
717	134
717	621
717	763
717	854
717	983
718	398
718	652
718	873
718	897
718	943
718	977
719	292
719	500
719	538
719	716
719	782
720	219
720	375
720	489
720	540
720	637
720	656
720	659
720	679
721	350
721	437
721	595
721	917
721	929
721	973
722	15
722	25
722	69
722	376
722	977
723	744
723	882
723	919
723	935
723	956
723	964
723	980
724	274
724	278
724	473
724	515
724	731
724	780
724	809
725	599
725	611
725	658
725	856
725	873
725	917
725	940
726	188
726	445
726	496
726	594
726	697
726	806
727	61
727	264
727	756
727	837
727	898
727	952
728	630
728	753
728	965
728	985
729	40
729	730
729	746
729	894
729	910
729	914
729	928
730	382
730	729
730	872
730	907
730	932
730	955
731	252
731	469
731	724
731	765
732	142
732	247
732	354
732	533
732	744
732	843
732	868
732	883
732	898
733	301
733	425
733	578
733	802
733	949
733	1000
734	293
734	422
734	620
734	942
734	964
734	991
735	382
735	892
735	895
735	901
735	936
735	938
736	137
736	313
736	415
736	617
736	908
736	940
737	296
737	612
737	742
737	889
737	904
737	970
738	68
738	171
738	355
738	635
738	888
738	897
739	471
739	566
739	569
739	682
739	770
739	836
739	842
739	889
739	994
740	267
740	593
740	608
740	612
740	852
740	861
740	967
740	978
741	45
741	266
741	513
741	674
741	777
741	786
741	895
742	737
742	798
742	806
742	839
742	855
742	910
742	974
743	39
743	240
743	655
743	666
743	796
743	824
743	829
743	863
744	229
744	506
744	723
744	732
744	859
744	902
744	913
745	646
745	656
745	752
745	779
745	915
745	931
745	988
746	71
746	666
746	729
746	894
746	910
746	914
746	916
746	953
747	257
747	336
747	349
747	529
747	648
747	678
747	801
747	928
748	239
748	486
748	622
748	814
748	815
748	876
748	976
749	152
749	617
749	677
749	756
749	782
749	952
749	995
750	116
750	421
750	550
750	710
750	797
750	904
750	978
750	986
750	999
751	96
751	568
751	636
751	649
751	682
751	861
751	912
751	922
752	355
752	657
752	679
752	745
752	804
752	858
752	889
752	956
752	968
753	728
753	754
753	769
753	809
753	962
753	979
754	587
754	654
754	705
754	753
754	769
754	812
754	959
754	982
755	459
755	798
755	843
755	862
755	974
755	990
755	999
756	236
756	431
756	574
756	662
756	675
756	693
756	727
756	749
756	780
756	952
757	261
757	275
757	379
757	410
757	532
757	612
757	652
757	835
757	851
758	105
758	926
758	927
758	945
758	965
759	164
759	314
759	338
759	620
759	662
759	872
759	888
760	124
760	135
760	246
760	441
760	610
760	643
760	648
760	981
761	78
761	219
761	286
761	423
761	543
761	637
761	679
761	852
761	906
762	129
762	189
762	682
762	692
762	832
762	883
762	931
762	975
763	496
763	599
763	661
763	697
763	717
763	821
763	984
764	221
764	242
764	435
764	440
764	481
764	818
764	827
764	967
765	288
765	542
765	551
765	731
765	881
765	887
765	971
765	982
766	506
766	833
766	908
766	939
766	963
766	973
766	991
767	391
767	501
767	583
767	715
767	791
767	921
767	965
768	109
768	379
768	399
768	504
768	545
768	567
768	671
768	887
769	621
769	654
769	753
769	754
769	820
769	829
769	982
769	987
770	569
770	739
770	773
770	832
770	842
770	880
770	882
770	900
770	941
770	942
771	33
771	60
771	201
771	249
771	301
771	328
771	459
771	989
772	175
772	282
772	382
772	449
772	632
772	828
772	845
772	990
773	366
773	476
773	566
773	647
773	770
773	783
773	836
773	842
773	929
774	666
774	716
774	875
774	906
774	911
774	937
774	1000
775	678
775	826
775	850
775	942
775	983
775	989
775	992
776	197
776	210
776	286
776	420
776	494
776	689
776	708
776	869
777	464
777	528
777	605
777	694
777	698
777	700
777	741
777	824
778	287
778	504
778	546
778	605
778	784
778	911
778	916
778	946
779	72
779	498
779	532
779	656
779	700
779	745
779	902
779	989
780	174
780	420
780	434
780	491
780	706
780	724
780	756
780	809
780	926
780	995
781	521
781	527
781	650
781	808
781	818
781	870
781	932
781	981
782	8
782	489
782	524
782	693
782	719
782	749
782	939
783	312
783	543
783	581
783	677
783	773
783	808
783	820
783	870
783	932
784	53
784	538
784	778
784	866
784	886
784	898
784	937
784	962
785	254
785	361
785	423
785	588
785	668
785	692
785	698
785	701
785	805
786	76
786	520
786	536
786	605
786	685
786	741
786	901
787	267
787	429
787	512
787	665
787	681
787	835
787	842
787	917
787	922
788	48
788	323
788	421
788	584
788	800
788	806
788	857
788	923
789	13
789	518
789	798
789	841
789	859
789	938
790	117
790	303
790	371
790	696
790	864
790	958
790	994
791	656
791	715
791	767
791	875
791	921
791	933
791	959
792	214
792	314
792	357
792	575
792	831
792	874
792	953
792	976
792	981
793	188
793	291
793	513
793	642
793	645
793	663
793	802
793	968
794	187
794	642
794	701
794	859
794	877
794	954
794	979
794	998
795	259
795	300
795	573
795	602
795	657
795	676
795	828
795	893
796	271
796	517
796	666
796	675
796	743
796	829
796	848
796	849
796	860
797	439
797	606
797	750
797	828
797	948
797	995
798	425
798	742
798	755
798	789
798	818
798	839
798	862
798	864
798	979
799	254
799	712
799	845
799	851
799	901
799	990
800	537
800	658
800	788
800	850
800	897
800	898
800	936
800	983
800	989
801	639
801	747
801	810
801	934
801	937
801	959
801	973
801	985
802	642
802	645
802	684
802	733
802	793
802	854
802	884
802	953
802	971
803	349
803	360
803	660
803	858
803	926
803	956
804	565
804	646
804	752
804	859
804	875
804	956
804	966
804	968
805	413
805	588
805	668
805	701
805	785
805	956
805	974
805	988
806	455
806	584
806	668
806	726
806	742
806	788
806	857
807	270
807	534
807	596
807	664
807	824
807	937
807	959
807	973
807	985
808	442
808	566
808	650
808	672
808	781
808	783
808	870
808	943
809	118
809	420
809	706
809	724
809	753
809	780
809	966
809	982
810	235
810	244
810	297
810	593
810	673
810	710
810	801
810	865
810	1000
811	834
811	899
811	909
811	918
811	963
811	991
812	124
812	201
812	208
812	447
812	477
812	549
812	754
812	847
813	483
813	589
813	623
813	627
813	828
813	962
813	996
814	389
814	615
814	689
814	748
814	838
814	891
814	896
814	929
815	194
815	425
815	619
815	628
815	688
815	748
815	838
815	905
815	929
816	41
816	287
816	485
816	831
816	874
816	953
816	976
817	571
817	655
817	882
817	903
817	924
817	986
818	511
818	523
818	764
818	781
818	798
818	870
818	887
818	932
819	547
819	571
819	932
819	939
819	956
819	969
820	39
820	523
820	769
820	783
820	846
820	888
820	930
821	566
821	682
821	691
821	763
821	860
821	912
821	916
821	922
822	253
822	366
822	372
822	594
822	660
822	848
822	873
822	889
822	944
823	696
823	831
823	874
823	919
823	920
823	925
823	953
824	464
824	575
824	694
824	698
824	743
824	777
824	807
824	905
825	98
825	502
825	564
825	601
825	680
825	880
825	893
825	912
826	138
826	480
826	633
826	664
826	688
826	690
826	775
826	958
826	997
827	115
827	440
827	448
827	514
827	560
827	764
827	880
827	967
828	471
828	562
828	696
828	772
828	795
828	797
828	813
828	958
828	970
829	481
829	485
829	624
829	666
829	694
829	743
829	769
829	796
829	961
830	150
830	224
830	260
830	270
830	347
830	454
830	467
830	552
830	946
830	975
831	418
831	596
831	704
831	792
831	816
831	823
831	865
831	920
831	976
832	274
832	453
832	476
832	707
832	762
832	770
832	852
832	931
832	975
833	3
833	4
833	5
833	467
833	579
833	606
833	766
833	908
833	963
834	465
834	475
834	811
834	909
834	918
834	944
835	111
835	215
835	395
835	501
835	648
835	681
835	757
835	787
835	990
836	486
836	490
836	569
836	573
836	739
836	773
836	851
836	880
836	948
837	77
837	209
837	347
837	584
837	633
837	727
837	903
837	960
837	980
837	993
838	407
838	548
838	625
838	668
838	689
838	814
838	815
838	891
839	284
839	325
839	392
839	567
839	742
839	798
839	843
839	862
839	896
839	974
840	172
840	231
840	341
840	439
840	476
840	494
840	606
840	686
840	948
841	353
841	423
841	562
841	563
841	589
841	623
841	789
841	975
841	988
841	996
842	354
842	566
842	586
842	739
842	770
842	773
842	787
842	880
842	919
842	965
843	333
843	486
843	639
843	732
843	755
843	839
843	855
843	862
843	873
843	974
844	41
844	180
844	243
844	388
844	424
844	592
844	627
844	659
844	682
844	889
844	947
844	955
845	104
845	178
845	319
845	581
845	652
845	712
845	772
845	799
845	851
846	120
846	151
846	163
846	327
846	479
846	507
846	820
846	888
846	937
847	228
847	262
847	290
847	495
847	812
847	871
847	919
847	935
847	957
847	964
848	174
848	253
848	366
848	372
848	594
848	622
848	634
848	796
848	822
848	920
848	989
849	281
849	304
849	796
849	861
849	923
849	966
849	996
850	99
850	125
850	167
850	440
850	502
850	775
850	800
850	874
850	983
850	989
851	393
851	497
851	757
851	799
851	836
851	845
851	937
852	20
852	585
852	608
852	612
852	740
852	761
852	832
852	861
852	863
852	915
853	144
853	414
853	482
853	527
853	531
853	545
853	704
853	872
853	885
853	951
854	340
854	346
854	435
854	577
854	705
854	717
854	802
854	979
854	989
855	66
855	444
855	468
855	492
855	630
855	742
855	843
855	862
855	952
855	974
856	94
856	187
856	404
856	411
856	428
856	441
856	676
856	725
856	892
856	918
857	466
857	788
857	806
857	916
857	978
857	980
857	981
858	156
858	528
858	618
858	714
858	752
858	803
858	889
858	956
858	957
859	159
859	229
859	474
859	518
859	523
859	558
859	744
859	789
859	794
859	804
860	350
860	458
860	535
860	595
860	600
860	640
860	796
860	821
860	948
861	220
861	470
861	740
861	751
861	849
861	852
861	975
862	342
862	383
862	439
862	443
862	467
862	533
862	755
862	798
862	839
862	843
862	855
863	139
863	244
863	666
863	675
863	743
863	852
863	892
863	953
864	113
864	158
864	495
864	536
864	579
864	667
864	790
864	798
864	984
864	992
865	285
865	478
865	619
865	670
865	810
865	831
865	928
865	941
866	383
866	451
866	459
866	597
866	603
866	702
866	784
866	950
867	30
867	88
867	154
867	462
867	464
867	695
867	900
867	938
867	961
868	93
868	615
868	646
868	650
868	732
868	886
868	962
868	966
869	35
869	198
869	433
869	689
869	708
869	776
869	874
869	875
870	44
870	443
870	580
870	668
870	696
870	781
870	783
870	808
870	818
870	890
870	932
871	128
871	146
871	281
871	567
871	847
871	912
871	966
871	971
872	265
872	285
872	419
872	660
872	730
872	759
872	853
872	891
872	955
872	997
873	378
873	574
873	599
873	611
873	718
873	725
873	822
873	843
873	901
873	929
873	940
874	248
874	403
874	650
874	792
874	816
874	823
874	850
874	869
874	920
874	1000
875	306
875	480
875	516
875	629
875	774
875	791
875	804
875	869
875	924
875	940
876	4
876	84
876	441
876	559
876	653
876	658
876	748
877	32
877	432
877	523
877	794
877	884
877	926
877	950
877	998
878	103
878	276
878	425
878	430
878	490
878	713
878	941
879	426
879	531
879	673
879	710
879	711
879	907
879	915
879	962
879	1000
880	323
880	368
880	476
880	590
880	699
880	770
880	825
880	827
880	836
880	842
880	951
881	74
881	186
881	216
881	593
881	596
881	669
881	765
881	887
881	971
882	16
882	278
882	367
882	655
882	723
882	770
882	817
882	924
882	944
883	43
883	142
883	247
883	354
883	533
883	699
883	732
883	762
883	913
883	990
884	12
884	107
884	130
884	515
884	572
884	578
884	665
884	671
884	802
884	877
885	250
885	380
885	505
885	644
885	687
885	853
885	890
885	953
885	983
885	992
886	112
886	317
886	586
886	597
886	647
886	689
886	784
886	868
886	941
887	234
887	298
887	359
887	765
887	768
887	818
887	881
887	985
888	163
888	196
888	388
888	407
888	413
888	665
888	714
888	738
888	759
888	820
888	846
889	272
889	534
889	571
889	737
889	739
889	752
889	822
889	844
889	858
889	956
889	977
890	260
890	270
890	454
890	466
890	467
890	469
890	561
890	582
890	681
890	870
890	885
891	202
891	203
891	233
891	269
891	573
891	602
891	622
891	641
891	814
891	838
891	872
892	57
892	87
892	262
892	452
892	498
892	640
892	683
892	735
892	856
892	863
892	901
893	157
893	356
893	370
893	502
893	564
893	597
893	680
893	795
893	825
893	930
894	245
894	396
894	468
894	576
894	652
894	729
894	746
894	910
894	914
895	311
895	372
895	400
895	570
895	578
895	674
895	677
895	735
895	741
895	915
895	959
896	3
896	223
896	363
896	508
896	527
896	538
896	814
896	839
896	925
896	936
897	47
897	246
897	352
897	504
897	718
897	738
897	800
897	943
897	977
898	70
898	100
898	108
898	136
898	493
898	495
898	520
898	685
898	727
898	732
898	784
898	800
898	910
899	305
899	568
899	614
899	669
899	688
899	696
899	811
899	924
899	933
899	960
899	972
900	271
900	318
900	369
900	450
900	485
900	488
900	604
900	623
900	770
900	867
900	961
900	995
901	87
901	238
901	374
901	509
901	735
901	786
901	799
901	873
901	892
902	292
902	506
902	557
902	576
902	613
902	644
902	702
902	744
902	779
902	913
903	237
903	427
903	661
903	684
903	705
903	817
903	837
903	960
903	969
903	993
904	52
904	282
904	364
904	463
904	511
904	582
904	638
904	691
904	737
904	750
904	970
905	119
905	293
905	424
905	505
905	514
905	598
905	608
905	644
905	687
905	815
905	824
905	992
906	85
906	338
906	394
906	418
906	508
906	601
906	616
906	761
906	774
906	977
906	991
907	285
907	302
907	419
907	653
907	660
907	730
907	879
907	955
907	984
907	998
908	17
908	395
908	440
908	609
908	736
908	766
908	833
908	963
908	966
909	55
909	259
909	337
909	458
909	475
909	488
909	677
909	811
909	834
909	911
909	918
910	6
910	166
910	468
910	530
910	729
910	742
910	746
910	894
910	898
910	914
910	951
911	33
911	40
911	181
911	276
911	306
911	480
911	516
911	547
911	625
911	656
911	774
911	778
911	909
912	46
912	329
912	391
912	498
912	636
912	682
912	695
912	751
912	821
912	825
912	871
913	144
913	487
913	506
913	622
913	702
913	744
913	883
913	902
913	961
914	342
914	468
914	527
914	568
914	604
914	644
914	729
914	746
914	894
914	910
914	918
914	986
915	7
915	153
915	201
915	433
915	539
915	554
915	700
915	745
915	852
915	879
915	895
916	10
916	211
916	277
916	373
916	384
916	546
916	665
916	746
916	778
916	821
916	857
916	946
917	118
917	261
917	353
917	435
917	450
917	453
917	595
917	629
917	640
917	721
917	725
917	787
918	337
918	458
918	475
918	518
918	699
918	811
918	834
918	856
918	909
918	914
918	947
919	477
919	599
919	628
919	649
919	723
919	823
919	842
919	847
919	935
919	949
919	964
920	28
920	498
920	507
920	575
920	591
920	823
920	831
920	848
920	874
920	953
920	965
920	976
921	37
921	298
921	529
921	715
921	767
921	791
921	961
921	981
921	984
922	95
922	236
922	329
922	330
922	542
922	613
922	636
922	751
922	787
922	821
922	955
923	168
923	438
923	480
923	598
923	673
923	674
923	788
923	849
923	966
924	23
924	245
924	348
924	418
924	494
924	577
924	629
924	817
924	875
924	882
924	899
924	944
925	8
925	95
925	269
925	324
925	363
925	412
925	527
925	711
925	823
925	896
926	2
926	245
926	610
926	758
926	780
926	803
926	877
926	927
926	945
926	965
926	986
927	241
927	610
927	645
927	758
927	926
927	945
927	965
927	970
927	995
928	164
928	307
928	492
928	653
928	729
928	747
928	865
928	941
928	972
929	537
929	619
929	622
929	625
929	641
929	690
929	712
929	721
929	773
929	814
929	815
929	873
930	199
930	232
930	334
930	471
930	521
930	550
930	820
930	893
930	978
930	986
930	999
931	161
931	553
931	585
931	663
931	690
931	692
931	708
931	745
931	762
931	832
931	975
932	563
932	583
932	650
932	654
932	692
932	712
932	730
932	781
932	783
932	818
932	819
932	870
933	305
933	568
933	614
933	637
933	654
933	669
933	674
933	683
933	688
933	791
933	899
933	988
934	304
934	423
934	560
934	563
934	576
934	590
934	627
934	698
934	801
934	976
934	996
935	23
935	148
935	649
935	654
935	670
935	713
935	723
935	847
935	919
935	943
935	949
935	957
936	129
936	241
936	318
936	335
936	488
936	595
936	636
936	735
936	800
936	896
936	938
936	961
937	419
937	556
937	774
937	784
937	801
937	807
937	846
937	851
937	959
937	973
937	985
938	256
938	271
938	482
938	488
938	641
938	713
938	735
938	789
938	867
938	936
938	961
938	966
939	73
939	571
939	595
939	608
939	686
939	766
939	782
939	819
939	969
939	999
940	139
940	186
940	286
940	417
940	574
940	599
940	611
940	725
940	736
940	873
940	875
941	307
941	459
941	516
941	572
941	670
941	709
941	770
941	865
941	878
941	886
941	928
941	960
942	293
942	318
942	385
942	613
942	669
942	675
942	734
942	770
942	775
942	984
942	991
943	248
943	603
943	684
943	706
943	718
943	808
943	897
943	935
943	977
944	494
944	591
944	655
944	706
944	822
944	834
944	882
944	924
944	982
945	336
945	610
945	758
945	926
945	927
945	951
945	965
945	982
945	983
946	212
946	330
946	346
946	364
946	504
946	778
946	830
946	916
946	987
947	46
947	388
947	442
947	466
947	473
947	543
947	592
947	659
947	715
947	844
947	918
947	984
948	24
948	270
948	351
948	606
948	647
948	651
948	797
948	836
948	840
948	860
948	965
949	9
949	434
949	436
949	445
949	464
949	584
949	733
949	919
949	935
949	957
949	964
950	359
950	390
950	426
950	866
950	877
950	978
950	979
950	998
951	112
951	362
951	482
951	531
951	853
951	880
951	910
951	945
951	971
952	49
952	264
952	431
952	671
952	692
952	727
952	749
952	756
952	855
953	42
953	274
953	333
953	591
953	746
953	792
953	802
953	816
953	823
953	863
953	885
953	920
953	998
954	73
954	91
954	207
954	239
954	294
954	317
954	437
954	469
954	524
954	794
954	967
954	979
954	998
955	302
955	419
955	470
955	499
955	660
955	730
955	844
955	872
955	907
955	922
955	986
955	989
956	146
956	177
956	564
956	723
956	752
956	803
956	804
956	805
956	819
956	858
956	889
957	86
957	384
957	386
957	411
957	503
957	529
957	623
957	678
957	847
957	858
957	935
957	949
957	964
958	218
958	342
958	398
958	471
958	491
958	531
958	562
958	565
958	641
958	790
958	826
958	828
958	987
958	1000
959	316
959	383
959	556
959	583
959	754
959	791
959	801
959	807
959	895
959	937
959	967
959	973
959	985
960	206
960	366
960	483
960	594
960	679
960	684
960	837
960	899
960	903
960	941
960	980
960	988
960	993
961	38
961	335
961	485
961	829
961	867
961	900
961	913
961	921
961	936
961	938
962	376
962	383
962	451
962	552
962	580
962	597
962	603
962	617
962	753
962	784
962	813
962	868
962	879
963	2
963	16
963	194
963	264
963	289
963	303
963	422
963	536
963	646
963	766
963	811
963	833
963	908
964	282
964	315
964	352
964	525
964	555
964	649
964	663
964	723
964	734
964	847
964	919
964	949
964	957
965	26
965	610
965	658
965	728
965	758
965	767
965	842
965	920
965	926
965	927
965	945
965	948
966	283
966	304
966	345
966	675
966	804
966	809
966	849
966	868
966	871
966	908
966	923
966	938
967	67
967	90
967	115
967	242
967	440
967	685
967	740
967	764
967	827
967	954
967	959
967	970
968	74
968	354
968	360
968	370
968	474
968	528
968	534
968	590
968	634
968	752
968	793
968	804
969	44
969	45
969	73
969	155
969	205
969	290
969	571
969	581
969	660
969	661
969	819
969	903
969	939
970	100
970	218
970	281
970	289
970	296
970	463
970	638
970	691
970	737
970	828
970	904
970	927
970	967
971	92
971	109
971	160
971	379
971	380
971	399
971	468
971	469
971	765
971	802
971	871
971	881
971	951
972	193
972	316
972	371
972	428
972	461
972	541
972	602
972	663
972	686
972	700
972	899
972	928
973	172
973	287
973	472
973	559
973	631
973	697
973	721
973	766
973	801
973	807
973	937
973	959
973	985
974	66
974	191
974	339
974	474
974	552
974	703
974	742
974	755
974	805
974	839
974	843
974	855
975	197
975	357
975	453
975	457
975	553
975	638
975	713
975	762
975	830
975	832
975	841
975	861
975	931
976	42
976	79
976	185
976	330
976	333
976	485
976	591
976	748
976	792
976	816
976	831
976	920
976	934
977	106
977	130
977	340
977	414
977	532
977	551
977	718
977	722
977	889
977	897
977	906
977	943
978	36
978	232
978	399
978	432
978	740
978	750
978	857
978	930
978	950
978	986
978	999
979	207
979	359
979	556
979	637
979	753
979	794
979	798
979	854
979	950
979	954
979	998
980	415
980	427
980	430
980	465
980	483
980	684
980	723
980	837
980	857
980	960
980	991
980	993
981	77
981	143
981	334
981	341
981	430
981	466
981	490
981	578
981	760
981	781
981	792
981	857
981	921
982	253
982	553
982	639
982	654
982	714
982	754
982	765
982	769
982	809
982	944
982	945
983	114
983	161
983	199
983	326
983	537
983	624
983	672
983	717
983	775
983	800
983	850
983	885
983	945
983	989
984	345
984	422
984	577
984	607
984	613
984	763
984	864
984	907
984	921
984	942
984	947
984	995
985	91
985	484
985	520
985	556
985	579
985	614
985	728
985	801
985	807
985	887
985	937
985	959
985	973
986	421
986	432
986	550
986	750
986	817
986	914
986	926
986	930
986	955
986	978
986	999
987	21
987	72
987	170
987	208
987	271
987	325
987	332
987	458
987	559
987	607
987	769
987	946
987	958
988	14
988	89
988	265
988	438
988	522
988	586
988	634
988	687
988	711
988	745
988	805
988	841
988	933
988	960
989	537
989	624
989	695
989	771
989	775
989	779
989	800
989	848
989	850
989	854
989	955
989	983
990	7
990	34
990	278
990	335
990	376
990	449
990	632
990	755
990	772
990	799
990	835
990	883
991	230
991	258
991	422
991	530
991	588
991	734
991	766
991	811
991	906
991	942
991	980
991	995
992	225
992	380
992	487
992	505
992	514
992	522
992	550
992	644
992	682
992	687
992	775
992	864
992	885
992	905
993	24
993	483
993	562
993	680
993	837
993	903
993	960
993	980
993	994
994	93
994	113
994	141
994	154
994	160
994	234
994	495
994	579
994	596
994	739
994	790
994	993
995	230
995	312
995	438
995	607
995	613
995	749
995	780
995	797
995	900
995	927
995	984
995	991
996	200
996	280
996	294
996	295
996	302
996	557
996	563
996	585
996	590
996	813
996	841
996	849
996	934
997	1
997	305
997	390
997	587
997	589
997	597
997	608
997	632
997	633
997	664
997	690
997	826
997	872
998	32
998	217
998	604
998	606
998	663
998	706
998	794
998	877
998	907
998	950
998	953
998	954
998	979
999	199
999	268
999	421
999	479
999	606
999	681
999	750
999	755
999	930
999	939
999	978
999	986
1000	82
1000	101
1000	423
1000	426
1000	452
1000	460
1000	593
1000	616
1000	733
1000	774
1000	810
1000	874
1000	879
1000	958
