network_k_10	cluster_num	spectral_clustering	node2vec_64d	node2vec_64d_p1_q2	node2vec_64d_p1_q0.5	node2vec_64d_p2_q1	node2vec_64d_p0.5_q1	node2vec_128d	node2vec_128d_p1_q2	node2vec_128d_p1_q0.5	node2vec_128d_p2_q1	node2vec_128d_p0.5_q1	node2vec_256d	node2vec_256d_p1_q2	node2vec_256d_p1_q0.5	node2vec_256d_p2_q1	node2vec_256d_p0.5_q1	DeepWalk_64d	DeepWalk_128d	DeepWalk_256d	GAE_64d	GAE_128d	GAE_256d	VGAE_64d	VGAE_128d	VGAE_256d	Graphsage_64d	Graphsage_128d	Graphsage_256d
network_k_10	10	-0.0021092	-0.013348800000000003	-0.0183974	-0.0122964	-0.019908199999999997	-0.014280800000000001	-0.0168682	-0.014726800000000002	-0.0182222	-0.0183496	-0.0145586	-0.0059214	-0.012298	-0.009604999999999999	-0.014039199999999998	-0.012642400000000002	-0.027437	-0.019159799999999998	-0.012786	-0.010906599999999999	-0.006511599999999999	-0.0139376	-0.010727800000000001	-0.0091238	-0.006521399999999999	-0.0184904	-0.031607199999999995	-0.0362696
network_k_10	20	0.0004078	-0.0251604	-0.021049000000000002	-0.0201466	-0.0164818	-0.025311	-0.013098599999999998	-0.0239868	-0.0226196	-0.0286524	-0.022114599999999998	-0.020264200000000003	-0.013399	-0.017555599999999998	-0.025128400000000002	-0.012682599999999999	-0.0457986	-0.024296400000000003	-0.0216684	-0.0133426	-0.007483000000000001	-0.005258199999999999	-0.014141	-0.0122992	-0.014799200000000002	-0.0506272	-0.0335506	-0.0812428
network_k_10	30	0.0072326000000000005	-0.030889800000000002	-0.0299334	-0.0182974	-0.020664599999999998	-0.020968399999999998	-0.0098204	-0.009837599999999998	-0.0192954	-0.018323	-0.0260458	-0.0224474	-0.0161616	-0.008695	-0.020487	-0.012460200000000001	-0.054801	-0.0530976	-0.05147879999999999	-0.010615199999999998	-0.010335	0.003034	-0.0196262	-0.020654	-0.006601	-0.0470674	-0.069618	-0.15366220000000003
network_k_10	40	0.014700000000000001	-0.013910800000000001	-0.0197962	-0.020805200000000003	-0.0187182	-0.0195068	-0.011597199999999998	-0.012836400000000001	-0.013128399999999998	-0.014571800000000001	-0.0169226	-0.015116600000000003	-0.0131962	-0.010159999999999999	-0.0070646	-0.012362	-0.10197280000000002	-0.11194820000000001	-0.032102	-5.599999999999997e-05	-0.0085552	-0.0065574	-0.022514399999999997	-0.005980999999999999	-0.0158598	-0.0634374	-0.1293574	-0.1928124
network_k_10	50	0.0195296	-0.0112654	-0.009973600000000001	-0.0075576	-0.0074708	-0.0056138	-0.0019592000000000004	-0.008452200000000002	-0.0111462	-0.0103642	-0.0054474	0.0008	-0.00011719999999999995	-0.0088326	0.0007696000000000002	-0.010662600000000001	-0.0525188	-0.16508620000000002	-0.1389908	-0.0054992	-0.002732	-0.0062486	-0.015560599999999999	-0.0063592	-0.0059332	-0.0814128	-0.16885180000000002	-0.1855562
network_k_10	60	0.023258400000000002	-0.0011741999999999998	-0.0027312000000000005	0.0030416	-0.00013200000000000053	-0.0036563999999999998	-0.0032602000000000004	0.0091332	0.0084794	-3.1199999999999634e-05	-0.007549	0.0031060000000000007	0.0068822	0.006259000000000001	0.0036580000000000002	-0.00031459999999999995	-0.1395494	-0.097056	-0.12508619999999998	-0.0037925999999999993	0.0086998	0.0088496	-0.0144952	-0.005466	0.0058694	-0.1324136	-0.1465998	-0.1791758
network_k_10	70	0.031667	0.011381400000000002	0.0073344	0.006118	0.006632799999999999	0.010095799999999999	0.014225400000000003	0.0159518	0.0092554	0.011568400000000001	0.007269200000000001	0.013512199999999999	0.0191308	0.0135998	0.012144400000000001	0.012936599999999998	-0.17763	-0.1558342	-0.1783408	0.012909799999999999	0.012950800000000002	0.019032600000000004	-0.018183599999999998	0.0077946000000000005	0.007657799999999999	-0.13298159999999998	-0.1719376	-0.17595299999999997
network_k_10	80	0.028634	0.020482800000000002	0.019230000000000004	0.022076199999999997	0.019651599999999998	0.021556399999999996	0.021351199999999997	0.0200934	0.0194512	0.022196200000000003	0.017714599999999997	0.02116	0.020608	0.0273218	0.0241808	0.02284	-0.1757412	-0.17495380000000002	-0.1759346	0.0142698	0.013369599999999999	0.0114744	-0.007216199999999999	0.007265999999999999	0.0098884	-0.1579284	-0.18245920000000002	-0.16099799999999997
network_k_10	90	0.02803	0.029343800000000003	0.026331	0.030043399999999998	0.0305118	0.026738399999999996	0.0219514	0.026441799999999998	0.031018	0.0207102	0.025826599999999998	0.0185546	0.025228399999999995	0.0280992	0.031295	0.030180600000000002	-0.1692186	-0.14994999999999997	-0.1532288	0.0073127999999999995	0.016560599999999998	0.014228399999999999	-0.016051	0.007455399999999999	0.012608	-0.1542858	-0.1684844	-0.1541312
network_k_10	100	0.0142988	0.015481600000000002	0.0171884	0.0095418	0.017640799999999998	0.0186998	0.017171	0.012731000000000001	0.0237424	0.027717400000000003	0.019803400000000002	0.023230000000000004	0.0201188	0.0205918	0.014347000000000002	0.0277648	-0.1679242	-0.1634418	-0.1578622	0.0061462	0.013355	0.008977200000000001	-0.016089399999999997	0.008793200000000001	-0.0041123999999999996	-0.1744044	-0.17923	-0.1552154

network_k_25	cluster_num	spectral_clustering	node2vec_64d	node2vec_64d_p1_q2	node2vec_64d_p1_q0.5	node2vec_64d_p2_q1	node2vec_64d_p0.5_q1	node2vec_128d	node2vec_128d_p1_q2	node2vec_128d_p1_q0.5	node2vec_128d_p2_q1	node2vec_128d_p0.5_q1	node2vec_256d	node2vec_256d_p1_q2	node2vec_256d_p1_q0.5	node2vec_256d_p2_q1	node2vec_256d_p0.5_q1	DeepWalk_64d	DeepWalk_128d	DeepWalk_256d	GAE_64d	GAE_128d	GAE_256d	VGAE_64d	VGAE_128d	VGAE_256d	Graphsage_64d	Graphsage_128d	Graphsage_256d
network_k_25	10	0.013959599999999999	-0.0185446	-0.0004482000000000003	-0.005671999999999999	-0.005605799999999999	-0.0081912	-0.005739	-0.0175118	-0.011937599999999998	-0.0015528	-0.013625199999999999	0.0003755999999999999	0.005206199999999999	0.012791799999999997	0.0158856	-0.006890599999999999	-0.029714399999999995	-0.0207134	-0.03958299999999999	0.0010207999999999994	0.013153799999999998	-0.0393496	-0.029635999999999996	-0.0019052	-0.010836	-0.0689578	-0.08775340000000001	-0.09979220000000001
network_k_25	20	0.0335356	-0.001731	0.008352599999999998	0.0179026	0.007344400000000001	0.0086202	0.011972600000000002	0.0216632	0.0271752	0.015264	0.012786999999999998	0.0180808	0.0126058	0.016149	0.014901600000000001	0.0123608	-0.0530722	-0.0515056	-0.041999999999999996	0.0122278	0.026351999999999997	-0.0554546	-0.0224802	0.0021516	-0.0019768	-0.1073696	-0.14480239999999997	-0.2059036
network_k_25	30	0.04091499999999999	0.0255844	0.03099140000000001	0.037556400000000004	0.037550599999999996	0.032402	0.033728999999999995	0.03228740000000001	0.034933599999999995	0.030158	0.029371199999999997	0.028560000000000002	0.0320002	0.028806	0.027965	0.039290599999999995	-0.0634872	-0.071689	-0.070138	0.0140588	0.0110296	-0.0777814	-0.027151799999999997	0.022547000000000005	0.0210258	-0.1657726	-0.1593794	-0.2136564
network_k_25	40	0.027519400000000006	0.024769199999999998	0.026751999999999998	0.0265548	0.0258682	0.025991400000000005	0.022054800000000003	0.026238	0.0263966	0.026472600000000002	0.0258638	0.023189	0.0214712	0.0262456	0.026364	0.027411	-0.09085039999999998	-0.086065	-0.09496000000000002	-0.0009096000000000003	-0.0194918	-0.09583879999999999	-0.051217200000000004	-0.015438400000000001	-0.012759199999999998	-0.20817199999999997	-0.2305758	-0.20564339999999998
network_k_25	50	0.0117742	0.007542200000000001	0.0028052	0.0036888000000000003	-0.010422200000000003	0.0034804000000000002	0.0082634	0.0090814	0.0079168	0.0025450000000000004	0.0086292	0.0095324	0.0090128	0.0020054	0.0084162	0.006595799999999999	-0.1239076	-0.100392	-0.1319018	-0.018004600000000003	-0.028350399999999998	-0.1216826	-0.0583754	-0.025861599999999995	-0.0490722	-0.17433099999999999	-0.19987380000000002	-0.197295
network_k_25	60	-0.0089944	-0.026407400000000004	-0.0138018	-0.0131278	-0.0231468	-0.011472	-0.0107646	-0.006451	-0.010090199999999999	-0.005477599999999999	-0.0028698	-0.00821	-0.0119486	-0.0081286	-0.005777	-0.0025700000000000002	-0.10883000000000001	-0.1182576	-0.10507119999999999	-0.0406694	-0.0462702	-0.12002540000000002	-0.07607900000000001	-0.058794400000000004	-0.05176879999999999	-0.18859399999999998	-0.2009412	-0.1813628
network_k_25	70	-0.024642	-0.028116000000000002	-0.0371284	-0.036918999999999993	-0.030277599999999998	-0.031320799999999996	-0.0212494	-0.032601399999999996	-0.034813	-0.015791000000000003	-0.015351799999999999	-0.0240938	-0.0158994	-0.030232000000000002	-0.0213886	-0.028196	-0.1214818	-0.1171904	-0.11686540000000001	-0.0648754	-0.0584012	-0.13884059999999998	-0.07749919999999999	-0.06637459999999999	-0.0579558	-0.1675788	-0.18732120000000002	-0.1906776
network_k_25	80	-0.0454494	-0.05058739999999999	-0.045749000000000005	-0.0398872	-0.0595592	-0.031506400000000004	-0.038	-0.030998400000000002	-0.0398274	-0.045344800000000005	-0.0343202	-0.0269254	-0.028853800000000002	-0.0364448	-0.0383204	-0.0372194	-0.17266120000000001	-0.1630466	-0.13285339999999998	-0.068475	-0.062289800000000006	-0.136842	-0.0842126	-0.067639	-0.067333	-0.1897656	-0.21120619999999998	-0.2129512
network_k_25	90	-0.0493976	-0.0605208	-0.0544744	-0.06146480000000001	-0.055202400000000006	-0.0460242	-0.05478580000000001	-0.05224140000000001	-0.0491054	-0.0473008	-0.044285399999999996	-0.0397296	-0.031957599999999996	-0.045967799999999996	-0.043838	-0.035378200000000005	-0.1525358	-0.17699	-0.1714712	-0.06624100000000001	-0.08052300000000001	-0.14916899999999997	-0.09112400000000001	-0.07518119999999999	-0.0759036	-0.1812898	-0.1883474	-0.2007362
network_k_25	100	-0.055691000000000004	-0.0585882	-0.06063799999999999	-0.0607318	-0.0691818	-0.0653998	-0.046538	-0.048424999999999996	-0.06351100000000001	-0.06179939999999999	-0.055237400000000006	-0.050478	-0.0500178	-0.054117799999999994	-0.0477536	-0.059508000000000005	-0.225671	-0.1937582	-0.1827142	-0.0771028	-0.0825218	-0.1458118	-0.08962640000000001	-0.0834946	-0.0762848	-0.17810640000000003	-0.1936774	-0.196935

network_k_50	cluster_num	spectral_clustering	node2vec_64d	node2vec_64d_p1_q2	node2vec_64d_p1_q0.5	node2vec_64d_p2_q1	node2vec_64d_p0.5_q1	node2vec_128d	node2vec_128d_p1_q2	node2vec_128d_p1_q0.5	node2vec_128d_p2_q1	node2vec_128d_p0.5_q1	node2vec_256d	node2vec_256d_p1_q2	node2vec_256d_p1_q0.5	node2vec_256d_p2_q1	node2vec_256d_p0.5_q1	DeepWalk_64d	DeepWalk_128d	DeepWalk_256d	GAE_64d	GAE_128d	GAE_256d	VGAE_64d	VGAE_128d	VGAE_256d	Graphsage_64d	Graphsage_128d	Graphsage_256d
network_k_50	10	0.06779579999999999	0.0630448	0.055378600000000014	0.05993040000000001	0.061686599999999994	0.058078399999999995	0.0594056	0.0588754	0.062253600000000006	0.058224	0.058044399999999996	0.0566636	0.063515	0.053801999999999996	0.058612399999999995	0.06004879999999999	-0.0275078	-0.0327866	-0.0289022	0.086592	0.09513560000000001	0.0982146	-0.0141842	0.05742119999999999	0.05836100000000001	-0.041791800000000004	-0.0480298	-0.0152056
network_k_50	20	0.08947659999999999	0.0887858	0.089412	0.08943459999999999	0.0892312	0.08925240000000001	0.0895302	0.0896544	0.0890896	0.08912879999999998	0.0883842	0.08753219999999999	0.0884976	0.08881460000000001	0.088757	0.089731	-0.0710252	-0.060411599999999996	-0.0602426	0.0707618	0.0532478	0.0590516	-0.0341468	0.0174888	0.047664200000000004	-0.189889	-0.1939854	-0.1638656
network_k_50	30	0.042504400000000005	0.03265440000000001	0.0373764	0.0323164	0.0337984	0.03644959999999999	0.0371918	0.0377668	0.0328008	0.035907	0.0334278	0.030031600000000002	0.0398048	0.033828000000000004	0.0372342	0.0390224	-0.08112040000000001	-0.07812440000000001	-0.0814926	0.003755	0.00509	0.0101298	-0.04607499999999999	-0.013359000000000001	0.0022195999999999995	-0.21900519999999996	-0.218536	-0.2533664
network_k_50	40	0.015753800000000002	0.0080064	0.010258199999999999	0.0020188	0.0076586	0.0065228	0.008015	0.013937399999999999	0.009543399999999999	0.008901	0.010478200000000002	0.0082062	0.0122612	0.0043632	0.0102302	0.010614599999999998	-0.092876	-0.1025922	-0.10149040000000001	-0.016080999999999998	-0.017339399999999998	-0.007832599999999999	-0.049468	-0.0336884	-0.016348599999999998	-0.2070048	-0.2257994	-0.2371782
network_k_50	50	0.005203000000000001	-0.0083178	-0.002792	-0.0100196	-0.009389400000000001	-0.0051876	-0.00435	-0.0023348	-0.008916199999999999	-0.0071658	-0.0022046	-0.0052422	-0.002391	-0.012666	-0.0062656000000000005	-0.0070564	-0.11759420000000001	-0.1153632	-0.1220682	-0.0256504	-0.0297278	-0.03134	-0.05674320000000001	-0.0433458	-0.031470399999999996	-0.20681979999999997	-0.2429754	-0.21786920000000004
network_k_50	60	-0.0055458	-0.0173512	-0.018515999999999998	-0.018271799999999998	-0.01629	-0.0182664	-0.0144706	-0.0129948	-0.019974	-0.0189434	-0.0158254	-0.0190024	-0.0115286	-0.019937	-0.0148366	-0.0161302	-0.15787299999999999	-0.13179559999999998	-0.1292426	-0.0365028	-0.0358182	-0.0338434	-0.06324160000000001	-0.050417199999999995	-0.0373044	-0.21662759999999998	-0.224555	-0.22880060000000002
network_k_50	70	-0.0108104	-0.024668000000000002	-0.0245708	-0.026907999999999998	-0.0258712	-0.022577200000000002	-0.0197602	-0.019617000000000002	-0.023980800000000004	-0.0253992	-0.0200488	-0.020583799999999996	-0.019	-0.0257978	-0.0226326	-0.022771	-0.1668728	-0.17592760000000002	-0.1611192	-0.042603600000000005	-0.047180799999999995	-0.047114600000000006	-0.0702234	-0.0584912	-0.048743800000000004	-0.19775700000000002	-0.21939580000000003	-0.2269002
network_k_50	80	-0.017744999999999997	-0.030934800000000002	-0.027999200000000002	-0.032136	-0.031297	-0.0297764	-0.029570799999999998	-0.0277958	-0.0293854	-0.0303678	-0.028316599999999997	-0.027413	-0.0247516	-0.0315156	-0.029521000000000002	-0.025458599999999998	-0.19707860000000002	-0.1890354	-0.2345262	-0.046867400000000004	-0.04753	-0.0517924	-0.07563280000000001	-0.0631506	-0.0549216	-0.206067	-0.22306980000000004	-0.22855240000000002
network_k_50	90	-0.026063000000000003	-0.0362142	-0.030826799999999998	-0.034004599999999996	-0.035865	-0.0332522	-0.033569	-0.033731	-0.0378648	-0.032897600000000006	-0.03183660000000001	-0.0370242	-0.027703599999999995	-0.03549100000000001	-0.0337748	-0.032541799999999996	-0.280658	-0.1824286	-0.22759300000000002	-0.052703	-0.053022799999999995	-0.05782940000000001	-0.0777596	-0.0678172	-0.06063700000000001	-0.20571200000000003	-0.2345816	-0.2118506
network_k_50	100	-0.033513	-0.0391532	-0.0359862	-0.0423402	-0.041312999999999996	-0.0392136	-0.0354612	-0.036546800000000004	-0.03827200000000001	-0.040871000000000005	-0.039672200000000005	-0.038235599999999995	-0.0319464	-0.0385728	-0.038387199999999996	-0.0361154	-0.22713260000000002	-0.2800942	-0.2590804	-0.0580982	-0.058852	-0.0610276	-0.0832782	-0.06972	-0.0638896	-0.2040078	-0.2120288	-0.2244474

network_k_100	cluster_num	spectral_clustering	node2vec_64d	node2vec_64d_p1_q2	node2vec_64d_p1_q0.5	node2vec_64d_p2_q1	node2vec_64d_p0.5_q1	node2vec_128d	node2vec_128d_p1_q2	node2vec_128d_p1_q0.5	node2vec_128d_p2_q1	node2vec_128d_p0.5_q1	node2vec_256d	node2vec_256d_p1_q2	node2vec_256d_p1_q0.5	node2vec_256d_p2_q1	node2vec_256d_p0.5_q1	DeepWalk_64d	DeepWalk_128d	DeepWalk_256d	GAE_64d	GAE_128d	GAE_256d	VGAE_64d	VGAE_128d	VGAE_256d	Graphsage_64d	Graphsage_128d	Graphsage_256d
network_k_100	10	0.0877976	0.08789359999999999	0.086609	0.08884800000000001	0.08844679999999999	0.08877779999999999	0.087542	0.087474	0.08730679999999999	0.0871184	0.088811	0.0881392	0.0886226	0.087821	0.08858279999999999	0.08834020000000001	-0.0207682	-0.0231956	-0.0199482	0.08849939999999999	0.08871319999999999	0.08652099999999999	-0.016734	0.0210594	0.057687	-0.13946540000000002	-0.0905984	-0.1301736
network_k_100	20	0.013642399999999999	0.005634600000000001	0.009391	0.0085498	0.0075962	0.0053834	0.010218399999999999	0.0093366	0.0073922	0.0037016	0.0104854	0.007684800000000001	0.010176000000000001	0.00504	0.0089178	0.006712600000000001	-0.06887299999999999	-0.0525076	-0.0574816	0.0028506	0.0032196000000000004	0.0036772	-0.024822	-0.006149	-0.0021492	-0.1858046	-0.22561119999999998	-0.2222888
network_k_100	30	0.0032465999999999997	-0.0068702	-0.0054046	-0.007604999999999999	-0.0068372	-0.0059876	-0.0058606000000000005	-0.0059386000000000005	-0.0062564	-0.006814400000000001	-0.0050907999999999995	-0.004645	-0.0038154	-0.007041799999999999	-0.0055728	-0.0045628000000000005	-0.1002708	-0.10298320000000001	-0.0966986	-0.014397000000000002	-0.012467	-0.013896799999999997	-0.0362774	-0.027907599999999998	-0.025819	-0.22557580000000002	-0.21437779999999998	-0.24355220000000002
network_k_100	40	-0.0027134	-0.0113402	-0.0117964	-0.011834	-0.011227999999999998	-0.0113954	-0.0101882	-0.009148600000000002	-0.0121846	-0.010688800000000002	-0.0108718	-0.0104624	-0.010426399999999999	-0.0096578	-0.0105362	-0.0110228	-0.1228506	-0.1168254	-0.11815579999999999	-0.0229984	-0.0234404	-0.022573199999999998	-0.0425652	-0.038968	-0.038195	-0.2137556	-0.2079264	-0.2529362
network_k_100	50	-0.008021	-0.0144024	-0.014862999999999998	-0.0155092	-0.015940600000000003	-0.0152016	-0.014520799999999997	-0.013932	-0.015883	-0.014698999999999999	-0.0141408	-0.0156136	-0.0142318	-0.014296600000000001	-0.0147124	-0.013594600000000002	-0.12857880000000002	-0.12704100000000002	-0.12919560000000002	-0.029081000000000003	-0.029354800000000004	-0.029883000000000003	-0.0507584	-0.044584	-0.0441362	-0.2054392	-0.21070659999999997	-0.24467220000000003
network_k_100	60	-0.0120736	-0.017406800000000004	-0.018000600000000002	-0.018068800000000003	-0.018739799999999997	-0.017898000000000004	-0.0199904	-0.017034	-0.018817399999999998	-0.0184924	-0.0185412	-0.017890399999999997	-0.0170484	-0.0197598	-0.0179558	-0.016752999999999997	-0.1864824	-0.16341540000000002	-0.18084499999999998	-0.034183	-0.0325988	-0.033705	-0.056741200000000006	-0.0487118	-0.0467328	-0.2066888	-0.20158940000000003	-0.233337
network_k_100	70	-0.018489600000000002	-0.020834000000000002	-0.0217138	-0.022333	-0.0206564	-0.021006399999999998	-0.0209812	-0.0205154	-0.0213464	-0.020645999999999998	-0.020305399999999998	-0.022554200000000003	-0.019787799999999998	-0.0202754	-0.0210258	-0.0193688	-0.1826672	-0.2279074	-0.22006360000000003	-0.0370664	-0.035687	-0.03737359999999999	-0.059289999999999995	-0.052293400000000004	-0.04964639999999999	-0.2120184	-0.212689	-0.2427476
network_k_100	80	-0.0274216	-0.023237400000000002	-0.023890799999999997	-0.023837199999999996	-0.0223684	-0.0236356	-0.0233474	-0.021837000000000002	-0.0265938	-0.0236568	-0.022409000000000002	-0.023112	-0.022794000000000002	-0.024215599999999997	-0.0228668	-0.023001200000000003	-0.22111200000000003	-0.2479844	-0.2173114	-0.0396884	-0.040759000000000004	-0.0415842	-0.0613024	-0.0544142	-0.0524806	-0.21383380000000002	-0.21115180000000003	-0.2395416
network_k_100	90	-0.036016000000000006	-0.0269226	-0.0251938	-0.027815799999999995	-0.027067599999999997	-0.0254458	-0.028272200000000004	-0.0242394	-0.0274312	-0.025701800000000004	-0.0267852	-0.027717000000000002	-0.024577599999999998	-0.0285368	-0.025606399999999994	-0.024725000000000004	-0.19938479999999997	-0.2472152	-0.248591	-0.042837400000000005	-0.043882	-0.042020600000000005	-0.06337659999999999	-0.0542832	-0.053814799999999996	-0.20614059999999998	-0.2160822	-0.2400252
network_k_100	100	-0.044204999999999994	-0.0294408	-0.027447199999999998	-0.0309782	-0.0288912	-0.029503800000000004	-0.0297918	-0.0275886	-0.030226799999999998	-0.029085800000000002	-0.029037600000000004	-0.027571399999999996	-0.026061999999999995	-0.028936800000000002	-0.030537600000000005	-0.028155399999999997	-0.2652608	-0.2713032	-0.24873440000000002	-0.046089599999999994	-0.0475548	-0.0467572	-0.0691552	-0.05696880000000001	-0.055777600000000004	-0.21660019999999996	-0.207781	-0.2350836

